0.834955262488419 0.19538885759481434
0.3641318871309396 -1.3308868291244316
-1.2120174449052092 -1.210432109895324
-0.7275218633770014 -1.132961633815645
-0.9797332012003928 -1.0438454350959194
-1.918074645433208 -0.21778790832455608
-0.9058000699562508 -0.8958721712262175
-1.1329855312748887 -0.5435615477811119
-1.1634037238111627 -0.46997980194948247
-1.3766243790563955 0.2768324733458977
-0.3787658867723842 -0.8739248798757864
-0.7746600019848903 0.33758906669790456
-0.509517282351275 -0.45287388535246254
