0.8708457812745498 0.5165123606169779
-0.28105459770423513 0.48205555893446417
-2.1682392604124963 -0.7150558748403046
-0.1465397249904885 -0.13310932887620347
0.46260261076043613 0.28372953145077884
-0.025080955822112613 -0.0636659683826665
0.6139993595707997 0.09147073874799391
1.1021282378800514 0.42920537397354513
0.9882239885952417 0.21504948972239868
1.7240479464493481 0.41018901842469463
2.1494757982089334 0.5534079140449303
1.2390018178708904 0.5057146826871228
1.4075525217281766 0.5030409109501778
