1.6472000895124597 0.6558265072081567
0.36840611307031784 -1.4837692212135447
-1.5165274306573673 -0.2725036648669211
-0.9882168842460526 -0.6975342028077219
-1.2586748255331484 -0.5217150949405798
-1.3084653264782158 -0.5066145820392666
-2.6849906909533936 -0.2788545893515898
-0.8554343796603341 -1.251665660597575
-1.2567853337368502 -1.2211251681446962
-2.268558174328761 -1.301374745379818
-0.5929968436747167 -1.6676411492406555
-0.698422618992829 -1.59436608515665
-0.7524661905348229 -1.5822251047209364
