1.0735142684114112 -0.5478533858083495
0.2627785717564383 1.3779150484438647
0.18611536219553665 0.44021215262232266
0.6710121153374298 -0.07518592652672236
0.6347334827690226 -0.05816556190090214
0.8011461635359776 -0.36519687828899344
0.19701186664011988 -1.7284475929363912
0.5596234466861724 -0.4297175112980149
0.2358380650993018 -0.01130343168663121
0.16554851278353463 -0.651145088282038
0.2910021648922049 -0.5480054458300466
0.1572095658718293 -1.28676995770951
0.20635510684512462 -0.774714010727489
