-1.8823533383557984 0.42813729571816667
0.5113454431278616 -0.42903415022803926
0.1829693581118321 1.6962980410067192
0.006669372638812729 0.04767820129337868
-1.4493066661544154 1.9813441888580225
-0.218281517025571 -0.09240963499568633
-1.68299014197574 0.5626457317713582
-1.1324054148077138 0.9070290669684902
-1.8689968275190474 0.7032455774556658
-1.2516814701271104 1.4491468728707257
-1.9158581713434535 1.2275996405743548
-1.728254837670926 1.805623640842628
-1.775971445737852 2.150448289695267
-1.8833863406272477 1.5926451379588062
