0.5155512633576247 0.31704207289439945
-1.641239165897756 -1.1323914712727583
-1.0772735297679337 -0.010089921356200519
-0.9397846984362387 0.2618932217179848
0.6825862422922279 1.8732726073909824
-0.12704002009585622 0.5118591230079449
-0.2729736003312867 0.12418283300711383
1.1924067788935804 1.4806081978672776
0.3403872121744849 0.970123711298146
1.3343254983170452 2.002817459562907
0.47937052010191517 1.524124220276196
0.6028233683547718 1.7095727009645143
0.8207420522822965 1.8844629814386202
1.0368554035988429 2.0335485780653335
