-0.5750633566065346 -1.1292896199746876
-0.11521088816259599 -1.569195142193999
-1.2126284778660683 -1.9614844336675694
-2.217252961724854 -1.7614373378055113
-0.5181191386576541 -1.6104192766193217
-1.8442415365518452 -0.18312592306515252
-0.746865617248344 -1.589102302434682
-1.4888959645138309 -1.1951901762619872
-1.8699504711050876 -1.3517119417168457
-1.579224860982033 -1.4702661481723815
-1.8288284746701242 -1.4121542377274254
-1.905415463724989 -1.4369644856853474
-1.514022779641233 -1.5647236331483054
-2.235012808148911 -1.5896660109301977
