0.46222982806763524 -2.061880989172669
0.06482572427458531 -0.9090118881229937
0.33372653645353645 -0.15046491269141432
0.9648784785611109 0.9368764695211648
1.7750536101704415 1.6581476927758634
0.4807573538633237 -1.0319361196684502
0.5750026669985178 -0.8562325096634806
1.468093234093657 0.26026516810975564
1.2347598306070025 -0.5826906155140316
1.258711788226111 -1.6380216174532864
1.6448664333115166 0.04595306779338695
2.5152776368416077 1.4661101478113963
1.934114486360445 -0.7728985331962057
1.9410286704057647 -0.27347125830436764
