-0.2077385038625834 0.21006163207707992
0.9556624306911845 -0.46938735420416605
-0.3851203277480741 -0.8212493003887564
0.011616012227062097 -0.6565744216757987
-0.3418208319337316 -0.565740875412273
0.2807226982309309 -0.34883917605745557
-0.78384642729575 0.25438244714480734
0.05670712670083005 -0.4172263462671518
-0.9988315483902575 -0.12327171762094379
-0.7242208255781875 0.00356788833296534
-0.6559952583546447 0.11717750605857158
-1.624772553875523 0.10606206707418507
-1.0290929698846627 0.11944777047204926
-1.344404659469204 0.3170485522461907
