0.5229799146683396 -0.05561491790767102
2.1260343101677712 -1.0392218581006047
-1.8173652354480385 -0.4045191317124262
1.1785872405431281 -0.9611490177714
-0.5495235799824576 -1.0814099603611538
-0.8557681703905178 -0.7619675463939526
-1.3378696963994603 -0.7398963414689965
-2.297937496317676 -0.5973183336713339
-1.1222602562225392 -0.6041553933568278
-1.3181079768039845 -0.5569670810078833
-1.7305746924487118 -0.5964005260547224
-2.3621427589008093 -0.44897432474402055
-1.840079248597639 -0.5407454615277287
-2.392908290971491 -0.31808879818316077
-1.5825212832034197 -0.5048409751064736
