1.4574059411782463 -0.2010843244264743
0.8213159159502584 -0.516405505505082
-0.6539755084544182 0.03680243588191661
-0.8168912112521968 0.8082124221461434
0.21639809677456284 0.4623168940954534
-0.5959931808235281 1.4758459526989054
0.3649832362121825 0.5382437451861954
0.09684522404770145 1.1571828835167102
0.19658541274787475 1.0609459978477285
-0.34839854499814027 2.3766148582128928
2.105526683282788 0.5860290094934303
0.6587548827865893 0.9915072635077844
0.8658374954673819 0.8851969586561234
1.0827969021713275 0.40022075722013956
0.7900074725852682 0.6657354815516674
