1.1394110289130868 1.2791227651298847
0.4173094167320662 1.7505928886699438
1.2355428743893548 0.2971047421142278
1.0250541463517795 -0.21327118991539684
0.42985010454337347 -0.4272604825151673
0.16901634525213108 -1.348963367813274
-0.11987816096312716 -0.8259298970883997
-0.25458509057842627 -0.7842126542121006
-1.247090283157219 -1.591362137869507
-1.2800477117210314 -1.853853713303035
-0.3548671036820408 -0.9540847156941148
-0.3057646159372199 -1.3525504162709294
-1.3064091106413633 -2.2009493259928816
-1.3090323252969223 -2.5072982544744526
-0.32532822790173294 -1.8170113378527737
