-0.9704996534512254 0.3164657493285884
-0.14107486637215907 0.8793610387154471
-0.24520286423316862 1.7857730583027736
-0.37924471462608716 1.2245581487322887
-1.7043368010119864 2.8177840861390973
-0.9018305986966635 0.682311664220593
-1.2232253728040783 0.9571323488189593
-0.8986356111994944 0.6240499603979205
-1.5585228508348146 0.8937551687738043
-2.6725519995273888 0.08941990526625601
-1.1611457867220942 0.5805379303171969
-1.7064823242876865 0.24297826745606457
-1.0678287808097127 0.540432198256575
-1.6891045224336254 -0.15281552017280137
-1.4781616122506014 0.09722795568685007
-1.4697456903058306 0.2639964406729369
