-0.13058144859716556 -0.12283751713584534
1.1278771683119355 -1.079966017792791
2.316510914354197 -0.818571532557008
0.3206939594082514 -0.2175825793044077
1.7298503673192835 0.527490747951067
0.36307030895096293 0.5489583486443478
0.24020445901135998 0.5791921193793327
0.016371670838500055 0.9570295950988141
0.1989156071627592 0.8156135649098744
1.6522850991505842 0.6751059742876822
0.02679261532225764 1.430270559617209
1.0895085252633923 1.0553331976527751
0.3060551843175253 1.66912432404649
0.6807011099305513 1.808899073653183
0.38253844318783636 1.8992422348454658
0.6966456201468366 2.1089493365332643
