-0.8362164135566302 -0.5093602591832009
0.4331375128549205 0.5998436141234792
1.1197464719483792 0.05501435089990241
1.1224769853248746 -0.7871213238861665
0.43495570914769227 -1.6847848039247244
0.35542292836869305 -0.40223137703880574
-1.1008132227049061 -1.4188581597804975
-0.6785546823502312 -1.4502014946045
-0.19722831398176363 -1.4923831966858612
-0.25207448459204446 -1.5324245439504491
-0.6605692476365829 -1.9437063828959111
0.10204659406869389 -1.7231106650092023
-0.3399329826726632 -2.1183784160684813
0.1777164243352745 -1.839816202315501
0.0459078129827902 -1.831479436634606
0.18555591259936036 -1.7129698162099947
