8.538049925516849603e-02 5.780516423466265374e-01
9.247284187277024503e-02 5.647267810037960301e-01
9.912872878785081165e-02 5.517765237000631373e-01
1.053555605184371274e-01 5.391947200521584049e-01
1.111607375825562072e-01 5.269752196768135999e-01
1.165516604982349547e-01 5.151118721907590459e-01
1.215357297835004541e-01 5.035985272107270649e-01
1.261203459563796370e-01 4.924290343534479808e-01
1.303129095348994626e-01 4.815972432356535049e-01
1.341208210370868903e-01 4.710970034740745160e-01
1.375514809809690320e-01 4.609221646854425036e-01
1.406122898845726943e-01 4.510665764864882910e-01
1.433106482659250447e-01 4.415240884939435340e-01
1.456539566430528898e-01 4.322885503245392225e-01
1.476496155339833138e-01 4.233538115950061242e-01
1.493050254567432344e-01 4.147137219220762283e-01
1.506275869293596803e-01 4.063621309224801359e-01
1.516247004698596523e-01 3.982928882129493364e-01
1.523037665962699849e-01 3.904998434102147087e-01
1.526721858266178733e-01 3.829768461310079086e-01
1.527373586789301241e-01 3.757177459920596485e-01
1.525066856712337382e-01 3.687163926101015843e-01
1.519875673215557998e-01 3.619666356018645947e-01
1.511874041479232822e-01 3.554623245840800583e-01
1.501135966683630196e-01 3.491973091734790202e-01
1.487735454009021241e-01 3.431654389867928590e-01
1.471746508635675688e-01 3.373605636407525643e-01
1.453243135743862990e-01 3.317765327520895147e-01
1.432299340513852604e-01 3.264071959375346998e-01
1.408989128125914814e-01 3.212464028138196648e-01
1.383386503760319353e-01 3.162880029976752327e-01
1.355565472597336230e-01 3.115258461058328376e-01
1.325600039817234899e-01 3.069537817550235248e-01
1.293564210600285092e-01 3.025656595619785616e-01
1.259531990126756817e-01 2.983553291434291599e-01
1.223577383576920502e-01 2.943166401161065870e-01
1.185774396131045183e-01 2.904434420967419994e-01
1.146197032969400315e-01 2.867295847020663868e-01
1.104919299272256600e-01 2.831689175488111831e-01
1.062015200219882799e-01 2.797552902537075448e-01
1.017558740992550032e-01 2.764825524334866280e-01
9.716239267705269189e-02 2.733445537048795893e-01
9.242847627340843031e-02 2.703351436846178624e-01
8.756152540634913606e-02 2.674481719894322707e-01
8.256894059390178231e-02 2.646774882360542480e-01
7.745812235409335611e-02 2.620169420412149508e-01
7.223647120495084450e-02 2.594603830216456464e-01
6.691138766450119291e-02 2.570016607940773246e-01
6.149027225077149245e-02 2.546346249752414193e-01
5.598052548178861221e-02 2.523531251818689203e-01
5.038954787557956699e-02 2.501510110306912615e-01
4.472473995017135079e-02 2.480221321384393496e-01
3.899350222359094370e-02 2.459603381218447293e-01
3.320323521386529808e-02 2.439594785976382518e-01
2.736133943902138710e-02 2.420134031825513510e-01
2.147521541708626719e-02 2.401159614933151276e-01
1.555226366608684734e-02 2.382610031466607659e-01
9.599884704050083359e-03 2.364423777593195053e-01
3.625479049003100650e-03 2.346539349480225578e-01
-2.363552781027255124e-03 2.328895243295011352e-01
-8.359810268014026408e-03 2.311429955204863107e-01
-1.435589289393011253e-02 2.294081981377094070e-01
-2.034440014074866826e-02 2.276789817979015529e-01
-2.631793149044254349e-02 2.259491961177940433e-01
-3.226908642498496627e-02 2.242126907141179792e-01
-3.819046442634876914e-02 2.224633152036044892e-01
-4.407466497650712467e-02 2.206949192029850071e-01
-4.991428755743288620e-02 2.189013523289904950e-01
-5.570193165109921934e-02 2.170764641983522480e-01
-6.143019673947903991e-02 2.152141044278014781e-01
-6.709168230454548576e-02 2.133081226340693692e-01
-7.267898782827136861e-02 2.113523684338871611e-01
-7.818471279262993734e-02 2.093406914439858990e-01
-8.360145667959413551e-02 2.072669412810969614e-01
-8.892181897113690670e-02 2.051249675619514212e-01
-9.413839914923143037e-02 2.029086199032806015e-01
-9.924379669585056685e-02 2.006117479218155197e-01
-1.042306110929674401e-01 1.982282012342875821e-01
-1.090914418225549798e-01 1.957518294574277784e-01
-1.138188883665862267e-01 1.931764822079674593e-01
-1.184055502070342492e-01 1.904960091026376978e-01
-1.228440268258721157e-01 1.877042597581699002e-01
-1.271269177050727006e-01 1.847950837912950006e-01
-1.312468223266090861e-01 1.817623308187444053e-01
-1.351963401724542990e-01 1.785998504572491596e-01
-1.389680707245813940e-01 1.753014923235405864e-01
-1.425546134649633423e-01 1.718611060343498143e-01
-1.459485678755731708e-01 1.682725412064079995e-01
-1.491425334383839063e-01 1.645296474564464373e-01
-1.521291096353686034e-01 1.606262744011962840e-01
-1.549008959485002335e-01 1.565562716573887514e-01
-1.574504918597518788e-01 1.523134888417550237e-01
-1.597704968510964274e-01 1.478917755710262572e-01
-1.618535104045070172e-01 1.432849814619336914e-01
-1.636921320019567028e-01 1.384869561312085384e-01
-1.652789611254183166e-01 1.334915491955818989e-01
-1.666065972568650244e-01 1.282926102717851791e-01
-1.676676398782698529e-01 1.228839889765493826e-01
-1.684546884716057735e-01 1.172595349266057629e-01
-1.689603425188458408e-01 1.114130977386854904e-01
-1.691772015019630537e-01 1.053385270295198600e-01
-1.690978649029303560e-01 9.902967241583990332e-02
-1.687149322037209132e-01 9.248038351437701254e-02
-1.680210028863076688e-01 8.568450994186226077e-02
-1.670086764326636775e-01 7.863590131502688763e-02
-1.656705523247618272e-01 7.132840725060199394e-02
-1.639992300445753115e-01 6.375587736531894423e-02
-1.619873090740770738e-01 5.591216127590886015e-02
-1.596273888952401132e-01 4.779110859910285641e-02
-1.569120689900374843e-01 3.938656895163226285e-02
-1.538339488404422140e-01 3.069239195022822886e-02
-1.503856279284272734e-01 2.170242721162193161e-02
-1.465597057359657451e-01 1.241052435254455868e-02
-1.423487817450306003e-01 2.810532989727351424e-03
-1.377454554375948936e-01 -7.103697260098519074e-03
-1.327423262956315964e-01 -1.733831678020187131e-02
-1.273319938011138741e-01 -2.789947595385128612e-02
-1.215070574360145733e-01 -3.879332516431593242e-02
-1.152601166823067069e-01 -5.002601479486445263e-02
-1.085837710219633850e-01 -6.160369522876569387e-02
-1.014706199369576067e-01 -7.353251684928839571e-02
-9.391326290926235720e-02 -8.581863003970137405e-02
-8.590429942085070492e-02 -9.846818518327341008e-02
-7.743632895369566282e-02 -1.114873326632733475e-01
-6.850195098977021613e-02 -1.248822228629699882e-01
-5.909376501104741247e-02 -1.386590061656320927e-01
-4.920437049950027869e-02 -1.528238329545285046e-01
-3.882579457269529771e-02 -1.673834916766720471e-01
-2.664052330846464894e-02 -1.838046286062493817e-01
-7.229542716094775751e-03 -2.081261842766894965e-01
2.562698868801082872e-02 -2.472798503824987504e-01
7.689570707001708305e-02 -3.066503271470505942e-01
1.401250888806268025e-01 -3.775274211237388822e-01
2.027607679256539785e-01 -4.436674203036061193e-01
2.530540170259472088e-01 -4.899135598983389572e-01
2.877674868538506181e-01 -5.125273336476545705e-01
3.085090319943148973e-01 -5.142702158890579689e-01
3.169426360801299025e-01 -4.979789796943304148e-01
3.147322827440851012e-01 -4.664903981352526707e-01
3.035419556189705159e-01 -4.226412442836055550e-01
2.850356383375757252e-01 -3.692682912111701077e-01
2.608773145326911957e-01 -3.092083119897285348e-01
2.327309678371054513e-01 -2.452980796910589345e-01
2.022605818836088476e-01 -1.803743673869437070e-01
1.711301403049911019e-01 -1.172739481491636565e-01
1.410036267340418759e-01 -5.883359504949967067e-02
1.135450248035510257e-01 -7.890081159732748040e-03
9.041831814630829633e-02 3.271982044835628628e-02
7.327245795389297767e-02 6.018786343949029949e-02
6.262992829263634709e-02 7.384347362440621398e-02
5.712415986357183978e-02 7.660089226989977296e-02
5.520813539003370518e-02 7.171679284259416254e-02
5.533483759535622742e-02 6.244784880911261049e-02
5.595750409968046346e-02 5.205019648074067640e-02
5.587771443440503472e-02 4.304589582108098167e-02
5.493534179473015533e-02 3.576896454009478171e-02
5.316285089570031014e-02 3.014756370255348289e-02
5.059270645236001868e-02 2.610985437322851238e-02
4.725737317975377272e-02 2.358399761689127655e-02
4.318931579292605710e-02 2.249815449831325115e-02
3.842099900692141218e-02 2.278048608226580438e-02
3.298488753678428115e-02 2.435915343352038076e-02
2.691344609755922518e-02 2.716231761684842830e-02
2.023913940429069788e-02 3.111813969702132560e-02
1.299443217202322053e-02 3.615478073881053800e-02
5.211789115801303100e-03 4.220040180698744758e-02
-3.076325049330591675e-03 4.918316396632353010e-02
-1.183744560832772699e-02 5.703122828158998375e-02
-2.103910784614602611e-02 6.567275581755860347e-02
-3.064884704774076263e-02 7.503590763900062910e-02
-4.063419849806744477e-02 8.504884481068748781e-02
-5.096269748208161199e-02 9.563972839739065535e-02
-6.160187928473871699e-02 1.067367194638814965e-01
-7.251927919099426800e-02 1.182679790749314314e-01
-8.368243248580378713e-02 1.301616682953119220e-01
-9.505887445412276870e-02 1.423459481897943746e-01
-1.066161403809066793e-01 1.547489798231502234e-01
-1.183217655511110550e-01 1.672989242601508608e-01
-1.301432852496914039e-01 1.799239425655677904e-01
-1.420482347616031649e-01 1.925521958041722936e-01
-1.540041493718019294e-01 2.051118450407359295e-01
-1.659785643652431364e-01 2.175310513400300627e-01
-1.779390150268822524e-01 2.297379757668261135e-01
-1.898530366416748827e-01 2.416607793858955855e-01
-2.016881644945764385e-01 2.532276232620097600e-01
-2.134119338705424695e-01 2.643666684599401684e-01
-2.249918800545284425e-01 2.750060760444582586e-01
-2.363955383314898795e-01 2.850740070803353121e-01
-2.475904439863822193e-01 2.944986226323428324e-01
-2.585138373960206293e-01 3.031784617739994858e-01
-2.687328283481195124e-01 3.106501544084142585e-01
-2.775669222647682011e-01 3.162082259134502138e-01
-2.843310833106565960e-01 3.191427612809382142e-01
-2.883402756504752085e-01 3.187438455027091222e-01
-2.889094634489139390e-01 3.143015635705938560e-01
-2.853536108706628549e-01 3.051060004764230560e-01
-2.769876820804120787e-01 2.904472412120276403e-01
-2.631266412428518442e-01 2.696153707692385271e-01
-2.430854525226720519e-01 2.419004741398864955e-01
-2.161790800845629912e-01 2.065926363158023527e-01
-1.817224880932146736e-01 1.629819422888169611e-01
