5.512477440832261877e-01 -1.947571477644902127e-01
4.851107796441903042e-01 -3.778990838848044626e-02
4.369226198644911019e-01 1.007101013330651135e-01
4.054462088543626663e-01 2.217165856764734544e-01
3.894444907240380838e-01 3.262032489180714534e-01
3.876804095837509956e-01 4.151437953341860498e-01
3.989169095437352097e-01 4.895119292011438361e-01
4.219169347142242010e-01 5.502813547952726259e-01
4.554434292054514999e-01 5.984257763928981788e-01
4.982593371276508032e-01 6.349188982703483086e-01
5.491276025910557523e-01 6.607344247039494967e-01
6.068111697058996556e-01 6.768460599700288904e-01
6.700729825824165431e-01 6.842275083449131934e-01
7.376759853308394455e-01 6.838524741049293310e-01
8.083831220614025037e-01 6.766946615264044507e-01
8.809573368843388597e-01 6.637277748856652559e-01
9.541615739098825433e-01 6.459255184590390053e-01
1.026758777248267140e+00 6.242615965228521802e-01
1.097511891009725238e+00 5.997097133534318170e-01
1.165183859304491865e+00 5.732435732271049522e-01
1.228537626242799830e+00 5.458368804201985114e-01
1.286336135934882385e+00 5.184633392090393089e-01
1.337342332490973895e+00 4.920966538699542703e-01
1.380319160021308056e+00 4.677105286792704875e-01
1.414029562636117010e+00 4.462786679133146639e-01
1.437236484445636453e+00 4.287747758484138361e-01
1.448702869560097861e+00 4.161725567608948184e-01
1.447191662089736708e+00 4.094457149270848140e-01
1.431465806144785358e+00 4.095679546233103596e-01
1.400288245835477730e+00 4.175129801258984918e-01
1.352421925272047520e+00 4.342544957111763027e-01
1.286629788564727983e+00 4.607662056554706065e-01
1.202362772975633209e+00 4.977286780798286236e-01
1.107915750354962370e+00 5.420543084489093388e-01
1.017718592284441836e+00 5.880415269153222990e-01
9.463245573350249629e-01 6.299361916147396823e-01
9.082869040776655467e-01 6.619841606828336111e-01
9.156189211411819295e-01 6.793818800211209874e-01
9.654180042176718768e-01 6.829080920406518374e-01
1.049354140219407983e+00 6.753727554675811318e-01
1.159089534634869079e+00 6.595887412382189785e-01
1.286286392952534774e+00 6.383689202888752634e-01
1.422606920660884011e+00 6.145261635558598723e-01
1.559712512185681632e+00 5.908740430633168117e-01
1.688572579447525035e+00 5.708242849688131004e-01
1.798203592704998410e+00 5.594767507783479088e-01
1.877279953695145442e+00 5.622269882306588640e-01
1.914607868702419058e+00 5.844133944421918692e-01
1.907401045114946569e+00 6.277288631728145107e-01
1.866200279156464914e+00 6.880876452200539450e-01
1.802728025270730727e+00 7.608916228483495470e-01
1.728706737901500645e+00 8.415426783221411355e-01
1.654635294329716899e+00 9.257908777548874424e-01
1.583722348308027383e+00 1.011460809542277683e+00
1.516487651990623631e+00 1.097142221921682204e+00
1.453446709302212092e+00 1.181426072016136475e+00
1.395115024167500994e+00 1.262903316948676302e+00
1.342008100511198343e+00 1.340164913842336825e+00
1.294641442258011699e+00 1.411801819820153625e+00
1.253530553332647512e+00 1.476404992005163397e+00
1.219190937659815344e+00 1.532565387520401501e+00
1.192138099164221643e+00 1.578873963488903076e+00
1.172887541770574860e+00 1.613921677033704594e+00
1.161830006460057296e+00 1.636525644814198710e+00
1.157748579005229539e+00 1.648417202618752686e+00
1.158309222500371716e+00 1.653352710171827722e+00
1.161287099588416138e+00 1.654916930857475155e+00
1.165802587185274408e+00 1.654525169133329143e+00
1.171762870477615071e+00 1.652323825119139222e+00
1.179085043735619509e+00 1.648443318320923945e+00
1.187686201229469551e+00 1.643014068244701864e+00
1.197483437229346359e+00 1.636166494396492199e+00
1.208393846005432870e+00 1.628031016282312837e+00
1.220334521827910024e+00 1.618738053408182997e+00
1.233222558966959426e+00 1.608418025280120567e+00
1.246975051692763348e+00 1.597201351404145209e+00
1.261509094275503173e+00 1.585218451286274810e+00
1.276741780985360952e+00 1.572599744432527924e+00
1.292590206092518290e+00 1.559475650348923548e+00
1.308971463867156571e+00 1.545976588541480456e+00
1.325802648579457843e+00 1.532232978516216537e+00
1.343000854499603713e+00 1.518375239779151009e+00
1.360483175897776009e+00 1.504533791836302647e+00
1.378166707044156780e+00 1.490839054193689783e+00
1.395968542208927188e+00 1.477421446357330970e+00
1.413805775662269726e+00 1.464411387833244982e+00
1.431595501674365112e+00 1.451939298127450373e+00
1.449254814515396061e+00 1.440135596745965696e+00
1.466700808455543958e+00 1.429130703194809948e+00
1.483850577764990186e+00 1.419055036980001239e+00
1.500621216713917239e+00 1.410039017607558787e+00
1.516929819572506055e+00 1.402213064583500479e+00
1.532693480610938908e+00 1.395707597413845757e+00
1.547829294099397179e+00 1.390653035604612509e+00
1.562254354308062920e+00 1.387179798661819730e+00
1.575885755507117514e+00 1.385418306091486196e+00
1.588640591966743232e+00 1.385498977399630238e+00
1.600435957957121236e+00 1.387552232092270632e+00
1.611188947748433797e+00 1.391708489675425930e+00
1.620816655610862078e+00 1.398098169655114908e+00
1.629236175814588128e+00 1.406851691537355897e+00
1.636364602629794218e+00 1.418099474828168116e+00
1.642119030326661511e+00 1.431971939033569674e+00
1.646416553175371611e+00 1.448599503659578902e+00
1.649174265446106347e+00 1.468112588212215242e+00
1.650309261409047545e+00 1.490641612197496801e+00
1.649738635334377035e+00 1.516316995121442357e+00
1.647379481492276421e+00 1.545269156490070461e+00
1.643183027182719913e+00 1.577552190182704539e+00
1.637332582051184593e+00 1.612701225586693043e+00
1.630108071935662206e+00 1.650035346473526898e+00
1.621789740473919217e+00 1.688872925975552164e+00
1.612657831303723643e+00 1.728532337225116011e+00
1.602992588062842838e+00 1.768331953354563835e+00
1.593074254389043709e+00 1.807590147496242805e+00
1.583183073920094497e+00 1.845625292782499427e+00
1.573599290293761666e+00 1.881755762345678429e+00
1.564603147147813011e+00 1.915299929318128536e+00
1.556474888120015221e+00 1.945576166832194698e+00
1.549472035149978444e+00 1.971961493222324613e+00
1.543648329163219035e+00 1.994358890097046588e+00
1.538949978730947299e+00 2.012948882433641895e+00
1.535322222917792523e+00 2.027914497527180782e+00
1.532710300788384217e+00 2.039438762672734828e+00
1.531059451407350558e+00 2.047704705165372729e+00
1.530314913839320612e+00 2.052895352300165399e+00
1.530421927148923222e+00 2.055193731372182864e+00
1.531325730400786567e+00 2.054782869676494705e+00
1.532971562659540155e+00 2.051845794508173171e+00
1.535304662989812607e+00 2.046565533162286066e+00
1.538270270456233213e+00 2.039125112933905637e+00
1.541813624123429927e+00 2.029707561118100578e+00
1.545879963056032258e+00 2.018495905009942248e+00
1.550414526318668385e+00 2.005673171904500229e+00
1.555362552975968482e+00 1.991422389096845436e+00
1.560669282092559618e+00 1.975926583882047227e+00
1.566279952733071523e+00 1.959368783555176519e+00
1.572139803962132598e+00 1.941932015411302448e+00
1.578194074844372352e+00 1.923799306745496596e+00
1.584388004444419407e+00 1.905153684852829210e+00
1.590666831826902161e+00 1.886178177028369207e+00
1.596975796056449903e+00 1.867055810567188834e+00
1.603260136197690811e+00 1.847969612764355896e+00
1.609465091315254393e+00 1.829102610914942195e+00
1.615535900473769271e+00 1.810637832314017759e+00
1.621417802737864511e+00 1.792758304256652835e+00
1.627056037172168512e+00 1.775647054037917227e+00
1.632396764605382522e+00 1.759485176317864497e+00
1.637419610043592266e+00 1.744383602421958557e+00
1.642146346518595923e+00 1.730364893177374741e+00
1.646601434626814742e+00 1.717445974475343418e+00
1.650809334964670416e+00 1.705643772207098063e+00
1.654794508128584196e+00 1.694975212263870823e+00
1.658581414714977553e+00 1.685457220536892953e+00
1.662194515320271959e+00 1.677106722917397263e+00
1.665658270540889108e+00 1.669940645296616122e+00
1.668997140973250914e+00 1.663975913565782339e+00
1.672235587213777297e+00 1.659229453616126504e+00
1.675398069858891281e+00 1.655718191338882095e+00
1.678509049505013673e+00 1.653459052625281034e+00
1.681592986748566165e+00 1.652468963366555688e+00
1.684674342185970231e+00 1.652764849453937757e+00
1.687777576413646452e+00 1.654363636778659608e+00
1.690927150028018078e+00 1.657282251231954495e+00
1.694147523625504581e+00 1.661537618705053010e+00
1.697463157802529210e+00 1.667146665089188629e+00
1.700898513155511882e+00 1.674126316275592385e+00
1.704478050280875401e+00 1.682493498155497758e+00
1.708226229775040350e+00 1.692265136620136223e+00
1.712167512234428646e+00 1.703458157560740371e+00
1.716326358255461537e+00 1.716089486868542346e+00
1.720727228434560718e+00 1.730176050434773849e+00
1.725394583368146995e+00 1.745734774150667468e+00
1.730352883652643170e+00 1.762782583907456013e+00
1.735626589884469384e+00 1.781336405596370742e+00
1.741240162660047774e+00 1.801413165108644465e+00
1.747218062575800035e+00 1.823029788335509327e+00
1.753584750228146749e+00 1.846203201168197472e+00
1.760364686213510055e+00 1.870950329497940601e+00
1.767582331128311424e+00 1.897288099215971968e+00
1.775263573143348816e+00 1.925214769274308457e+00
1.783469325844980080e+00 1.954270606863655280e+00
1.792296790633854497e+00 1.983521380308243653e+00
1.801844849063976239e+00 2.012010888274476272e+00
1.812212382689350587e+00 2.038782929428756496e+00
1.823498273063982822e+00 2.062881302437487019e+00
1.835801401741877559e+00 2.083349805967071866e+00
1.849220650277039635e+00 2.099232238683912843e+00
1.863854900223474553e+00 2.109572399254413977e+00
1.879803033135187373e+00 2.113414086344978404e+00
1.897163930566183376e+00 2.109801098622009707e+00
1.916036474070466289e+00 2.097777234751909248e+00
1.936519545202042059e+00 2.076386293401082828e+00
1.958712025514915522e+00 2.044672073235930920e+00
1.982712796563092184e+00 2.001678372922858440e+00
2.008620739900576879e+00 1.946448991128267636e+00
2.036534737081374669e+00 1.878027726518562091e+00
2.066553669659489501e+00 1.795458377760144719e+00
2.098776419188927544e+00 1.697784743519418438e+00
2.133301867223693637e+00 1.584050622462786828e+00
2.170228895317793061e+00 1.453299813256652806e+00
