-1.882353338355798433e+00 4.281372957181666661e-01
-1.334586419791081058e+00 2.599775235889573155e-01
-8.875411354958482324e-01 1.773900396075976382e-01
-5.315357873680676137e-01 1.671860600004318187e-01
-2.568886773057065254e-01 2.161768009938038193e-01
-5.391810720673256840e-02 3.111734788140578800e-01
8.705762103088686421e-02 4.389873096875376857e-01
1.757202055091842963e-01 5.864295098405878370e-01
2.217513443301922516e-01 7.403112954995518802e-01
2.348327355959431983e-01 8.874438828907741383e-01
2.246460774084697576e-01 1.014638488240598990e+00
2.008730678698044392e-01 1.108706327775370148e+00
1.731949994825370820e-01 1.156459575291399311e+00
1.488889738690388764e-01 1.150386401008603343e+00
1.271576156900843524e-01 1.102037813598521820e+00
1.055103045143298834e-01 1.026962363344811724e+00
8.145641991043180152e-02 9.407086005311301458e-01
5.250534144704648715e-02 8.588250754411340671e-01
1.668161451557247446e-02 7.942443354652133358e-01
-2.571646623419070535e-02 7.483528696646525313e-01
-7.376350159335050283e-02 7.193527412934579424e-01
-1.265340722985582311e-01 7.054459117694646952e-01
-1.831027590864656163e-01 7.048343425105069171e-01
-2.425441426937239575e-01 7.157199949344197343e-01
-3.039328038569846235e-01 7.363048304590380511e-01
-3.663433233128992605e-01 7.647908105021963276e-01
-4.288502817981192372e-01 7.993798964817295793e-01
-4.905282600492960055e-01 8.382740498154725994e-01
-5.504518388030812392e-01 8.796752319212604032e-01
-6.076955987961255579e-01 9.217854042169267847e-01
-6.613341207650815790e-01 9.628065281203079806e-01
-7.104419854466001993e-01 1.000940565049237785e+00
-7.540937735773329820e-01 1.034389476421551324e+00
-7.913640658939310457e-01 1.061355223655082725e+00
-8.213274431330462866e-01 1.080039768167667891e+00
-8.430584860313300455e-01 1.088645071377141171e+00
-8.556317753254335523e-01 1.085373094701336694e+00
-8.581218917520085920e-01 1.068425799558090361e+00
-8.496034160477063946e-01 1.036005147365235857e+00
-8.291509289491786339e-01 9.863130995406086399e-01
-7.961105477826649901e-01 9.179198045709964227e-01
-7.526051900756217661e-01 8.331605828071456665e-01
-7.023839843295386354e-01 7.365757975847494476e-01
-6.492166189867387693e-01 6.327336902664183471e-01
-5.968727824895457834e-01 5.262025022147626130e-01
-5.491221632802835151e-01 4.215504747923930484e-01
-5.097344498012754688e-01 3.233458493619202900e-01
-4.824793304948452599e-01 2.361568672859549467e-01
-4.711264938033167260e-01 1.645517699271079326e-01
-4.794456281690130384e-01 1.130987986479889545e-01
-5.111645123227098741e-01 8.632572558486099890e-02
-5.662374462320952651e-01 8.511654293512618819e-02
-6.379011936583843800e-01 1.038685961692588505e-01
-7.186996777616311283e-01 1.363102038884057565e-01
-8.011768217018884197e-01 1.761696846937136074e-01
-8.782818147477939874e-01 2.174923600102926791e-01
-9.475511919453318832e-01 2.579118147156249652e-01
-1.009423289114837363e+00 2.973314485583716804e-01
-1.064382274659334326e+00 3.356905119488566291e-01
-1.112912316981849115e+00 3.729282552974050313e-01
-1.155497584485405627e+00 4.089839290143407191e-01
-1.192622245573029094e+00 4.437967835099880243e-01
-1.224770468647744526e+00 4.773060691946713341e-01
-1.252426422112576265e+00 5.094510364787147028e-01
-1.276074274370550210e+00 5.401709357724426841e-01
-1.296198193824690037e+00 5.694050174861794433e-01
-1.313282348878021644e+00 5.970925320302493677e-01
-1.327810907933569373e+00 6.231727298149765115e-01
-1.340268039394358901e+00 6.475848612506857060e-01
-1.351137911663413904e+00 6.702681767477006725e-01
-1.360904693143760502e+00 6.911619267163462421e-01
-1.370052552238422816e+00 7.102053615669460251e-01
-1.379065657350426077e+00 7.273377317098251860e-01
-1.388428176882795073e+00 7.424982875553072237e-01
-1.398624279238555035e+00 7.556262795137171917e-01
-1.410138132820730306e+00 7.666609579953789222e-01
-1.423453906032346117e+00 7.755415734106166914e-01
-1.439055767276427478e+00 7.822073761697549976e-01
-1.457427884955999176e+00 7.865976166831181171e-01
-1.479054427474085998e+00 7.886515453610301041e-01
-1.504419563233713619e+00 7.883084126138157899e-01
-1.534007460637905496e+00 7.855074688517988957e-01
-1.568302288089687746e+00 7.801879644853041418e-01
-1.607788213992084714e+00 7.722891499246555824e-01
-1.652949406748121186e+00 7.617502755801778269e-01
-1.703775740758356250e+00 7.487711428870286179e-01
-1.753341408547685054e+00 7.371969303052522404e-01
-1.789814284810648637e+00 7.334539150021065490e-01
-1.807869655276689969e+00 7.403521797423336936e-01
-1.810539916911065195e+00 7.560619811821877034e-01
-1.801391577372210673e+00 7.784570404084976136e-01
-1.783991144318563427e+00 8.054110785080923485e-01
-1.761905125408561590e+00 8.347978165678019424e-01
-1.738687153302485688e+00 8.644986834930449282e-01
-1.716690240170443138e+00 8.931138783842232920e-01
-1.696106633865598790e+00 9.205371756239402181e-01
-1.676902636333446717e+00 9.467976156388492326e-01
-1.659044549519480549e+00 9.719242388556045276e-01
-1.642498675369193917e+00 9.959460857008595180e-01
-1.627231315828081337e+00 1.018892196601268063e+00
-1.613208772841637106e+00 1.040791611983484577e+00
-1.600397348355353966e+00 1.061673372274161586e+00
-1.588763344314727100e+00 1.081566517899953839e+00
-1.578273062665249915e+00 1.100500089287514971e+00
-1.568892805352415820e+00 1.118503126863498620e+00
-1.560588874321719999e+00 1.135604671054558867e+00
-1.553327571518655859e+00 1.151833762287349128e+00
-1.547075198888716807e+00 1.167219440988523038e+00
-1.541798058377397584e+00 1.181790747584734902e+00
-1.537462451930192042e+00 1.195576722502638134e+00
-1.534034681492593588e+00 1.208606406168886593e+00
-1.531481049010096518e+00 1.220908839010134139e+00
-1.529767856428195127e+00 1.232513061453034853e+00
-1.528861405692382824e+00 1.243448113924241927e+00
-1.528727998748153682e+00 1.253743036850409442e+00
-1.529333937541001998e+00 1.263426870658191037e+00
-1.530645524016421399e+00 1.272528655774240569e+00
-1.532629060119905740e+00 1.281077432625211898e+00
-1.535250847796949536e+00 1.289102241637759105e+00
-1.538477188993046640e+00 1.296632123238535383e+00
-1.542274385653690238e+00 1.303696117854194814e+00
-1.546608739724375070e+00 1.310323265911391477e+00
-1.551446553150594987e+00 1.316542607836778345e+00
-1.556754127877843397e+00 1.322383184057009942e+00
-1.562497765851614817e+00 1.327874034998739683e+00
-1.568643769017403100e+00 1.333044201088621650e+00
-1.575158439320702097e+00 1.337922722753309479e+00
-1.582008078707006105e+00 1.342538640419456808e+00
-1.589158989121808530e+00 1.346920994513717496e+00
-1.596577472510603890e+00 1.351098825462745623e+00
-1.604229830818885594e+00 1.355101173693194383e+00
-1.612082365992147714e+00 1.358957079631718079e+00
-1.620101379975884770e+00 1.362695583704970348e+00
-1.628253174715590168e+00 1.366345726339604827e+00
-1.636504052156757982e+00 1.369936547962275819e+00
-1.644820314244882065e+00 1.373497088999636073e+00
-1.653168262925456933e+00 1.377056389878340559e+00
-1.661514200143975772e+00 1.380643491025042024e+00
-1.669824427845933101e+00 1.384287432866395218e+00
-1.678065247976822327e+00 1.388017255829053109e+00
-1.686202962482137968e+00 1.391862000339670002e+00
-1.694203873307373653e+00 1.395850706824899312e+00
-1.702034282398023457e+00 1.400012415711395120e+00
-1.709660491699581231e+00 1.404376167425811062e+00
-1.717048803157541270e+00 1.408971002394801220e+00
-1.724165518717397427e+00 1.413825961045019008e+00
-1.730976940324643110e+00 1.418970083803118287e+00
-1.737449369924773057e+00 1.424432411095752915e+00
-1.743549109463280455e+00 1.430241983349576307e+00
-1.749242460885660044e+00 1.436427840991242988e+00
-1.754495726137405454e+00 1.443019024447406373e+00
-1.759275207164010757e+00 1.450044574144720544e+00
-1.763548263820654549e+00 1.457532859927441748e+00
-1.767309078876256656e+00 1.465495249268051081e+00
-1.770580119529930885e+00 1.473925180848654426e+00
-1.773385203451718128e+00 1.482815237321732038e+00
-1.775748148311661057e+00 1.492158001339765061e+00
-1.777692771779800562e+00 1.501946055555234416e+00
-1.779242891526177761e+00 1.512171982620620581e+00
-1.780422325220835100e+00 1.522828365188404920e+00
-1.781254890533813917e+00 1.533907785911067689e+00
-1.781764405135155105e+00 1.545402827441089810e+00
-1.781974686694901555e+00 1.557306072430952426e+00
-1.781909552883093717e+00 1.569610103533136014e+00
-1.781592821369773372e+00 1.582307503400121718e+00
-1.781048309824981635e+00 1.595390854684389792e+00
-1.780299835918762064e+00 1.608852740038422491e+00
-1.779371217321153775e+00 1.622685742114698293e+00
-1.778286271702199439e+00 1.636882443565700118e+00
-1.777068816731941059e+00 1.651435427043908000e+00
-1.775742670080419305e+00 1.666337275201802859e+00
-1.774331649417675960e+00 1.681580570691865173e+00
-1.772859572413753471e+00 1.697157896166576974e+00
-1.771350256738692508e+00 1.713061834278417628e+00
-1.769827520062534187e+00 1.729284967679867835e+00
-1.768315180055321401e+00 1.745819879023409849e+00
-1.766837054387094597e+00 1.762659150961523480e+00
-1.765416960727896223e+00 1.779795366146690094e+00
-1.764078716747767395e+00 1.797221107231390169e+00
-1.762846140116749449e+00 1.814928956868104182e+00
-1.761743048504884168e+00 1.832911497709313942e+00
-1.760793259582213333e+00 1.851161312407499260e+00
-1.760020591018778280e+00 1.869670983615141724e+00
-1.759448860484620791e+00 1.888433093984722033e+00
-1.759101885649781760e+00 1.907440226168720221e+00
-1.759003484184303856e+00 1.926684962819618319e+00
-1.759177473758227750e+00 1.946159886589896360e+00
-1.759647672041595667e+00 1.965857580132035709e+00
-1.760438577966242368e+00 1.985764977610176674e+00
-1.761652431700819310e+00 2.005224443841413517e+00
-1.763539998718258506e+00 2.022346888339056736e+00
-1.766368770751889805e+00 2.035104539587064387e+00
-1.770406239535045279e+00 2.041469626069397858e+00
-1.775919896801056108e+00 2.039414376270015428e+00
-1.783177234283253254e+00 2.026911018672875819e+00
-1.792445743714967898e+00 2.001931781761938201e+00
-1.803992916829530557e+00 1.962448894021161294e+00
-1.818086245360274189e+00 1.906434583934505600e+00
-1.834993221040527978e+00 1.831861079985928509e+00
-1.854981335603624215e+00 1.736700610659390298e+00
-1.878318080782894306e+00 1.618925404438850135e+00
