-7.418857909049457744e-01 -2.733848931224343026e-01
-7.156970306115787439e-01 -2.794083606990175328e-01
-6.896896975290799370e-01 -2.852820459509750606e-01
-6.638578158726200495e-01 -2.910086570147537022e-01
-6.381954098573701106e-01 -2.965909020268002738e-01
-6.126965036985009272e-01 -3.020314891235614807e-01
-5.873551216111828621e-01 -3.073331264414841946e-01
-5.621652878105871665e-01 -3.124985221170151761e-01
-5.371210265118845362e-01 -3.175303842866012971e-01
-5.122163619302456672e-01 -3.224314210866893737e-01
-4.874453182808415330e-01 -3.272043406537259447e-01
-4.628019197788426076e-01 -3.318518511241580482e-01
-4.382801906394200309e-01 -3.363766606344324450e-01
-4.138741550777445544e-01 -3.407814773209960624e-01
-3.895778373089868185e-01 -3.450690093202953834e-01
-3.653852615483175748e-01 -3.492419647687773354e-01
-3.412904520109077966e-01 -3.533030518028888456e-01
-3.172874329119283465e-01 -3.572549785590766747e-01
-2.933702284665500315e-01 -3.611004531737875278e-01
-2.695328628899432699e-01 -3.648421837834681103e-01
-2.457693603972792851e-01 -3.684828785245655713e-01
-2.220737452037288007e-01 -3.720252455335262831e-01
-1.984400415244623739e-01 -3.754719929467973949e-01
-1.748622735746510337e-01 -3.788258289008255009e-01
-1.513344655694654761e-01 -3.820894615320574172e-01
-1.278506417240765358e-01 -3.852655989769400158e-01
-1.044048262536550892e-01 -3.883569493719201127e-01
-8.099104337337176274e-02 -3.913662208534444131e-01
-5.760331729839754389e-02 -3.942961215579597334e-01
-3.423567224390332286e-02 -3.971493596219129452e-01
-1.088213242505952846e-02 -3.999286431817506982e-01
1.246327794296280163e-02 -4.026366803739200306e-01
3.580653464499290728e-02 -4.052761793348675923e-01
5.915361346586005958e-02 -4.078498482010400328e-01
8.251049019039324861e-02 -4.103603951088844459e-01
1.058831406034219519e-01 -4.128105281948475369e-01
1.292775404897750779e-01 -4.152029555953758999e-01
1.526996656342819725e-01 -4.175403854469164622e-01
1.761554918217718979e-01 -4.198255258859161509e-01
1.996509948370740195e-01 -4.220610850488217269e-01
2.231921504650175581e-01 -4.242497710720797843e-01
2.467849344904315678e-01 -4.263942920921374169e-01
2.704353226981452418e-01 -4.284973562454411078e-01
2.941492908729880784e-01 -4.305616716684378398e-01
3.179328147997890208e-01 -4.325899464975744846e-01
3.417918702633773731e-01 -4.345848888692976919e-01
3.657324330485823283e-01 -4.365492069200542780e-01
3.897604789402329128e-01 -4.384856087862909479e-01
4.138819837231584309e-01 -4.403968026044547401e-01
4.381029231821882974e-01 -4.422854965109924708e-01
4.624292731021513725e-01 -4.441543986423505119e-01
4.868670092678771266e-01 -4.460062171349761240e-01
5.114221074641946974e-01 -4.478436601253159566e-01
5.361005434759330557e-01 -4.496694357498166594e-01
5.609079098872261637e-01 -4.514861431216273258e-01
5.858317992031181198e-01 -4.532912602045635619e-01
6.108344485163003101e-01 -4.550750511689676259e-01
6.358761863056250352e-01 -4.568272371710963564e-01
6.609173410499439294e-01 -4.585375393672061484e-01
6.859182412281094043e-01 -4.601956789135536185e-01
7.108392153189733165e-01 -4.617913769663952728e-01
7.356405918013878553e-01 -4.633143546819876168e-01
7.602826991542045443e-01 -4.647543332165872121e-01
7.847258658562756839e-01 -4.661010337264506198e-01
8.089304203864532417e-01 -4.673441773678344013e-01
8.328566912235891850e-01 -4.684734852969950625e-01
8.564650068465359256e-01 -4.694786786701892756e-01
8.797156957341446537e-01 -4.703494786436733799e-01
9.025690863652678919e-01 -4.710756063737039923e-01
9.249855072187577187e-01 -4.716467830165377850e-01
9.469252867734657686e-01 -4.720527297284311530e-01
9.683487535082438979e-01 -4.722831676656406019e-01
9.892162359019451845e-01 -4.723278179844229707e-01
1.009488062433420374e+00 -4.721764018410344321e-01
1.029124561581522324e+00 -4.718186403917318250e-01
1.048086061825102444e+00 -4.712442547927714886e-01
1.066332891643013481e+00 -4.704429662004100954e-01
1.083825379514106402e+00 -4.694044957709040400e-01
1.100523853917234174e+00 -4.681185646605101613e-01
1.116388643331247987e+00 -4.665748940254846877e-01
1.131380076235000365e+00 -4.647632050220843469e-01
1.145458481107343163e+00 -4.626732188065654783e-01
1.158584186427128460e+00 -4.602946565351849761e-01
1.170717520673208556e+00 -4.576172393641992353e-01
1.181818812324434420e+00 -4.546306884498647061e-01
1.191848389859658797e+00 -4.513247249484378387e-01
1.200766581757733764e+00 -4.476890700161754166e-01
1.208533716497511179e+00 -4.437134448093338346e-01
1.215110122557843342e+00 -4.393875704841698204e-01
1.220456128417581443e+00 -4.347011681969397134e-01
1.224532062555578671e+00 -4.296439591039001304e-01
1.227298253450685550e+00 -4.242056643613076328e-01
1.228715029581755269e+00 -4.183760051254187817e-01
1.228742719427639241e+00 -4.121447025524900276e-01
1.227341651467189987e+00 -4.055014777987780983e-01
1.224472154179258920e+00 -3.984360520205393885e-01
1.220094556042698342e+00 -3.909381463740305152e-01
1.214181650331126461e+00 -3.829957659103951917e-01
1.206793603378839563e+00 -3.745848864930559907e-01
1.198027958124801007e+00 -3.656763381179284900e-01
1.187982398782917004e+00 -3.562409313307369763e-01
1.176754609567090881e+00 -3.462494766772049037e-01
1.164442274691228407e+00 -3.356727847030564482e-01
1.151143078369234241e+00 -3.244816659540151749e-01
1.136954704815013928e+00 -3.126469309758052595e-01
1.121974838242471462e+00 -3.001393903141503783e-01
1.106301162865512611e+00 -2.869298545147744850e-01
1.090031362898041811e+00 -2.729891341234014224e-01
1.073263122553964610e+00 -2.582880396857551442e-01
1.056093322193328632e+00 -2.427979984285555393e-01
1.038586089461359885e+00 -2.265155640074694443e-01
1.020762114607894233e+00 -2.094706133197561659e-01
1.002639093552023075e+00 -1.916953203803071770e-01
9.842347222128364770e-01 -1.732218592040135619e-01
9.655666965094257259e-01 -1.540824038057666545e-01
9.466527123608816652e-01 -1.343091282004577891e-01
9.275104656862956931e-01 -1.139342064029785773e-01
9.081576524047575427e-01 -9.298981242821945103e-02
8.886119684353590564e-01 -7.150812029107210532e-02
8.688911096971906334e-01 -4.952130400642786728e-02
8.490127721093432278e-01 -2.706153758917799815e-02
8.289946515909081270e-01 -4.160995054213711443e-03
8.088544440609757302e-01 1.914814958357365787e-02
7.886098454386371026e-01 4.283372230929288760e-02
7.682785516429831985e-01 6.686354910805264451e-02
7.478782585931050830e-01 9.120545596496168472e-02
7.274266622080929334e-01 1.158272688651287574e-01
7.069414584070383700e-01 1.406968137936625285e-01
6.864403431090320140e-01 1.657819167356717749e-01
6.659410122331647086e-01 1.910504036762654123e-01
6.454611616985272970e-01 2.164701006005518014e-01
6.250184874242106225e-01 2.420088334936398300e-01
6.046306853293061945e-01 2.676344283406382196e-01
5.843154513329040789e-01 2.933147111266557472e-01
5.640904813540956741e-01 3.190175078368011619e-01
5.439734713119711573e-01 3.447106444561831018e-01
5.239821171256224819e-01 3.703619469699102607e-01
5.041341147141398249e-01 3.959392413630915541e-01
4.844471599966141406e-01 4.214103536208353429e-01
4.649389488921365499e-01 4.467431097282509311e-01
4.456271773197977848e-01 4.719053356704465685e-01
4.265295411986890217e-01 4.968648574325303935e-01
4.076637364479005488e-01 5.215895009996126541e-01
3.890474589865235977e-01 5.460470923568012669e-01
3.706984047336488453e-01 5.702054574892051475e-01
3.526342696083674122e-01 5.940324223819323235e-01
3.348727495297703083e-01 6.174958130200925988e-01
3.174315404169480437e-01 6.405634553887940008e-01
3.003283381889917947e-01 6.632031754731453344e-01
2.835808387649923490e-01 6.853827992582554041e-01
2.672067380640404943e-01 7.070701527292329036e-01
2.512237320052274070e-01 7.282330618711869707e-01
2.356495165076435139e-01 7.488393526692255220e-01
2.205017874903801856e-01 7.688568511084579171e-01
2.057982408725279877e-01 7.882533831739925168e-01
1.915565725731779301e-01 8.069967748509382366e-01
1.777944785114209392e-01 8.250548521244039923e-01
1.645296546063477749e-01 8.423954409794980336e-01
1.517797967770493084e-01 8.589863674013296091e-01
1.395626009426166048e-01 8.747954573750071905e-01
1.278957630221404518e-01 8.897905368856394714e-01
1.167969789347117343e-01 9.039394319183350346e-01
1.062839445994212401e-01 9.172099684582030177e-01
9.637435593536010370e-02 9.295699724903517813e-01
8.708590886161891864e-02 9.409872699998900192e-01
7.843629929728873629e-02 9.514296869719268690e-01
7.044322316146042762e-02 9.608650493915710245e-01
6.312437637322505790e-02 9.692611832439305131e-01
5.649745485167308179e-02 9.765859145141149167e-01
5.058015451589566169e-02 9.828070691872324849e-01
4.539017128498363390e-02 9.878924732483919113e-01
4.094520107802788328e-02 9.918099526827023338e-01
3.726293981411932937e-02 9.945273334752722239e-01
3.436108341234878072e-02 9.960124416112102752e-01
3.225732779180719850e-02 9.962331030756252925e-01
3.096936887158549534e-02 9.951571438536257475e-01
3.051490257077445201e-02 9.927523899303206667e-01
3.091162480846502969e-02 9.889866672908186329e-01
3.217723150374809937e-02 9.838278019202286728e-01
3.432941857571452510e-02 9.772436198036589250e-01
3.738588194345521254e-02 9.692019469262187492e-01
4.136431752606099799e-02 9.596706092730165061e-01
4.628242124262292589e-02 9.486174328291607782e-01
5.215788901223163132e-02 9.360102435797607034e-01
5.900841675397824199e-02 9.218168675099248643e-01
6.685170038695348316e-02 9.060051306047618436e-01
7.570543583024832990e-02 8.885428588493804458e-01
8.558731900295360462e-02 8.693978782288893647e-01
9.651504582416021993e-02 8.485380147283978491e-01
1.085063122129590329e-01 8.259310943330135935e-01
1.215788140884410395e-01 8.015449430278460685e-01
1.357502473696970136e-01 7.753473867980039680e-01
1.510383079758174374e-01 7.473062516285963186e-01
1.674606918258940147e-01 7.173893635047308148e-01
1.850350948390173111e-01 6.855645484115169275e-01
2.037792129342780589e-01 6.517996323340631282e-01
2.237107420307672678e-01 6.160624412574783326e-01
2.448473780475757811e-01 5.783208011668710125e-01
2.672068169037944418e-01 5.385425380473500834e-01
2.908067545185142877e-01 4.966954778840244056e-01
3.156648868108259953e-01 4.527474466620023952e-01
