7.208340356729626974e-02 -1.592755359061557019e-01
5.211482667430045179e-02 -1.619741260773499836e-01
3.319146124397878705e-02 -1.645980290598009210e-01
1.529586748458204928e-02 -1.671496438330006551e-01
-1.589394395638859831e-03 -1.696313693764414099e-01
-1.748176418843311666e-02 -1.720456046696153263e-01
-3.239868168554990713e-02 -1.743947486920146284e-01
-4.635758667873840499e-02 -1.766812004231314293e-01
-5.937591895974773937e-02 -1.789073588424580086e-01
-7.147111832032705669e-02 -1.810756229294865072e-01
-8.266062455222562833e-02 -1.831883916637090381e-01
-9.296187744719248969e-02 -1.852480640246177701e-01
-1.023923167969768150e-01 -1.872570389917050659e-01
-1.109693823933279588e-01 -1.892177155444630665e-01
-1.187105140279948179e-01 -1.911324926623837184e-01
-1.256331514927267190e-01 -1.930037693249594677e-01
-1.317547345792728086e-01 -1.948339445116823998e-01
-1.370927030793821499e-01 -1.966254172020446001e-01
-1.416644967848040559e-01 -1.983805863755383481e-01
-1.454875554872875898e-01 -2.001018510116558957e-01
-1.485793189785819812e-01 -2.017916100898893006e-01
-1.509572270504363212e-01 -2.034522625897307035e-01
-1.526387194945997838e-01 -2.050862074906724397e-01
-1.536412361028215989e-01 -2.066958437722067055e-01
-1.539822166668509129e-01 -2.082835704138255029e-01
-1.536791009784368167e-01 -2.098517863950211115e-01
-1.527493288293285123e-01 -2.114028906952856723e-01
-1.512103400112752571e-01 -2.129392822941114927e-01
-1.490795743160260312e-01 -2.144633601709906023e-01
-1.463744715353302028e-01 -2.159775233054152532e-01
-1.431124714609367521e-01 -2.174841706768776139e-01
-1.393110138845949086e-01 -2.189857012648698809e-01
-1.349875385980540132e-01 -2.204845140488842503e-01
-1.301594853930630458e-01 -2.219830080084128632e-01
-1.248442940613711388e-01 -2.234835821229478603e-01
-1.190594043947274389e-01 -2.249886353719815490e-01
-1.128222561848813837e-01 -2.265005667350060703e-01
-1.061502892235817452e-01 -2.280217751915134261e-01
-9.906094330257794733e-02 -2.295546597209961182e-01
-9.157165821361905322e-02 -2.311016193029460652e-01
-8.369987374845445915e-02 -2.326650529168555748e-01
-7.546302969883279810e-02 -2.342473595422167321e-01
-6.687856585650386876e-02 -2.358509381585218723e-01
-5.796392201321647758e-02 -2.374781877452630252e-01
-4.873653796071973632e-02 -2.391315072819324150e-01
-3.921385349076299265e-02 -2.408132957480222658e-01
-2.941330839509529241e-02 -2.425259521230247461e-01
-1.935234246546582368e-02 -2.442718753864319692e-01
-9.048395493623939342e-03 -2.460534645177362145e-01
1.481092728681448990e-03 -2.478731184964295398e-01
1.221868240970115128e-02 -2.497332363020042800e-01
2.314693375768606468e-02 -2.516362169139525484e-01
3.424840698088667257e-02 -2.535844593117665413e-01
4.550566228755423964e-02 -2.555803624749383163e-01
5.690125988593923434e-02 -2.576263253829602640e-01
6.841775998429276695e-02 -2.597247470153244420e-01
8.003772279086546204e-02 -2.618780263515230189e-01
9.174370851390840909e-02 -2.640885623710481633e-01
1.035182773616719343e-01 -2.663587540533920994e-01
1.153439895424076128e-01 -2.686910003780471068e-01
1.272034052643657709e-01 -2.710877003245051875e-01
1.390790847357973870e-01 -2.735512528722586212e-01
1.509535881649534395e-01 -2.760840570007996320e-01
1.628094757600845044e-01 -2.786885116896202774e-01
1.746293077294415186e-01 -2.813670159182127817e-01
1.863956442812752801e-01 -2.841219686660693688e-01
1.980910456238366979e-01 -2.869557689126822075e-01
2.096980719653766256e-01 -2.898708156375434108e-01
2.211992835141457781e-01 -2.928695078201453139e-01
2.325772404783951475e-01 -2.959542444399799743e-01
2.438145030663755597e-01 -2.991274244765396162e-01
2.548936314863374242e-01 -3.023914469093162971e-01
2.657971859465321773e-01 -3.057487107178024632e-01
2.765077266552103397e-01 -3.092016148814900056e-01
2.870078138206229590e-01 -3.127525583798713149e-01
2.972800076510206946e-01 -3.164039401924384487e-01
3.073068683546544833e-01 -3.201581592986837976e-01
3.170709561397749843e-01 -3.240176146780991973e-01
3.265548312146330789e-01 -3.279847053101770937e-01
3.357410537874797041e-01 -3.320618301744094891e-01
3.446121840665657410e-01 -3.362513882502887741e-01
3.531507822601419044e-01 -3.405557785173070062e-01
3.613394085764591868e-01 -3.449773999549564096e-01
3.691606232237681917e-01 -3.495186515427290419e-01
3.765969864103197451e-01 -3.541819322601172382e-01
3.836310583443648392e-01 -3.589696410866130560e-01
3.902453992341543554e-01 -3.638841770017088306e-01
3.964225692879392304e-01 -3.689279389848966750e-01
4.021451287139700681e-01 -3.741033260156686469e-01
4.073956377204975277e-01 -3.794127370735170257e-01
4.121566565157726569e-01 -3.848585711379340912e-01
4.164107453080465593e-01 -3.904432271884118455e-01
4.201404643055698940e-01 -3.961691042044426792e-01
4.233283737165930982e-01 -4.020386011655185943e-01
4.259570337493675529e-01 -4.080541170511318150e-01
4.280090046121438063e-01 -4.142180508407744544e-01
4.294668465131727397e-01 -4.205328015139389031e-01
4.303131196607051789e-01 -4.270007680501171077e-01
4.305303842629921163e-01 -4.336243494288013478e-01
4.301012005282842665e-01 -4.404059446294839586e-01
4.290081286648322889e-01 -4.473479526316568866e-01
4.272337288808872313e-01 -4.544527724148124115e-01
4.247605613847000861e-01 -4.617228029584427018e-01
4.215711863845214014e-01 -4.691604432420400372e-01
4.176481640886021141e-01 -4.767680922450963643e-01
4.129740547051930499e-01 -4.845481489471040737e-01
4.075314184425449793e-01 -4.925030123275551119e-01
4.013028155089088944e-01 -5.006350813659421473e-01
3.942708061125355101e-01 -5.089467550417567931e-01
3.864179504616757077e-01 -5.174404323344915513e-01
3.777268087645802019e-01 -5.261185122236385903e-01
3.681799412295000962e-01 -5.349833936886899677e-01
3.577599080646858831e-01 -5.440374757091378521e-01
3.464492694783887217e-01 -5.532831572644746343e-01
3.342305856788592711e-01 -5.627228373341922607e-01
3.210864168743484681e-01 -5.723589148977830110e-01
3.069993232731071942e-01 -5.821937889347388317e-01
2.919518650833860529e-01 -5.922298584245525577e-01
2.759266025134360367e-01 -6.024695223467158023e-01
2.589060957715079159e-01 -6.129151796807209562e-01
2.408729050658525161e-01 -6.235692294060599661e-01
2.218095906047207466e-01 -6.344340705022253335e-01
2.016987125963634053e-01 -6.455121019487091161e-01
1.805228312490313736e-01 -6.568057227250034824e-01
1.582645067709754216e-01 -6.683173318106006011e-01
1.349062993704464308e-01 -6.800493281849925298e-01
1.104307692556951298e-01 -6.920041108276718811e-01
8.482047663497253864e-02 -7.041840787181301575e-01
5.805798171652933742e-02 -7.165916308358600828e-01
3.012584470861646990e-02 -7.292291661603538255e-01
1.006625819484740407e-03 -7.420990836711032212e-01
-2.931711474261507189e-02 -7.552037823476006606e-01
-6.084553759457914796e-02 -7.685384113060619304e-01
-9.315773769900775880e-02 -7.819214521742380297e-01
-1.253981738648942412e-01 -7.949890252856954831e-01
-1.566913107704030195e-01 -8.073688619903793828e-01
-1.861616130936982472e-01 -8.186886936382349322e-01
-2.129335455129443555e-01 -8.285762515792070015e-01
-2.361315727063054704e-01 -8.366592671632402389e-01
-2.548801593519460229e-01 -8.425654717402802918e-01
-2.683037701280301390e-01 -8.459225966602716973e-01
-2.755268697127220001e-01 -8.463583732731594367e-01
-2.756739227841863982e-01 -8.435005329288888243e-01
-2.679964748037034772e-01 -8.370121414230445867e-01
-2.533934738830658229e-01 -8.270143201122088783e-01
-2.339134777198261239e-01 -8.139478359863892010e-01
-2.116285087454186364e-01 -7.982599803372507630e-01
-1.886105893912775333e-01 -7.803980444564583285e-01
-1.669317420888370707e-01 -7.608093196356766619e-01
-1.486639892695313936e-01 -7.399410971665704162e-01
-1.358793533647947027e-01 -7.182406683408047998e-01
-1.306498568060611154e-01 -6.961553244500440218e-01
-1.350475220247648600e-01 -6.741323567859531796e-01
-1.511345138195612503e-01 -6.526189684923867640e-01
-1.786292457176546500e-01 -6.320414046852625978e-01
-2.118903388719044767e-01 -6.127779827504199472e-01
-2.450412034491596669e-01 -5.951669508229852079e-01
-2.762248974890531006e-01 -5.792836656826404473e-01
-3.054868086022877738e-01 -5.650790687335749407e-01
-3.328836801195136363e-01 -5.525033586978561617e-01
-3.584722553713806659e-01 -5.415067342975529163e-01
-3.823092776885388400e-01 -5.320393942547323451e-01
-4.044514904016382473e-01 -5.240515372914628101e-01
-4.249556368413286989e-01 -5.174933621298121178e-01
-4.438784603382602278e-01 -5.123150674918479641e-01
-4.612767042230829229e-01 -5.084668520996389329e-01
-4.772071118264465950e-01 -5.058989146752523869e-01
-4.917264264790011108e-01 -5.045614539407564658e-01
-5.048913915113969475e-01 -5.044046686182189765e-01
-5.167587502542835276e-01 -5.053787574297080587e-01
-5.273852460383113838e-01 -5.074339190972915192e-01
-5.368276221941299386e-01 -5.105203523430373869e-01
-5.451426220523898358e-01 -5.145882558890136904e-01
-5.523869889437402758e-01 -5.195878284572881256e-01
-5.586174661988316803e-01 -5.254692687699287212e-01
-5.638907971483139159e-01 -5.321827755490035061e-01
-5.682637251228371822e-01 -5.396785475165803980e-01
-5.717929934530512348e-01 -5.479067833947274258e-01
-5.745353454696060513e-01 -5.568176819055121740e-01
-5.765475245031516094e-01 -5.663614417710027826e-01
-5.778862738843379976e-01 -5.764882617132675025e-01
-5.786083369438149715e-01 -5.871483404543735851e-01
-5.787704570122328418e-01 -5.982918767163898366e-01
-5.784293774202414751e-01 -6.098690692213835085e-01
-5.776418414984906269e-01 -6.218301166914227407e-01
-5.764645925776306079e-01 -6.341252178485756730e-01
-5.749543739883110627e-01 -6.467045714149098901e-01
-5.731679290611821909e-01 -6.595183761124935318e-01
-5.711620011268939701e-01 -6.725168306633946269e-01
-5.689933335160963779e-01 -6.856501337896812043e-01
-5.667186695594392809e-01 -6.988684842134207376e-01
-5.643947525875726567e-01 -7.121220806566814776e-01
-5.620783259311467051e-01 -7.253611218415311201e-01
-5.598261329208112924e-01 -7.385358064900381381e-01
-5.576949168872161744e-01 -7.515963333242701161e-01
-5.557414211610116617e-01 -7.644929010662950830e-01
-5.540223890728472877e-01 -7.771757084381807346e-01
-5.525945639533735854e-01 -7.895949541619953216e-01
-5.515146891332403101e-01 -8.017008369598068729e-01
-5.508395079430973285e-01 -8.134435555536827511e-01
-5.506257637135947292e-01 -8.247733086656916512e-01
