-9.992348623701768906e-01 -3.535722644477372056e-01
-8.663241488356342446e-01 -4.352807280356051911e-01
-7.641946167004941559e-01 -4.955985311055556841e-01
-6.900617367748389519e-01 -5.364242753489623095e-01
-6.411409798687519590e-01 -5.596565624571994135e-01
-6.146478167923163927e-01 -5.671939941216402881e-01
-6.077977183556151353e-01 -5.609351720336593905e-01
-6.178061553687310692e-01 -5.427786978846301791e-01
-6.418885986417477429e-01 -5.146231733659266672e-01
-6.772605189847477059e-01 -4.783672001689231457e-01
-7.211373872078143954e-01 -4.359093799849926287e-01
-7.707346741210303609e-01 -3.891483145055096293e-01
-8.232678505344790398e-01 -3.399826054218479388e-01
-8.759523872582437587e-01 -2.903108544253812928e-01
-9.260037551024067337e-01 -2.420316632074836494e-01
-9.706374248770516244e-01 -1.970436334595290773e-01
-1.007068867392261202e+00 -1.572453668728910348e-01
-1.032513553458118682e+00 -1.245354651389437434e-01
-1.044293948178030229e+00 -1.007410371472034771e-01
-1.041822594896937515e+00 -8.629261683960495755e-02
-1.026414777448825477e+00 -8.034934092235403169e-02
-9.994552028052113846e-01 -8.202395807046573839e-02
-9.623285779376122839e-01 -9.042921695895513035e-02
-9.164196098175443339e-01 -1.046778662628373435e-01
-8.631130054165254695e-01 -1.238826546571273335e-01
-8.037934717060717382e-01 -1.471563308168401807e-01
-7.398457156577002980e-01 -1.736116434169911460e-01
-6.726544442429284176e-01 -2.023613411325950184e-01
-6.036043644332724778e-01 -2.325181726386669478e-01
-5.340801832002501914e-01 -2.631948866102218343e-01
-4.654666075153772731e-01 -2.935042317222752439e-01
-3.991483443501713801e-01 -3.225589566498416327e-01
-3.365101006761491709e-01 -3.494718100679364836e-01
-2.789365834648278031e-01 -3.733555406515747799e-01
-2.277733524768386086e-01 -3.933476103129129875e-01
-1.835049392304269611e-01 -4.091290393596708763e-01
-1.457761608362848904e-01 -4.209109512873990266e-01
-1.141969508007674994e-01 -4.289264912572229860e-01
-8.837724263023039040e-02 -4.334088044302680798e-01
-6.792696983102913810e-02 -4.345910359676601331e-01
-5.245606590951983755e-02 -4.327063310305241939e-01
-4.157446437205747358e-02 -4.279878347799859206e-01
-3.489209872499826615e-02 -4.206686923771706388e-01
-3.201890247469735967e-02 -4.109820489832038404e-01
-3.256480912751061330e-02 -3.991610497592109619e-01
-3.613975218979366411e-02 -3.854388398663173287e-01
-4.235366516790173286e-02 -3.700485644656487660e-01
-5.081648156819088685e-02 -3.532233687183302107e-01
-6.113813489701657583e-02 -3.351963977854875987e-01
-7.292855866073459647e-02 -3.162007968282459225e-01
-8.579768636570019036e-02 -2.964697110077310072e-01
-9.935545151826913335e-02 -2.762362854850681226e-01
-1.132117876247972221e-01 -2.557336654213827054e-01
-1.269766281916399620e-01 -2.351949959778001920e-01
-1.402599067251528719e-01 -2.148534223154460465e-01
-1.526715567316916933e-01 -1.949420895954457333e-01
-1.638215117176120283e-01 -1.756941429789246611e-01
-1.733197051892692853e-01 -1.573427276270084330e-01
-1.807760706530191497e-01 -1.401209887008225130e-01
-1.858005416152174460e-01 -1.242620713614920047e-01
-1.880030515822196935e-01 -1.099991207701425389e-01
-1.869935340603815499e-01 -9.756528208789960743e-02
-1.823819225560584512e-01 -8.719370047588861916e-02
-1.737781505756061107e-01 -7.911752109523503829e-02
-1.607921516253801308e-01 -7.356988910706434293e-02
-1.430338592117363083e-01 -7.078394967250184466e-02
-1.201132068410300097e-01 -7.099284795267314652e-02
-9.164012801961685106e-02 -7.442972910870367109e-02
-5.722455625385253208e-02 -8.132773830171875773e-02
-1.647642505009267247e-02 -9.192002069284400945e-02
3.099433208530698661e-02 -1.064397214432046962e-01
8.557778164599061377e-02 -1.251199857139262406e-01
1.476639901256032450e-01 -1.481939586661343011e-01
2.176430240177892328e-01 -1.758947854609543282e-01
2.958929767039319425e-01 -2.084472609211986405e-01
3.813375942970427257e-01 -2.450618828806368221e-01
4.700730468085009273e-01 -2.829771291551614887e-01
5.578702122977269307e-01 -3.192046110793185232e-01
6.404999688241406197e-01 -3.507559399876535311e-01
7.137331944471618783e-01 -3.746427272147120346e-01
7.734607958697987673e-01 -3.879640624778019631e-01
8.181722728347857743e-01 -3.897129227346169400e-01
8.488687485285402179e-01 -3.807127876494798002e-01
8.666539745431850461e-01 -3.618619337575946782e-01
8.726317024708434289e-01 -3.340586375941665409e-01
8.679056839036377591e-01 -2.982011756943988012e-01
8.535796704336915397e-01 -2.551878245934964262e-01
8.307574136531268305e-01 -2.059168608266634393e-01
8.005426651540672456e-01 -1.512865609291043911e-01
7.640391765286351777e-01 -9.219520143602354112e-02
7.223506993689535749e-01 -2.954105888262523530e-02
6.765809852671452740e-01 3.577759019588613171e-02
6.278337858153334450e-01 1.028624692643062832e-01
5.772128526056407027e-01 1.708153017874308455e-01
5.258219372301898842e-01 2.387378112300554689e-01
4.747647912811041038e-01 3.057317210569757693e-01
4.251451663505064205e-01 3.708987547329866130e-01
3.780668140305190050e-01 4.333406357228852257e-01
3.346334859132650275e-01 4.921590874914665847e-01
2.959489335908673802e-01 5.464558335035262226e-01
2.631169086554489001e-01 5.953325972238598940e-01
2.372411626991326739e-01 6.378911021172629647e-01
2.194254473140413442e-01 6.732330716485315225e-01
2.107735140922979145e-01 7.004602292824610998e-01
2.123891146260251106e-01 7.186742984838468962e-01
2.253760005073459638e-01 7.269770027174853322e-01
2.507545901027429802e-01 7.245400718955765651e-01
2.878595933885744196e-01 7.119513632294511840e-01
3.344591363384940563e-01 6.911147873982910195e-01
3.882618767006572602e-01 6.639842130562467748e-01
4.469764722232201781e-01 6.325135088574685982e-01
5.083115806543381243e-01 5.986565434561071930e-01
5.699758597421670236e-01 5.643671855063130405e-01
6.297606482714955822e-01 5.315284389589948200e-01
6.867071323519328141e-01 5.009520819631363420e-01
7.408251669896139813e-01 4.726196607706929509e-01
7.921499050704752243e-01 4.464910391920627331e-01
8.407164994804552371e-01 4.225260810376420539e-01
8.865601031054891612e-01 4.006846501178291664e-01
9.297158688315136921e-01 3.809266102430216572e-01
9.702189495444655254e-01 3.632118252236168354e-01
1.008104498130281135e+00 3.475001588700125654e-01
1.043407667474897105e+00 3.337514749926062674e-01
1.076163610464249798e+00 3.219256374017956390e-01
1.106407479984276243e+00 3.119825099079780450e-01
1.134174428920912803e+00 3.038819563215510722e-01
1.159499610160095617e+00 2.975838404529124182e-01
1.182418176587761938e+00 2.930480261124595032e-01
1.202965281089847904e+00 2.902343771105899695e-01
1.221176076552290324e+00 2.891027572577012927e-01
1.237085715861025337e+00 2.896130303641911707e-01
1.250729351901990194e+00 2.917250602404571347e-01
1.262142137561120814e+00 2.953987106968966048e-01
1.271359225724353781e+00 3.005938455439073898e-01
1.278415769277626346e+00 3.072703285918868543e-01
1.283346921106874650e+00 3.153880236512325852e-01
1.286187834098035054e+00 3.249067945323422246e-01
1.286973661137043923e+00 3.357865050456133038e-01
1.285739555109838728e+00 3.479870190014432985e-01
1.282520668902355609e+00 3.614682002102299063e-01
1.277352155400530931e+00 3.761899124823706031e-01
1.270269167490301498e+00 3.921120196282625314e-01
1.261306858057603897e+00 4.091943854583041662e-01
1.250500379988374045e+00 4.273968737828924835e-01
1.237884886168549636e+00 4.466793484124252367e-01
1.223495529484066147e+00 4.670016731572999014e-01
1.207367462820860604e+00 4.883237118279139533e-01
1.189535839064870038e+00 5.106053282346652011e-01
1.170035811102030365e+00 5.338063861879510652e-01
1.148902531818278172e+00 5.578867494981689656e-01
1.126171154099550487e+00 5.828062819757166002e-01
1.101876830831783227e+00 6.085248474309915556e-01
1.076054714900913645e+00 6.350023096743914186e-01
1.048739959192877880e+00 6.621985325163137759e-01
1.019967716593612517e+00 6.900733797671559921e-01
9.897731399890544735e-01 7.185867152373156541e-01
9.581913822651401125e-01 7.476984027371906816e-01
9.252575963078057963e-01 7.773683060771782172e-01
8.910069350029883317e-01 8.075562890676760697e-01
8.554745512366241922e-01 8.382222155190817148e-01
8.186955978946498513e-01 8.693259492417926282e-01
7.807052278630021158e-01 9.008273540462062856e-01
7.415385940276174592e-01 9.326862937427208289e-01
7.012308492744323551e-01 9.648626321417331786e-01
6.598171464893833882e-01 9.973162330536412545e-01
6.173326385584073650e-01 1.030006960288842199e+00
5.738124783674404261e-01 1.062894677657734155e+00
5.292918188024204884e-01 1.095939248970713598e+00
4.838058127492820826e-01 1.129100538038179558e+00
4.373896130939625704e-01 1.162338408670529066e+00
3.900783727223986475e-01 1.195612724678159600e+00
3.419072445205270094e-01 1.228883349871468411e+00
2.929113813742838524e-01 1.262110148060853421e+00
2.431259361696062882e-01 1.295252983056712326e+00
1.925860617924303742e-01 1.328271718669442381e+00
1.413269111286931112e-01 1.361126218709441282e+00
8.938363706433050115e-02 1.393776346987106063e+00
3.679139248527965589e-02 1.426181967312834864e+00
-1.641466972252318690e-02 1.458302943497025606e+00
-7.019939667314108178e-02 1.490099139350075097e+00
-1.245276354806380409e-01 1.521530418682381258e+00
-1.793642332590769661e-01 1.552556645304341343e+00
-2.346740371225214949e-01 1.583137683026353271e+00
-2.904218941850350566e-01 1.613233395658814739e+00
-3.465726515606811775e-01 1.642803647012122781e+00
-4.030911563635231065e-01 1.671808300896675092e+00
-4.599417446892801187e-01 1.700206905053994078e+00
-5.162978904065649299e-01 1.727469852701412512e+00
-5.689452700068208246e-01 1.751590665548367065e+00
-6.142206888628745087e-01 1.770285234977639899e+00
-6.484609523475528547e-01 1.781269452372014950e+00
-6.680028658336830683e-01 1.782259209114275489e+00
-6.691832346940921328e-01 1.770970396587205453e+00
-6.483388643016071429e-01 1.745118906173587003e+00
-6.018065600290553041e-01 1.702420629256204299e+00
-5.259231272492631559e-01 1.640591457217840610e+00
-4.170253713350576263e-01 1.557347281441278986e+00
-2.714500976592660320e-01 1.450403993309302919e+00
-8.553411159471524527e-02 1.317477484204696569e+00
1.443857814857677502e-01 1.156283645510241875e+00
4.219727762093559709e-01 9.645383686087231068e-01
