9.429698472106214924e-01 -9.860983285604326687e-01
4.858364098382260132e-01 -1.141824080696332011e+00
2.195254178860867600e-01 -1.260220177808678788e+00
1.119096505823633930e-01 -1.346126053450499072e+00
1.308618871552149066e-01 -1.404381141174818604e+00
2.442549068328009054e-01 -1.439824874534663790e+00
4.199614888432803284e-01 -1.457296687083061038e+00
6.258544124148129884e-01 -1.461636012373035642e+00
8.298064567755577547e-01 -1.457682283957613567e+00
9.996904011536743573e-01 -1.450274935389821662e+00
1.103379024777322082e+00 -1.444253400222685224e+00
1.117371032932177544e+00 -1.443628914512546935e+00
1.064030296117418839e+00 -1.448009081040723123e+00
9.808406661299768903e-01 -1.455546728535822565e+00
8.942813923903193407e-01 -1.464926411630066871e+00
8.074355236155214000e-01 -1.475964143986662203e+00
7.203953679038465063e-01 -1.488620573883866927e+00
6.332532333535602076e-01 -1.502856349599941632e+00
5.461014280629274964e-01 -1.518632119413146242e+00
4.590322601302120886e-01 -1.535908531601740012e+00
3.721380376536792545e-01 -1.554646234443982422e+00
2.855110687315941531e-01 -1.574805876218133838e+00
1.992436614622207225e-01 -1.596348105202453516e+00
1.134281239438240524e-01 -1.619233569675200712e+00
2.815676427466897933e-02 -1.643422917914636017e+00
-5.647810944698015978e-02 -1.668876798199018685e+00
-1.403841891228583549e-01 -1.695555858806608640e+00
-2.234691666547010125e-01 -1.723420748015665360e+00
-3.056407339442435145e-01 -1.752432114104448990e+00
-3.868065828932202854e-01 -1.782550605351218120e+00
-4.668744054033679980e-01 -1.813736870034233561e+00
-5.457518933764210489e-01 -1.845951556431754570e+00
-6.233467387141151672e-01 -1.879155312822041068e+00
-6.995664993726649072e-01 -1.913308669408488205e+00
-7.742790695405589174e-01 -1.948337192224186998e+00
-8.472575454007997831e-01 -1.984082881524231734e+00
-9.182611589685462095e-01 -2.020375516104347735e+00
-9.870491422589581232e-01 -2.057044874760262765e+00
-1.053380727287194008e+00 -2.093920736287701700e+00
-1.117015146068413456e+00 -2.130832879482392972e+00
-1.177711630617775285e+00 -2.167611083140061456e+00
-1.235229412950438865e+00 -2.204085126056435584e+00
-1.289327725081562681e+00 -2.240084787027240232e+00
-1.339765799026306992e+00 -2.275439844848202942e+00
-1.386302866799829836e+00 -2.309980078315049923e+00
-1.428698160417290586e+00 -2.343535266223506941e+00
-1.466710911893848612e+00 -2.375935187369301982e+00
-1.500100353244662843e+00 -2.407009620548160811e+00
-1.528625716484892427e+00 -2.436588344555809638e+00
-1.552046233629696737e+00 -2.464501138187976004e+00
-1.570121136694234476e+00 -2.490577780240384786e+00
-1.582609657693664795e+00 -2.514648049508764416e+00
-1.589271028643147066e+00 -2.536541724788840213e+00
-1.589864481557840437e+00 -2.556088584876339276e+00
-1.584149248452903613e+00 -2.573118408566988258e+00
-1.571884561343495745e+00 -2.587460974656512480e+00
-1.552829652244776426e+00 -2.598946061940639929e+00
-1.526743753171904139e+00 -2.607403449215095925e+00
-1.493386096140039143e+00 -2.612662915275608899e+00
-1.452515913164339256e+00 -2.614554238917903728e+00
-1.403973648795733720e+00 -2.612943138274873345e+00
-1.348127661513694120e+00 -2.607928951529486117e+00
-1.285557324236925147e+00 -2.599704398003552797e+00
-1.216842565052618452e+00 -2.588462442700012023e+00
-1.142563312047966129e+00 -2.574396050621805987e+00
-1.063299493310160049e+00 -2.557698186771873772e+00
-9.796310369263925288e-01 -2.538561816153156236e+00
-8.921378709838545529e-01 -2.517179903768592464e+00
-8.013999235697383261e-01 -2.493745414621124201e+00
-7.079971227712357207e-01 -2.468451313713691420e+00
-6.125093966755386088e-01 -2.441490566049232758e+00
-5.155166733698397508e-01 -2.413056136630689963e+00
-4.175988809413289093e-01 -2.383340990461001674e+00
-3.193359474771989004e-01 -2.352538092543110526e+00
-2.213078010646418736e-01 -2.320840407879954270e+00
-1.240943697908496596e-01 -2.288440901474474654e+00
-2.827558174301363775e-02 -2.255532538329610759e+00
6.556863499167388254e-02 -2.222308283448303445e+00
1.568583523260214940e-01 -2.188961101833493128e+00
2.450136421728369707e-01 -2.155683958488119334e+00
3.294545764449285929e-01 -2.122669818415122922e+00
4.096012270551043222e-01 -2.090111646617443864e+00
4.848736659161730911e-01 -2.058202408098021685e+00
5.546919649409424169e-01 -2.027135067859797690e+00
6.184761960422194838e-01 -1.997102590905711628e+00
6.756464311328145289e-01 -1.968297942238703024e+00
7.256234197307606104e-01 -1.940913929697268392e+00
7.680802351068397593e-01 -1.915084836892467557e+00
8.033189530900549657e-01 -1.890799055943279239e+00
8.317380328868493322e-01 -1.868022623710246632e+00
8.537359337036657392e-01 -1.846721577053912489e+00
8.697111147469472892e-01 -1.826861952834819558e+00
8.800620352231368626e-01 -1.808409787913510591e+00
8.851871543386775620e-01 -1.791331119150528561e+00
8.854849313000123789e-01 -1.775591983406415775e+00
8.813538253135845268e-01 -1.761158417541715870e+00
8.731922955858364421e-01 -1.747996458416970489e+00
8.613988013232113383e-01 -1.736072142892723047e+00
8.463718017321524290e-01 -1.725351507829516517e+00
8.285097560191024835e-01 -1.715800590087893429e+00
8.082111233905043823e-01 -1.707385426528396088e+00
7.858743630528015611e-01 -1.700072054011568135e+00
7.618979342124365672e-01 -1.693826509397951874e+00
7.366802960758526142e-01 -1.688614829548090501e+00
7.106199078494923604e-01 -1.684403051322525879e+00
6.841152287397994636e-01 -1.681157211581801647e+00
6.575647179532160269e-01 -1.678843347186459889e+00
6.313668346961857081e-01 -1.677427494997044466e+00
6.059200381751512765e-01 -1.676875691874097019e+00
5.816227875965557237e-01 -1.677153974678160520e+00
5.588735421668421521e-01 -1.678228380269778830e+00
5.380707610924533313e-01 -1.680064945509493590e+00
5.196129035798324747e-01 -1.682629707257847551e+00
5.038984288354223517e-01 -1.685888702375383907e+00
4.913257960656660095e-01 -1.689807967722645632e+00
4.822934644770066615e-01 -1.694353540160175475e+00
4.771998932758870771e-01 -1.699491456548515522e+00
4.764435416687501923e-01 -1.705187753748208968e+00
4.804173906697795648e-01 -1.711408203178050869e+00
4.887503258595725653e-01 -1.718081552578625049e+00
4.995294168092435094e-01 -1.725061842137913803e+00
5.106562414034405695e-01 -1.732194124181640094e+00
5.200699577866957357e-01 -1.739326079542885983e+00
5.267257671550701348e-01 -1.746376454998537442e+00
5.306871000583199827e-01 -1.753341511132458397e+00
5.320734481712414699e-01 -1.760221429658384240e+00
5.310043031686307868e-01 -1.767016392290051918e+00
5.275991567252835690e-01 -1.773726580741194825e+00
5.219775005159964509e-01 -1.780352176725551461e+00
5.142588262155655121e-01 -1.786893361956856108e+00
5.045626254987867210e-01 -1.793350318148845046e+00
4.930083900404563235e-01 -1.799723227015254778e+00
4.797156115153702882e-01 -1.806012270269820252e+00
4.648037815983250276e-01 -1.812217629626277526e+00
4.483923919641165101e-01 -1.818339486798362659e+00
4.306009342875409818e-01 -1.824378023499811929e+00
4.115489002433943000e-01 -1.830333421444360287e+00
3.913557815064730439e-01 -1.836205862345744677e+00
3.701410697515729598e-01 -1.841995527917699826e+00
3.480242566534903492e-01 -1.847702599873962237e+00
3.251248338870212917e-01 -1.853327259928267523e+00
3.015622931269625329e-01 -1.858869689794351743e+00
2.774561260481090974e-01 -1.864330071185951399e+00
2.529258243252577310e-01 -1.869708585816800994e+00
2.280908796332044575e-01 -1.875005415400638142e+00
2.030707836467453564e-01 -1.880220741651196459e+00
1.779850280406768126e-01 -1.885354746282214222e+00
1.529531044897947389e-01 -1.890407611007425048e+00
1.280945046688954370e-01 -1.895379517540566328e+00
1.035287202527747918e-01 -1.900270647595373230e+00
7.937524291622921613e-02 -1.905081182885582258e+00
5.575356433405460194e-02 -1.909811305124928582e+00
3.278317618104737569e-02 -1.914461196027148704e+00
1.058357013200339307e-02 -1.919031037305977794e+00
-1.072576213828107389e-02 -1.923521010675152354e+00
-3.102532895500979826e-02 -1.927931297848407777e+00
-5.019563864338687231e-02 -1.932262080539480342e+00
-6.811719952861594596e-02 -1.936513540462105665e+00
-8.467051993590091197e-02 -1.940685859330020024e+00
-9.973610819044589904e-02 -1.944779218856958369e+00
-1.131944726174544530e-01 -1.948793800756657646e+00
-1.249261215421306748e-01 -1.952729786742852802e+00
-1.348115632896781102e-01 -1.956587358529280340e+00
-1.427313061853008880e-01 -1.960366697829675653e+00
-1.485658585542029009e-01 -1.964067986357775242e+00
-1.521957287215877641e-01 -1.967691405827314721e+00
-1.535014250126595925e-01 -1.971237137952029705e+00
-1.523634557526221123e-01 -1.974705364445655809e+00
-1.486623292666791885e-01 -1.978096267021929533e+00
-1.422785538800348248e-01 -1.981410027394586493e+00
-1.330926379178928032e-01 -1.984646827277362524e+00
-1.209850897054569052e-01 -1.987806848383993907e+00
-1.058364175679311764e-01 -1.990890272428215590e+00
-8.752712983051917639e-02 -1.993897281123764520e+00
-6.593773481842500617e-02 -1.996828056184375422e+00
-4.094874085685248910e-02 -1.999682779323785686e+00
-1.244065627100550755e-02 -2.002461632255729373e+00
1.970601061391216366e-02 -2.005164796693943874e+00
5.561075147269665953e-02 -2.007792454352164135e+00
9.539305798014395543e-02 -2.010344786944126216e+00
1.391724218110503564e-01 -2.012821976183567063e+00
1.870683346402119418e-01 -2.015224203784220069e+00
2.392002881424248051e-01 -2.017551651459823514e+00
2.956877739924851367e-01 -2.019804500924112123e+00
3.524277385434438914e-01 -2.022944870930085237e+00
3.830464567904707240e-01 -2.033007854250977964e+00
3.646161891705204661e-01 -2.055026523729392984e+00
3.017607969488290687e-01 -2.087202638683008260e+00
2.034452313981472138e-01 -2.126661615832230012e+00
7.863444379122581929e-02 -2.170528871897464018e+00
-6.370661459918416925e-02 -2.215929823599117388e+00
-2.146129925003319450e-01 -2.259989887657595453e+00
-3.651197386394636202e-01 -2.299834480793304436e+00
-5.062619017438346747e-01 -2.332589019726651891e+00
-6.290745305406914012e-01 -2.355378921178044038e+00
-7.245926737572828680e-01 -2.365329601867886211e+00
-7.838513801208577547e-01 -2.359566478516584187e+00
-7.978856983586657403e-01 -2.335214967844545519e+00
-7.577306771979556155e-01 -2.289400486572175097e+00
-6.544213653659770591e-01 -2.219248451419881807e+00
-4.789928115899786398e-01 -2.121884279108068760e+00
