8.629690405017574895e-01 2.047464360412876161e-02
8.742765376428726087e-01 -9.095087063038446995e-02
8.806423612769069820e-01 -1.900589879710372632e-01
8.823274323287522147e-01 -2.773848037165804747e-01
8.795926717233023551e-01 -3.534634131657650724e-01
8.726990003854492306e-01 -4.188299116173417880e-01
8.619073392400850020e-01 -4.740193943700611867e-01
8.474786092121040504e-01 -5.195669567226747221e-01
8.296737312263976483e-01 -5.560076939739327928e-01
8.087536262078593996e-01 -5.838767014225861862e-01
7.849792150813815761e-01 -6.037090743673861892e-01
7.586114187718571156e-01 -6.160399081070832006e-01
7.299111582041782897e-01 -6.214042979404278411e-01
6.991393543032385915e-01 -6.203373391661720637e-01
6.665569279939299596e-01 -6.133741270830654901e-01
6.324248002011457759e-01 -6.010497569898596293e-01
5.970038918497784231e-01 -5.838993241853053240e-01
5.605551238647208390e-01 -5.624579239681533060e-01
5.233394171708651843e-01 -5.372606516371540852e-01
4.856176926931048965e-01 -5.088426024910588374e-01
4.476508713563323028e-01 -4.777388718286183500e-01
4.096998740854402854e-01 -4.444845549485836878e-01
3.720256218053212827e-01 -4.096147471497051940e-01
3.348890354408682879e-01 -3.736645437307341555e-01
2.985510359169741834e-01 -3.371690399904213042e-01
2.632725441585311299e-01 -3.006633312275172054e-01
2.293144810904323427e-01 -2.646825127407730904e-01
1.969377676375703712e-01 -2.297616798289395246e-01
1.664033247248379865e-01 -1.964359277907675450e-01
1.379622527757461692e-01 -1.652215637650648605e-01
1.116974793569961016e-01 -1.363131538298745504e-01
8.755067569295466035e-02 -1.096350185177653175e-01
6.545912719829970194e-02 -8.510308761925407250e-02
4.536011928770903451e-02 -6.263329092485783733e-02
2.719093737586108714e-02 -4.214155822509413341e-02
1.088886687743349270e-02 -2.354381931047978133e-02
-3.608806792895403841e-03 -6.756003971532243552e-03
-1.636479822044780916e-02 8.305958001231569104e-03
-2.744182199054582064e-02 2.172613681729450644e-02
-3.690259268851124597e-02 3.358860268613931416e-02
-4.480982489966603421e-02 4.397742581724876920e-02
-5.122623320933231139e-02 5.297667642010579075e-02
-5.621453220283187391e-02 6.067042470419315575e-02
-5.983743646548711492e-02 6.714274087899396726e-02
-6.215766058261950472e-02 7.247769515399059281e-02
-6.323791913955127686e-02 7.675935773866621181e-02
-6.314092672160441511e-02 8.007179884250353874e-02
-6.192939791410101424e-02 8.249908867498552401e-02
-5.966604730236295395e-02 8.412529744559493761e-02
-5.641358947171218330e-02 8.503449536381459117e-02
-5.223473900747081095e-02 8.531075263912742124e-02
-4.719221049496059167e-02 8.503813948101608677e-02
-4.134871851950375210e-02 8.430072609896363534e-02
-3.476697766642229681e-02 8.318258270245286468e-02
-2.750970252103798752e-02 8.176777950096637826e-02
-1.963960766867298147e-02 8.014038670398729303e-02
-1.121940769464922771e-02 7.838447452099837898e-02
-2.311817184288667091e-03 7.658411316148246162e-02
7.020449277086457732e-03 7.482337283492235258e-02
1.671467710415453986e-02 7.318632375080093289e-02
2.670815171159338780e-02 7.175703611860098641e-02
3.693815851408101952e-02 7.061958014780543580e-02
4.734198292629553800e-02 6.985802604789702330e-02
5.785691036291478601e-02 6.955644402835865769e-02
6.842022623861700181e-02 6.979890429867305346e-02
7.896921596807994492e-02 7.066947706832331366e-02
8.944116496598181199e-02 7.225223254679202789e-02
9.977335864700050128e-02 7.463124094356222982e-02
1.099030824258141609e-01 7.789057246811646740e-02
1.197676217171006197e-01 8.211429732993795472e-02
1.293042619355380396e-01 8.738648573850929524e-02
1.384502884958042634e-01 9.379120790331331448e-02
1.471429868125774809e-01 1.014125340338328796e-01
1.553196423005357152e-01 1.103345343395509270e-01
1.629175403743568507e-01 1.206412790299503796e-01
1.698739664487189382e-01 1.324168383145138128e-01
1.761262059383000844e-01 1.457452824027241634e-01
1.816115442577781458e-01 1.607106815040643677e-01
1.862672668218312566e-01 1.773971058280170987e-01
1.900306590451372457e-01 1.958886255840653901e-01
1.928390063423743861e-01 2.162693109816918591e-01
1.946295941282205622e-01 2.386232322303795950e-01
1.953397078173536860e-01 2.630344595396113538e-01
1.949066328244518920e-01 2.895870631188698918e-01
1.932676545641931753e-01 3.183651131776377707e-01
1.903600584512555594e-01 3.494526799253983018e-01
1.861211299003170949e-01 3.829338335716344077e-01
1.804881543260556387e-01 4.188926443258285115e-01
1.733984171431492693e-01 4.574131823974637023e-01
1.647892037662761211e-01 4.985795179960229584e-01
1.546003757051646332e-01 5.424706901036036033e-01
1.429060408665767390e-01 5.889035485610477627e-01
1.299774773922247606e-01 6.373098610339940073e-01
1.161017101180138733e-01 6.870906411990030938e-01
1.015657638798490164e-01 7.376469027326363337e-01
8.665666351363517095e-02 7.883796593114547058e-01
7.166143385527772025e-02 8.386899246120192997e-01
5.686709974068130530e-02 8.879787123108917601e-01
4.256068600575113603e-02 9.356470360846331769e-01
2.902921748639223851e-02 9.810959096098040844e-01
1.655971901850972205e-02 1.023726346562966016e+00
5.439215438008663042e-03 1.062939360620680285e+00
-4.045268419205996606e-03 1.098135965459507757e+00
-1.160670771722913108e-02 1.128717174756009189e+00
-1.695807762015569264e-02 1.154084002186746671e+00
-1.981235329208066998e-02 1.173637461428280737e+00
-1.988250989709892946e-02 1.186778566157172365e+00
-1.688152259930552485e-02 1.192908330049983201e+00
-1.052236656279533465e-02 1.191427766783274222e+00
-5.180169516633346656e-04 1.181737890033605964e+00
1.341855106999555354e-02 1.163239713477540516e+00
3.157436233808631754e-02 1.135334250791638633e+00
5.423644134683053286e-02 1.097422516374012558e+00
8.143858290696256996e-02 1.049440283180509192e+00
1.122350493529453153e-01 9.933918548662650227e-01
1.454432931290464970e-01 9.317816190955036104e-01
1.798807666795331772e-01 8.671139635324502937e-01
2.143649224486747773e-01 8.018932758413251927e-01
2.477143505377222554e-01 7.386215468530629158e-01
2.790746398394637340e-01 6.791118412983792041e-01
3.083684299490668246e-01 6.235401214968583350e-01
3.356312747971082477e-01 5.718444601037621089e-01
3.608987283141646962e-01 5.239629297743535474e-01
3.842063444308127518e-01 4.798336031638948951e-01
4.055896770776294402e-01 4.393945529276482853e-01
4.250842801851910657e-01 4.025838517208762402e-01
4.427257076840747096e-01 3.693395721988413372e-01
4.585495135048568427e-01 3.395997870168057098e-01
4.725912515781143242e-01 3.133025688300320466e-01
4.848864758344237913e-01 2.903859902937825366e-01
4.954707402043619369e-01 2.707881240633197018e-01
5.043795986185056757e-01 2.544470427939058976e-01
5.116486050074314784e-01 2.413008191408035630e-01
5.173133133017160379e-01 2.312875257592751921e-01
5.214092774319362134e-01 2.243452353045830294e-01
5.239720513286687531e-01 2.204120204319895415e-01
5.250371889224901834e-01 2.194259537967571394e-01
5.246402441439774744e-01 2.213251080541482618e-01
5.228167709237071525e-01 2.260475558594252643e-01
5.196023231922558550e-01 2.335313698678505856e-01
5.150324548802004410e-01 2.437146227346865535e-01
5.091427199181177699e-01 2.565353871151954124e-01
5.019686722365843679e-01 2.719317356646400174e-01
4.935458657661768167e-01 2.898417410382825299e-01
4.839098544374720867e-01 3.102034758913854717e-01
4.730961921810467596e-01 3.329550128792110875e-01
4.611404329274776948e-01 3.580344246570219546e-01
4.480781306073413073e-01 3.853797838800802067e-01
4.339448391512145120e-01 4.149291632036486432e-01
4.187761124896738907e-01 4.466206352829893422e-01
4.026075045532964691e-01 4.803922727733648257e-01
3.854745692726586626e-01 5.161821483300373936e-01
3.674128605783373303e-01 5.539283346082698456e-01
3.484579324009090540e-01 5.935689042633242041e-01
3.286453386709505819e-01 6.350419299504628246e-01
3.080106333190388845e-01 6.782854843249482846e-01
2.865893702757502659e-01 7.232376400420429396e-01
2.644171034716617519e-01 7.698364697570093673e-01
2.415293868373498687e-01 8.180200461251098121e-01
2.179617743033913924e-01 8.677264418016066294e-01
1.937498198003630989e-01 9.188937294417622859e-01
1.689290772588416534e-01 9.714599817008392479e-01
1.435351006094036930e-01 1.025363271234099871e+00
1.176034437826260909e-01 1.080541670696806733e+00
9.116966070908542885e-02 1.136933252744221745e+00
6.455947607105251562e-02 1.194114516457715824e+00
4.021833796400257205e-02 1.249020633473695741e+00
2.153213489439379652e-02 1.297414919207890094e+00
1.189098898462555981e-02 1.335055413686839554e+00
1.466758735667567787e-02 1.357721631117277505e+00
3.132947952413685233e-02 1.363539587989053725e+00
5.974934089678590049e-02 1.355063002106083658e+00
9.740112986649329674e-02 1.335336679364145240e+00
1.417588048251295640e-01 1.307405425659013964e+00
1.902963241645652948e-01 1.274314046886467100e+00
2.404876462766709355e-01 1.239107348942281694e+00
2.898067295533169885e-01 1.204830137722233907e+00
3.357275643837328016e-01 1.174527179294282409e+00
3.762789932065424559e-01 1.150552603146797637e+00
4.114576292669305801e-01 1.132811211058638801e+00
4.416961095740867815e-01 1.120665076415899186e+00
4.674270711372011666e-01 1.113476272604670747e+00
4.890831509654631204e-01 1.110606873011045659e+00
5.070969860680627495e-01 1.111418951021116763e+00
5.219012134541893833e-01 1.115274580020975792e+00
5.339284701330330174e-01 1.121535833396715809e+00
5.436113931137832589e-01 1.129564784534428545e+00
5.513826194056300478e-01 1.138723506820206621e+00
5.576747860177629912e-01 1.148374073640142434e+00
5.629205299593719181e-01 1.157878558380328382e+00
5.675524882396465465e-01 1.166599034426856640e+00
5.720032978677764834e-01 1.173897575165819163e+00
5.767055958529516690e-01 1.179136253983309013e+00
5.820920192043615993e-01 1.181677144265418145e+00
5.885952049311961032e-01 1.180882319398238733e+00
5.966477900426452319e-01 1.176113852767863843e+00
6.066824115478983703e-01 1.166733817760384984e+00
6.191317064561454586e-01 1.152104287761894996e+00
6.344283117765762148e-01 1.131587336158486057e+00
6.530048645183801348e-01 1.104545036336250563e+00
6.752940016907472698e-01 1.070339461681280691e+00
