-4.216294730924969314e-01 3.982011063721174193e-01
-3.980317464278153583e-01 3.328667839302188458e-01
-3.757828688738595324e-01 2.731174080622910116e-01
-3.548509215708099962e-01 2.187673385605863885e-01
-3.352039856588475142e-01 1.696309352173579199e-01
-3.168101422781523513e-01 1.255225578248582163e-01
-2.996374725689048835e-01 8.625656617534004089e-02
-2.836540576712859307e-01 5.164732006105614975e-02
-2.688279787254759245e-01 2.150917927425947604e-02
-2.551273168716554074e-01 -4.343496392797273516e-03
-2.425201532500048107e-01 -2.609634714786157605e-02
-2.309745690007046215e-01 -4.393501319868051147e-02
-2.204586452639354932e-01 -5.804513475300122904e-02
-2.109404631798778296e-01 -6.861235201857114607e-02
-2.023881038887122286e-01 -7.582230520313755495e-02
-1.947696485306190661e-01 -7.986063451444747052e-02
-1.880531782457790235e-01 -8.091298016024829620e-02
-1.822067741743725600e-01 -7.916498234828715785e-02
-1.771985174565802734e-01 -7.480228128631147277e-02
-1.729964892325825399e-01 -6.801051718206854724e-02
-1.695687706425599572e-01 -5.897533024330525731e-02
-1.668834428266930126e-01 -4.788236067776912436e-02
-1.649085869251621650e-01 -3.491724869320733671e-02
-1.636122840781480681e-01 -2.026563449736721798e-02
-1.629626154258310977e-01 -4.113158297995837646e-03
-1.629276621083918797e-01 1.335453969715949193e-02
-1.634755052660109564e-01 3.195181928035141505e-02
-1.645742260388687039e-01 5.149304024383276335e-02
-1.661919055671457202e-01 7.179256237985635891e-02
-1.682966249910225198e-01 9.266474548067471506e-02
-1.708564654506796177e-01 1.139239493385409141e-01
-1.738395080862975561e-01 1.353845337457074693e-01
-1.772138340380567945e-01 1.568608584944272966e-01
-1.809475244461379306e-01 1.781672833769530617e-01
-1.850086604507213683e-01 1.991181681855374586e-01
-1.893653231919877333e-01 2.195278727124334028e-01
-1.939855938101175126e-01 2.392107567498934773e-01
-1.988375534452911653e-01 2.579811800901706254e-01
-2.038892832376893172e-01 2.756535025255174576e-01
-2.091088643274923720e-01 2.920420838481867509e-01
-2.144643778548808999e-01 3.069612838504313101e-01
-2.199239049600354434e-01 3.202254623245038845e-01
-2.254555267831364618e-01 3.316489790626571121e-01
-2.310273244643644697e-01 3.410461938571438534e-01
-2.366078972210804154e-01 3.482561679913751540e-01
-2.421736368018289620e-01 3.534895041859699161e-01
-2.477069544741185014e-01 3.572438108435298521e-01
-2.531904175553638114e-01 3.600241366970539092e-01
-2.586065933629798086e-01 3.623355304795409237e-01
-2.639380492143814649e-01 3.646830409239900095e-01
-2.691673524269834195e-01 3.675717167633998916e-01
-2.742770703182009218e-01 3.715066067307696840e-01
-2.792497702054487219e-01 3.769927595590983338e-01
-2.840680194061416253e-01 3.845352239813845663e-01
-2.887143852376947706e-01 3.946390487306275507e-01
-2.931714350175227413e-01 4.078092825398260124e-01
-2.974217360630407314e-01 4.245509741419791760e-01
-3.014478556916634355e-01 4.453691722700856559e-01
-3.052323612208059367e-01 4.707689256571443992e-01
-3.087578199678828739e-01 5.012552830361546308e-01
-3.120067992503094967e-01 5.373332931401152424e-01
-3.149618663855003886e-01 5.795080047020250147e-01
-3.176055886908706327e-01 6.282844664548830060e-01
-3.199214654266800406e-01 6.841338792696195492e-01
-3.219487273012580641e-01 7.455032958867856552e-01
-3.238128824897419378e-01 8.077061994164752567e-01
-3.256385175091808248e-01 8.661396645965206975e-01
-3.274755818850139666e-01 9.193605575285929143e-01
-3.293346745271705789e-01 9.675916707184935017e-01
-3.312260406370612364e-01 1.011070771084847442e+00
-3.331599254160964585e-01 1.050035625546279050e+00
-3.351465740656864312e-01 1.084724001021412976e+00
-3.371962317872417292e-01 1.115373664428873646e+00
-3.393191437821726497e-01 1.142222382687285931e+00
-3.415255552518896565e-01 1.165507922715273814e+00
-3.438257113978032686e-01 1.185468051431463055e+00
-3.462298574213235614e-01 1.202340535754476081e+00
-3.487482385238613869e-01 1.216363142602939984e+00
-3.513910999068266539e-01 1.227773638895476749e+00
-3.541686867716301590e-01 1.236809791550712356e+00
-3.570912443196823105e-01 1.243709367487272122e+00
-3.601690177523930725e-01 1.248710133623778695e+00
-3.634122522711734082e-01 1.252049856878857836e+00
-3.668311930774334484e-01 1.253966304171133750e+00
-3.704360853725835456e-01 1.254697242419230641e+00
-3.742371743580342192e-01 1.254480438541773824e+00
-3.782447052351958772e-01 1.253553659457387282e+00
-3.824689232054788723e-01 1.252154672084696108e+00
-3.869200734702936684e-01 1.250521243342323841e+00
-3.916084012310505624e-01 1.248891140148895795e+00
-3.965441516891601292e-01 1.247502129423036621e+00
-4.017375700460326104e-01 1.246591978083370078e+00
-4.071989015030785253e-01 1.246398453048521704e+00
-4.129383912617082264e-01 1.247159321237115259e+00
-4.189662845233321775e-01 1.249112349567775837e+00
-4.252928264893605648e-01 1.252495304959126976e+00
-4.319282623612040739e-01 1.257545954329794657e+00
-4.388828373402730021e-01 1.264502064598402420e+00
-4.461667966279777575e-01 1.273601402683575134e+00
-4.537903854257288039e-01 1.285081735503937450e+00
-4.617638489349364384e-01 1.299180829978113572e+00
-4.700974323570111246e-01 1.316136453024728370e+00
-4.788013808933633819e-01 1.336186371562406272e+00
-4.878859397454033964e-01 1.359568352509771705e+00
-4.973613541145416872e-01 1.386520162785449317e+00
-5.072378692021884961e-01 1.417279569308063536e+00
-5.175257302097546752e-01 1.452084338996239232e+00
-5.282351823386502998e-01 1.491172238768600611e+00
-5.393764707902857225e-01 1.534781035543772543e+00
-5.509598407660714070e-01 1.583148496240379233e+00
-5.629955374674178170e-01 1.636512387777044886e+00
-5.754938060957353052e-01 1.695110477072394817e+00
-5.884648918524345573e-01 1.759180531045053675e+00
-6.019190399389253709e-01 1.828960316613644554e+00
-6.158589927792711416e-01 1.904644353833795378e+00
-6.298583336608639671e-01 1.983953440627571618e+00
-6.428372553085051067e-01 2.060842157310486922e+00
-6.537593187522732219e-01 2.129475827922256315e+00
-6.623801024886610822e-01 2.188268655005481289e+00
-6.688378087106656711e-01 2.237687474621233186e+00
-6.732731225822544685e-01 2.278212443044369540e+00
-6.758267292673941773e-01 2.310323716549749218e+00
-6.766393139300518333e-01 2.334501451412229756e+00
-6.758515617341945836e-01 2.351225803906669132e+00
-6.736041578437893529e-01 2.360976930307926214e+00
-6.700377874228032882e-01 2.364234986890858536e+00
-6.652931356352032033e-01 2.361480129930324523e+00
-6.595108876449563562e-01 2.353192515701183041e+00
-6.528317286160296717e-01 2.339852300478290736e+00
-6.453963437123898528e-01 2.321939640536506921e+00
-6.373454180980047123e-01 2.299934692150690463e+00
-6.288196369368403982e-01 2.274317611595697564e+00
-6.199596853928645013e-01 2.245568555146387535e+00
-6.109062486300438355e-01 2.214167679077618800e+00
-6.017992586748223127e-01 2.180593518938212849e+00
-5.927331344055024598e-01 2.145226667548176369e+00
-5.837315618682302754e-01 2.108295503106442315e+00
-5.748121206026896024e-01 2.070015262820148028e+00
-5.659923901485647280e-01 2.030601183896427742e+00
-5.572899500455393840e-01 1.990268503542417022e+00
-5.487223798332976354e-01 1.949232458965252102e+00
-5.403072590515237694e-01 1.907708287372068989e+00
-5.320621672399011848e-01 1.865911225970001697e+00
-5.240046839381142796e-01 1.824056511966186678e+00
-5.161523886858470078e-01 1.782359382567759942e+00
-5.085228610227832124e-01 1.741035074981856612e+00
-5.011336804886069585e-01 1.700298826415612252e+00
-4.940024266230023109e-01 1.660365874076162873e+00
-4.871466789656532237e-01 1.621451455170643374e+00
-4.805840170562436509e-01 1.583770806906190209e+00
-4.743320204344577129e-01 1.547539166489938722e+00
-4.684082686399790862e-01 1.512971771129023812e+00
-4.628303412124921135e-01 1.480283858030581712e+00
-4.576158176916806375e-01 1.449690664401748208e+00
-4.527822776172286678e-01 1.421407427449658867e+00
-4.483473005288202140e-01 1.395649384381449032e+00
-4.443284659661392855e-01 1.372631772404254269e+00
-4.407433534688697252e-01 1.352569828725210588e+00
-4.376095425766958202e-01 1.335678790551453110e+00
-4.349446128293011915e-01 1.322173895090117623e+00
-4.327661437663700705e-01 1.312270379548339472e+00
-4.310917149275864113e-01 1.306183481133255109e+00
-4.299389058526341123e-01 1.304128437051998990e+00
-4.293252960811974051e-01 1.306320484511707569e+00
-4.292684651529600770e-01 1.312974860719516412e+00
-4.297859926076060266e-01 1.324306802882560419e+00
-4.308954579848195965e-01 1.340531548207976265e+00
-4.325981385331840734e-01 1.361731372488726777e+00
-4.347884393492218447e-01 1.387116902717854927e+00
-4.373177171251548256e-01 1.415547663293167613e+00
-4.400372102192671719e-01 1.445882213481399781e+00
-4.427981569898432612e-01 1.476979112549287265e+00
-4.454517957951674711e-01 1.507696919763566346e+00
-4.478493649935240684e-01 1.536894194390972412e+00
-4.498421029431973750e-01 1.563429495698241078e+00
-4.512812480024717687e-01 1.586161382952108401e+00
-4.520180385296315162e-01 1.603948415419309992e+00
-4.519233791257775135e-01 1.615793324829425170e+00
-4.510160244868470780e-01 1.621782726219231252e+00
-4.493819889316577054e-01 1.622496312310501843e+00
-4.471076259071531389e-01 1.618516261960140312e+00
-4.442792888602766777e-01 1.610424754025049809e+00
-4.409833312379719539e-01 1.598803967362134593e+00
-4.373061064871824333e-01 1.584236080828296922e+00
-4.333339680548515260e-01 1.567303273280440168e+00
-4.291532693879228089e-01 1.548587723575468145e+00
-4.248503639333398030e-01 1.528671610570283557e+00
-4.205116051380460296e-01 1.508137113121789774e+00
-4.162233464489848433e-01 1.487566410086889723e+00
-4.120719413130998210e-01 1.467541680322487219e+00
-4.081437431773344837e-01 1.448645102685485409e+00
-4.045251054886324082e-01 1.431458856032787663e+00
-4.013023816939371158e-01 1.416565119221297353e+00
-3.985619252401919055e-01 1.404546071107916960e+00
-3.963900895743403541e-01 1.395983890549550299e+00
-3.948732281433259272e-01 1.391460756403100296e+00
-3.940976943940923127e-01 1.391558847525470988e+00
-3.941498417735828652e-01 1.396860342773564856e+00
-3.951160237287411059e-01 1.407947421004285493e+00
-3.970825937065105005e-01 1.425402261074535826e+00
-4.001359051538346256e-01 1.449807041841219668e+00
