-1.193659606642239579e+00 4.796241094957628404e-01
-1.084832325772324468e+00 4.517077249177555709e-01
-9.823549397513885451e-01 4.229265610249930973e-01
-8.860237502576636670e-01 3.933718746375686748e-01
-7.956350589693804709e-01 3.631349225755748922e-01
-7.109851675647688163e-01 3.323069616591041719e-01
-6.318703777220612272e-01 3.009792487082498247e-01
-5.580869911194878963e-01 2.692430405431044949e-01
-4.894313094352796822e-01 2.371895939837609657e-01
-4.256996343476686095e-01 2.049101658503122703e-01
-3.666882675348845932e-01 1.724960129628509697e-01
-3.121935106751586586e-01 1.400383921414698751e-01
-2.620116654467222750e-01 1.076285602062620056e-01
-2.159390335278063289e-01 7.535777397732008887e-02
-1.737719165966414570e-01 4.331729027473681798e-02
-1.353066163314591841e-01 1.159836591860528496e-02
-1.003394344104901470e-01 -1.970774227098192125e-02
-6.866667251196534316e-02 -5.050977747393192718e-02
-4.008463231411588112e-02 -8.071648287015177614e-02
-1.438961549517261268e-02 -1.102366016395488757e-01
8.622076266633412617e-03 -1.389788769620303455e-01
2.915414129307113134e-02 -1.668520520175031940e-01
4.741027790590966046e-02 -1.937648699858747769e-01
6.359418442691795736e-02 -2.196260740470522832e-01
7.790955917786505924e-02 -2.443444073809427075e-01
9.056010048052001715e-02 -2.678286131674534887e-01
1.017495066566517781e-01 -2.899874345864916214e-01
1.116814760280294139e-01 -3.107296148179644057e-01
1.205597069164218854e-01 -3.299638970417789752e-01
1.285878976435981813e-01 -3.475990244378422411e-01
1.359697465313274289e-01 -3.635437401860620033e-01
1.429089519013785614e-01 -3.777067874663448399e-01
1.496092120755205812e-01 -3.899969094585982732e-01
1.562742253755225741e-01 -4.003228493427294366e-01
1.631076901231534870e-01 -4.085933502986453525e-01
1.703133046401824335e-01 -4.147171555062534321e-01
1.780947672483781941e-01 -4.186030081454604757e-01
1.866557762695100209e-01 -4.201596513961741719e-01
1.962000300253468610e-01 -4.192958284383013767e-01
2.069308561384380352e-01 -4.159207813547775023e-01
2.188385976196442761e-01 -4.102303961222738549e-01
2.313442017627901082e-01 -4.031868760777323479e-01
2.437744778007467916e-01 -3.958791196283472646e-01
2.554562349663854204e-01 -3.893960251813124440e-01
2.657162824925772271e-01 -3.848264911438223912e-01
2.738814296121931391e-01 -3.832594159230707787e-01
2.792784855581043613e-01 -3.857836979262517230e-01
2.812342595631820430e-01 -3.934882355605595072e-01
2.790755608602973337e-01 -4.074619272331880260e-01
2.721291986823214382e-01 -4.287936713513315068e-01
2.597219822621251728e-01 -4.585723663221838442e-01
2.411807208325799368e-01 -4.978869105529392103e-01
2.159539238421389895e-01 -5.476219297775550832e-01
1.876812251611908733e-01 -6.016272943770875070e-01
1.632445565137415899e-01 -6.483430184250720263e-01
1.435759390392480628e-01 -6.863020059738975664e-01
1.283240739661203611e-01 -7.162129144357299859e-01
1.171376625227685542e-01 -7.387844012227364754e-01
1.096654059376028223e-01 -7.547251237470830043e-01
1.055560054390330682e-01 -7.647437394209363193e-01
1.044581622554694722e-01 -7.695489056564625008e-01
1.060205776153221452e-01 -7.698492798658280734e-01
1.098919527470011426e-01 -7.663535194611995616e-01
1.157209888789165753e-01 -7.597702818547433790e-01
1.231563872394785403e-01 -7.508082244586260501e-01
1.318468490570970653e-01 -7.401760046850138774e-01
1.414410755601823166e-01 -7.285822799460731636e-01
1.515877679771442665e-01 -7.167357076539705441e-01
1.619356275363931508e-01 -7.053449452208724324e-01
1.721333554663388998e-01 -6.951186500589450201e-01
1.818296529953917773e-01 -6.867654795803551648e-01
1.906747610566353057e-01 -6.809907753965479538e-01
1.984596549453381542e-01 -6.781968034009180357e-01
2.052270242024570313e-01 -6.782437552231782574e-01
2.110456745030859504e-01 -6.809355806059608218e-01
2.159844115223188143e-01 -6.860762292918981542e-01
2.201120409352497198e-01 -6.934696510236227907e-01
2.234973684169725694e-01 -7.029197955437669343e-01
2.262091996425813489e-01 -7.142306125949631213e-01
2.283163402871701830e-01 -7.272060519198438877e-01
2.298875960258328632e-01 -7.416500632610413257e-01
2.309917725336635141e-01 -7.573665963611879715e-01
2.316976754857560106e-01 -7.741596009629161390e-01
2.320741105572044216e-01 -7.918330268088582535e-01
2.321898834231027053e-01 -8.101908236416467401e-01
2.321137997585448476e-01 -8.290369412039141350e-01
2.319146652386248619e-01 -8.481753292382927523e-01
2.316612855384367065e-01 -8.674099374874145729e-01
2.314224663330743392e-01 -8.865447156939126883e-01
2.312670132976318016e-01 -9.053836136004189683e-01
2.312637321072030794e-01 -9.237305809495660602e-01
2.314814284368820474e-01 -9.413895674839859451e-01
2.319889079617628302e-01 -9.581645229463117142e-01
2.328549763569393583e-01 -9.738593970791754595e-01
2.341484392975056172e-01 -9.882781396252092732e-01
2.359381024585555930e-01 -1.001224700327045802e+00
2.382927715151831882e-01 -1.012503028927317139e+00
2.412812521424825274e-01 -1.021917075168656153e+00
2.449723500155475686e-01 -1.029270788793695379e+00
2.494348708094722700e-01 -1.034368119545066467e+00
2.547376201993505340e-01 -1.037013017165402395e+00
2.609494038602764854e-01 -1.037009431397335479e+00
2.681390274673441376e-01 -1.034161311983498033e+00
2.763752966956473101e-01 -1.028272608666522148e+00
2.857270172202800440e-01 -1.019147271189040360e+00
2.962629947163363808e-01 -1.006589249293685429e+00
3.080520348589102508e-01 -9.904024927230895559e-01
3.211629433230955843e-01 -9.703909512198847231e-01
3.356641410555555316e-01 -9.463596441473264287e-01
3.515409189685074764e-01 -9.183447086961942230e-01
3.685923180766035867e-01 -8.869000933632480432e-01
3.865920578861250512e-01 -8.526501454131940605e-01
4.053138579033531141e-01 -8.162192121107388898e-01
4.245314376345693530e-01 -7.782316407205891462e-01
4.440185165860544569e-01 -7.393117785074507786e-01
4.635488142640901699e-01 -7.000839727360302911e-01
4.828960501749570144e-01 -6.611725706710350758e-01
5.018339438249372897e-01 -6.232019195771698605e-01
5.201362147203115738e-01 -5.867963667191417043e-01
5.375765823673614996e-01 -5.525802593616571112e-01
5.539287662723680894e-01 -5.211779447694226963e-01
5.689664859416125875e-01 -4.932137702071444640e-01
5.824634608813763492e-01 -4.693120829395291960e-01
5.941934105979407299e-01 -4.500972302312831186e-01
6.039300545975864187e-01 -4.361935593471126804e-01
6.114826016719441260e-01 -4.281272780270001244e-01
6.169312313234233125e-01 -4.256752710389700156e-01
6.204810557050921549e-01 -4.282689433579865979e-01
6.223378548806672850e-01 -4.353378529668029406e-01
6.227074089138657786e-01 -4.463115578481718915e-01
6.217954978684041567e-01 -4.606196159848461313e-01
6.198079018079994951e-01 -4.776915853595788963e-01
6.169504007963682035e-01 -4.969570239551228674e-01
6.134287748972275800e-01 -5.178454897542309476e-01
6.094488041742939233e-01 -5.397865407396560400e-01
6.052162686912845313e-01 -5.622097348941512696e-01
6.009369485119157028e-01 -5.845446302004690953e-01
5.968166076943253184e-01 -6.062208310355421403e-01
5.930189978841284848e-01 -6.267897200245109435e-01
5.895747441109885356e-01 -6.461885639897635425e-01
5.864881644982899989e-01 -6.644308836217737158e-01
5.837635771694168474e-01 -6.815301996110155747e-01
5.814053002477530541e-01 -6.975000326479637858e-01
5.794176518566830358e-01 -7.123539034230924605e-01
5.778049501195907656e-01 -7.261053326268754882e-01
5.765715131598605492e-01 -7.387678409497873133e-01
5.757216591008763595e-01 -7.503549490823020474e-01
5.752597060660226136e-01 -7.608801777148938017e-01
5.751899721786833952e-01 -7.703570475380369098e-01
5.755167755622427883e-01 -7.787990792422055941e-01
5.762444343400849878e-01 -7.862197935178739661e-01
5.773772666355941885e-01 -7.926327110555163591e-01
5.789195905721545854e-01 -7.980513525456066626e-01
5.808757242731500403e-01 -8.024892386786193210e-01
5.832499858619653033e-01 -8.059598901450286679e-01
5.860466934619840140e-01 -8.084768276353083705e-01
5.892701651965904786e-01 -8.100535718399332064e-01
5.929247191891690028e-01 -8.107036434493770649e-01
5.970146735631036705e-01 -8.104405631541143906e-01
6.015443464417785657e-01 -8.092778516446188508e-01
6.065180559485781053e-01 -8.072290296113653341e-01
6.119401202068859291e-01 -8.043076177448276187e-01
6.178148573400868981e-01 -8.005271367354800383e-01
6.241465854715645412e-01 -7.959011072737967041e-01
6.309396227247032751e-01 -7.904430500502517276e-01
6.381982872228874060e-01 -7.841664857553196644e-01
6.459268970895007955e-01 -7.770849350794742927e-01
6.541297704479277497e-01 -7.692119187131903901e-01
6.628112254215525745e-01 -7.605609573469415130e-01
6.719755801337594647e-01 -7.511455716712021058e-01
6.816271527079321713e-01 -7.409792823764462799e-01
6.917702612674551110e-01 -7.300756101531484799e-01
7.024092239357127010e-01 -7.184480756917825950e-01
7.135483588360889140e-01 -7.061101996828232918e-01
7.251919840919676119e-01 -6.930755028167441267e-01
7.373444178267332116e-01 -6.793575057840197662e-01
7.500099781637700191e-01 -6.649697292751243216e-01
7.631929832264620073e-01 -6.499256939805321265e-01
7.768977511381933709e-01 -6.342389205907168481e-01
7.911286000223483050e-01 -6.179229297961531531e-01
8.058898480023111155e-01 -6.009912422873153748e-01
8.211858132014654421e-01 -5.834573787546771806e-01
8.370208137431960349e-01 -5.653348598887131260e-01
8.533991677508866447e-01 -5.466372063798973224e-01
8.703251933479219105e-01 -5.273779389187041033e-01
8.878032086576855830e-01 -5.075705781956073581e-01
9.058375318035618573e-01 -4.872286449010815312e-01
9.244324809089350392e-01 -4.663656597256008451e-01
9.435923740971892126e-01 -4.449951433596393002e-01
9.633215294917086835e-01 -4.231306164936712855e-01
9.836242652158774247e-01 -4.007855998181709678e-01
1.004504899393079631e+00 -3.779736140236124031e-01
1.025967750146699053e+00 -3.547081798004704245e-01
1.048017135600120886e+00 -3.310028178392183107e-01
1.070657373876728435e+00 -3.068710488303305617e-01
1.093892783099906341e+00 -2.823263934642814554e-01
1.117727681393038797e+00 -2.573823724315452144e-01
1.142166386879509554e+00 -2.320525064225959777e-01
1.167213217682702808e+00 -2.063503161279080234e-01
1.192872491926002976e+00 -1.802893222379554905e-01
1.219148527732794030e+00 -1.538830454432126571e-01
