1.457405941178246289e+00 -2.010843244264743090e-01
1.345715629965727578e+00 -2.457669529419642673e-01
1.222318677688747357e+00 -2.761839178593425981e-01
1.089203160562781880e+00 -2.932991704569608005e-01
9.483571548033090659e-01 -2.980766620131708455e-01
8.017687366258052784e-01 -2.914803438063247598e-01
6.514259822457469928e-01 -2.744741671147740703e-01
4.993169678786112953e-01 -2.480220832168706369e-01
3.474297697398753271e-01 -2.130880433909665694e-01
1.977524640450158411e-01 -1.706359989154135337e-01
5.227312700950974972e-02 -1.216299010685634452e-01
-8.702016515116596518e-02 -6.703370112876809450e-02
-2.181393362215347242e-01 -7.811350374379298286e-03
-3.390963099861194485e-01 5.507319991625110600e-02
-4.479030102294435101e-01 1.206559984647712636e-01
-5.425713607360294066e-01 1.879730939928291600e-01
-6.211132852904009960e-01 2.560605352220732822e-01
-6.815407076770809702e-01 3.239543708741515760e-01
-7.218655516805925210e-01 3.906906496707120424e-01
-7.417316721975184546e-01 4.547989828237572474e-01
-7.501135149958647608e-01 5.120536947804740224e-01
-7.520828568395436786e-01 5.608498450551621106e-01
-7.482335165962101797e-01 6.017865214604328772e-01
-7.391049069456686604e-01 6.354895731723750885e-01
-7.252364405677237391e-01 6.625848493670769557e-01
-7.071675301421802562e-01 6.836981992206281333e-01
-6.854375883488426080e-01 6.994554719091167216e-01
-6.605860278675153019e-01 7.104825166086314869e-01
-6.331522613780030673e-01 7.174051824952610845e-01
-6.036757015601105225e-01 7.208493187450945028e-01
-5.726957610936420640e-01 7.214407745342201750e-01
-5.407518526584023100e-01 7.198053990387267564e-01
-5.083833889341961010e-01 7.165690414347033466e-01
-4.761297826008275558e-01 7.123575508982382676e-01
-4.445304463381017368e-01 7.077967766054202858e-01
-4.141247928258231514e-01 7.035125677323386117e-01
-3.854522347437962515e-01 7.001307734550812345e-01
-3.589582231883505781e-01 6.981720741159604948e-01
-3.346717427444932391e-01 6.976910095806907464e-01
-3.125064322765911395e-01 6.986130161550823114e-01
-2.923759264823234671e-01 7.008635254812769499e-01
-2.741938600593687436e-01 7.043679692014153115e-01
-2.578738677054060457e-01 7.090517789576390451e-01
-2.433295841181139507e-01 7.148403863920890222e-01
-2.304746439951712300e-01 7.216592231469065588e-01
-2.192226820342568216e-01 7.294337208642327486e-01
-2.094873329330495249e-01 7.380893111862090183e-01
-2.011822313892281389e-01 7.475514257549764618e-01
-1.942210121004715184e-01 7.577454962126763949e-01
-1.885173097644583795e-01 7.685969542014496891e-01
-1.839847590788676046e-01 7.800312313634379935e-01
-1.805369947413779652e-01 7.919737593407824017e-01
-1.780876514496682328e-01 8.043499697756238964e-01
-1.765503639014173176e-01 8.170852943101037935e-01
-1.758387667943039356e-01 8.301051645863635198e-01
-1.758664948260069694e-01 8.433350122465438359e-01
-1.765471826942051903e-01 8.567002689327863907e-01
-1.777944650965773421e-01 8.701263662872319449e-01
-1.795219767308023628e-01 8.835387359520220363e-01
-1.816433522945589407e-01 8.968628095692980917e-01
-1.840722264855259860e-01 9.100240187812006498e-01
-1.867222340013822979e-01 9.229477952298716925e-01
-1.895070095398066756e-01 9.355595705574518695e-01
-1.923401877984778352e-01 9.477847764060824964e-01
-1.951354034750747146e-01 9.595488444179048892e-01
-1.978062912672760298e-01 9.707772062350602527e-01
-2.002664858727606356e-01 9.813952934996896804e-01
-2.024296219892073589e-01 9.913285378539343773e-01
-2.042093343142949158e-01 1.000502370939935659e+00
-2.055192575457023274e-01 1.008842224399834731e+00
-2.062730263811081433e-01 1.016273529875773018e+00
-2.063842755181913013e-01 1.022721719009890951e+00
-2.057666396546306564e-01 1.028112223444330509e+00
-2.043337534881048967e-01 1.032370474821232786e+00
-2.019992517162929324e-01 1.035421904782738656e+00
-1.986767690368735351e-01 1.037191944970989654e+00
-1.942799401475254484e-01 1.037606027028126432e+00
-1.887223997459275826e-01 1.036589582596291192e+00
-1.819177825297587092e-01 1.034068043317624364e+00
-1.737797231966976552e-01 1.029966840834267261e+00
-1.642218564444232476e-01 1.024211406788361423e+00
-1.531578169706142301e-01 1.016727172822047720e+00
-1.405012394729493741e-01 1.007439570577467247e+00
-1.261657586491076732e-01 9.962740316967617638e-01
-1.100650091967679822e-01 9.831559878220721416e-01
-9.212084361428453383e-02 9.680205336185936371e-01
-7.243206941971779000e-02 9.510108389412746943e-01
-5.126800055761267239e-02 9.324705661606416118e-01
-2.890487849735590489e-02 9.127515234802594524e-01
-5.618944708334505482e-03 8.922055191036944999e-01
1.831355934006466055e-02 8.711843612345121501e-01
4.261639217845462901e-02 8.500398580762779099e-01
6.701331233744838023e-02 8.291238178325575081e-01
9.122807834765918333e-02 8.087880487069163404e-01
1.149844487397000820e-01 7.893843589029203578e-01
1.380061820441839948e-01 7.712645566241349560e-01
1.600170367917240211e-01 7.547804500741263078e-01
1.807407715129334957e-01 7.402838474564590321e-01
1.999011447384254070e-01 7.281265569746996347e-01
2.172219149988127429e-01 7.186603868324131783e-01
2.324268408247087137e-01 7.122371452331658359e-01
2.452396807467261131e-01 7.092086403805226702e-01
2.553841932954784566e-01 7.099266804780498541e-01
2.625841370015784548e-01 7.147430737293125613e-01
2.665632703956392624e-01 7.240096283378765207e-01
2.670453520082741172e-01 7.380781525073075722e-01
2.637541403700959797e-01 7.573004544411712224e-01
2.564535157920685982e-01 7.819700808924606728e-01
2.457650553849081432e-01 8.111351039799897800e-01
2.331333512881045289e-01 8.426484831181960677e-01
2.200361773624871509e-01 8.743149940367263007e-01
2.079015384874296490e-01 9.040155729590714229e-01
1.973067944618930869e-01 9.309328815512980526e-01
1.881156685891857139e-01 9.553416453784263629e-01
1.801697821148587619e-01 9.775504123499276776e-01
1.733107562844636573e-01 9.978677303752727656e-01
1.673802123435518541e-01 1.016602147363932840e+00
1.622197715376744453e-01 1.034062211225380112e+00
1.576710551123828297e-01 1.050556469869084131e+00
1.535756843132283500e-01 1.066393471204516885e+00
1.497752803857624881e-01 1.081881763141149699e+00
1.461114645755364760e-01 1.097329893588454119e+00
1.424258581281016844e-01 1.113046410455900137e+00
1.385600822890094841e-01 1.129339861652959964e+00
1.343557583038111625e-01 1.146518795089104259e+00
1.296545074180580626e-01 1.164891758673803901e+00
1.242979508773015829e-01 1.184767300316530880e+00
1.181277099270930248e-01 1.206453967926756077e+00
1.109854058129837312e-01 1.230260309413950370e+00
1.027126597805250591e-01 1.256494872687585085e+00
9.315109307526835136e-02 1.285466205657131544e+00
8.214232694276490943e-02 1.317482856232060628e+00
6.952798262856614564e-02 1.352853372321843661e+00
5.514968137822336830e-02 1.391886301835952189e+00
3.884904443728787876e-02 1.434890192683856647e+00
2.046769305131112757e-02 1.482173592775029025e+00
-1.527515341556744328e-04 1.534045050018939760e+00
-2.295311716382001863e-02 1.590541399172958448e+00
-4.555018731417779382e-02 1.648796828337341092e+00
-6.415328551109629462e-02 1.704187659464608817e+00
-7.517550975163066196e-02 1.752326030504475218e+00
-7.754544720605821562e-02 1.791755399955511585e+00
-7.177653892350320530e-02 1.822866069781749365e+00
-5.840698245068828842e-02 1.846077190900695664e+00
-3.797497533433620565e-02 1.861807914229856920e+00
-1.101871512116983642e-02 1.870477390686739572e+00
2.192360064208804388e-02 1.872504771188852279e+00
6.031377440871460438e-02 1.868309206653700594e+00
1.036136086319871669e-01 1.858309847998792286e+00
1.512849057651827478e-01 1.842925846141634683e+00
2.027894682615788979e-01 1.822576351999734223e+00
2.575890985744523909e-01 1.797680516490597791e+00
3.151455991570806248e-01 1.768657490531733378e+00
3.749207724627409144e-01 1.735926425040647203e+00
4.363764209447104081e-01 1.699906470934846814e+00
4.989743470562662542e-01 1.661016779131839094e+00
5.621763532506854899e-01 1.619676500549131148e+00
6.254442419812459297e-01 1.576304786104230304e+00
6.882398157012239448e-01 1.531320786714642557e+00
7.500248768638971830e-01 1.485143653297876121e+00
8.102612279225429592e-01 1.438192536771437657e+00
8.684106713304382552e-01 1.390886588052833828e+00
9.239350095408603858e-01 1.343644958059572625e+00
9.762960450070863327e-01 1.296886797709160266e+00
1.024955580182393966e+00 1.251031257919104522e+00
1.069375417520059823e+00 1.206497489606911833e+00
1.109017359473361442e+00 1.163704643690089302e+00
1.143343208495574803e+00 1.123071871086145146e+00
1.171814767039979222e+00 1.085018322712584471e+00
1.193893837559850679e+00 1.049963149486915270e+00
1.209042222508466935e+00 1.018325502326644649e+00
1.216721724339104638e+00 9.905245321492797128e-01
1.216394145505041324e+00 9.669793898723273440e-01
1.207525398713647835e+00 9.481070575230440278e-01
1.190145432238972178e+00 9.340268880250538475e-01
1.165417476507861094e+00 9.242602263549153374e-01
1.134640410275537636e+00 9.182568388640639512e-01
1.099113112297225525e+00 9.154664919039342541e-01
1.060134461328147593e+00 9.153389518259608115e-01
1.019003336123527559e+00 9.173239849815792990e-01
9.770186154385875898e-01 9.208713577222237268e-01
9.354791780285514058e-01 9.254308363993294373e-01
8.956839026486422828e-01 9.304521873643311070e-01
8.589316680540831639e-01 9.353851769686636342e-01
8.265213530000975473e-01 9.396795715637623614e-01
7.997518362419081539e-01 9.427851375010612989e-01
7.799219965347383710e-01 9.441516411319959001e-01
7.683307126338114745e-01 9.432288488080009525e-01
7.662768632943504077e-01 9.394665268805111324e-01
7.750593272715783355e-01 9.323144417009613383e-01
7.955636291446896990e-01 9.199457607248441304e-01
8.235755249372747056e-01 8.899631168094650491e-01
8.548038292086891365e-01 8.437780053106139766e-01
8.857991197355051805e-01 7.877227888088722541e-01
9.131119742942933604e-01 7.281298298848237760e-01
9.332929706616237553e-01 6.713314911190515488e-01
9.428926866140679985e-01 6.236601350921391340e-01
9.384616999281961691e-01 5.914481243846690939e-01
9.165505883805799003e-01 5.810278215772253230e-01
8.737099297477893822e-01 5.987315892503904946e-01
8.064903018063955820e-01 6.508917899847480593e-01
