-4.007183628795632502e-01 -1.083794278365067143e+00
-6.066621677780613675e-01 -9.565682223356867242e-01
-7.621641510681164133e-01 -8.325160968475587842e-01
-8.721367512588760196e-01 -7.119298848069711694e-01
-9.414924068594883177e-01 -5.951015691202118374e-01
-9.751435563791016614e-01 -4.823231326935696339e-01
-9.780026383268629608e-01 -3.738865584333316283e-01
-9.549820912119200145e-01 -2.700838292457861112e-01
-9.109943535434217310e-01 -1.712069280372216229e-01
-8.509518638305151317e-01 -7.754783771392569081e-02
-7.797670605823477930e-01 1.060145881781359746e-02
-7.023523823080684014e-01 9.294897865170781426e-02
-6.236202675168238674e-01 1.692027388814694167e-01
-5.484028744163531588e-01 2.390790300134859325e-01
-4.792165463908321654e-01 3.025328024916327796e-01
-4.159664826755015699e-01 3.597881023252066379e-01
-3.584182694624044041e-01 4.110833635651661710e-01
-3.063374929435843108e-01 4.566570202624696817e-01
-2.594897393110841000e-01 4.967475064680751951e-01
-2.176405947569469979e-01 5.315932562329411804e-01
-1.805556454732163973e-01 5.614327036080261069e-01
-1.480004776519354415e-01 5.865042826442883328e-01
-1.197406774851472455e-01 6.070464273926858834e-01
-9.554183116489517458e-02 6.232975719041772278e-01
-7.516952488322244108e-02 6.354961502297206133e-01
-5.838934483217216725e-02 6.438805964202747312e-01
-4.496687720378760023e-02 6.486893445267973846e-01
-3.466770819011198712e-02 6.501608286002473758e-01
-2.725742398318855425e-02 6.485334826915829520e-01
-2.250161077506050711e-02 6.440457408517620275e-01
-2.016585475777100955e-02 6.369360371317434044e-01
-2.001574212336334341e-02 6.274428055824852191e-01
-2.181685906388068641e-02 6.158044802549458296e-01
-2.533479177136628221e-02 6.022594952000834834e-01
-3.033512643786334673e-02 5.870462844688565385e-01
-3.658344925541506809e-02 5.704032821122232422e-01
-4.384534641606466221e-02 5.525689221811425078e-01
-5.188640411185539703e-02 5.337816387265718054e-01
-6.047220853483046415e-02 5.142798657994699374e-01
-6.936834587703305521e-02 4.943020374507952064e-01
-7.834040233050643121e-02 4.740865877315058596e-01
-8.715396408729375599e-02 4.538719506925600888e-01
-9.559471174251348013e-02 4.338704210208266243e-01
-1.035857944795785524e-01 4.141154704012194876e-01
-1.111079052158529812e-01 3.945657160127882257e-01
-1.181419316604570141e-01 3.751795216439928748e-01
-1.246687615225108431e-01 3.559152510832935268e-01
-1.306692825111347156e-01 3.367312681191501622e-01
-1.361243823354488514e-01 3.175859365400229839e-01
-1.410149487045735117e-01 2.984376201343718060e-01
-1.453218693276289164e-01 2.792446826906568313e-01
-1.490260319137352574e-01 2.599654879973379851e-01
-1.521083241720128376e-01 2.405583998428754700e-01
-1.545496338115818213e-01 2.209817820157291279e-01
-1.563308485415624838e-01 2.011939983043593005e-01
-1.574328560710750446e-01 1.811534124972257742e-01
-1.578365441092397237e-01 1.608183883827888350e-01
-1.575228003651767128e-01 1.401472897495082137e-01
-1.564725125480063983e-01 1.190984803858445018e-01
-1.546665683668488334e-01 9.763032408025709707e-02
-1.520858555308243210e-01 7.570118462120635494e-02
-1.487112617490531086e-01 5.326942579715229081e-02
-1.445236747306553604e-01 3.029341139655499990e-02
-1.395039821847513795e-01 6.731505207874473318e-03
-1.336330718204613854e-01 -1.745792898042924923e-02
-1.268919428350760992e-01 -4.231630979298917072e-02
-1.192791182093744795e-01 -6.785085540222950129e-02
-1.108295743039564296e-01 -9.399763940867036927e-02
-1.015828344313143006e-01 -1.206838613126127030e-01
-9.157842190394069326e-02 -1.478367206143570423e-01
-8.085586003432783386e-02 -1.753834168142043570e-01
-6.945467213496833714e-02 -2.032511494124551454e-01
-5.741438151835447784e-02 -2.313671179094106134e-01
-4.477451149697868338e-02 -2.596585218053714672e-01
-3.157458538333341586e-02 -2.880525606006383299e-01
-1.785412648991109227e-02 -3.164764337955120466e-01
-3.652658129204173001e-03 -3.448573408902932957e-01
1.099029638629495098e-02 -3.731224813852831446e-01
2.603521374409387829e-02 -4.011990547807821050e-01
4.144257063170011385e-02 -4.290142605770909112e-01
5.717284373662130659e-02 -4.564952982745106858e-01
7.318650974636495277e-02 -4.835693673733418851e-01
8.944404534843869437e-02 -5.101636673738855210e-01
1.059059272303500970e-01 -5.362053977764421608e-01
1.225326320796065183e-01 -5.616217580813126498e-01
1.392846365837158429e-01 -5.863399477887978328e-01
1.561224174301856227e-01 -6.102871663991985551e-01
1.730064513065233678e-01 -6.333906134128156618e-01
1.898972149002366161e-01 -6.555774883299496647e-01
2.067551848988329055e-01 -6.767749906509015201e-01
2.235408379898198572e-01 -6.969103198759719620e-01
2.402146508607050646e-01 -7.159106755054618354e-01
2.567371001989962043e-01 -7.337032570396719855e-01
2.730686626922006477e-01 -7.502152639789030353e-01
2.891698150278260715e-01 -7.653738958234557188e-01
3.050010338933800691e-01 -7.791063520736312142e-01
3.205227959763699008e-01 -7.913398322297295895e-01
3.356955779643037707e-01 -8.020015357920523558e-01
3.504798565446887726e-01 -8.110186622608999141e-01
3.648361084050327219e-01 -8.183184111365732205e-01
3.787248102328431010e-01 -8.238279819193728981e-01
3.921064387156273368e-01 -8.274745741095999030e-01
4.049414705408932447e-01 -8.291853872075548582e-01
4.171903823961483626e-01 -8.288876207135388308e-01
4.288136509689000064e-01 -8.265084741278519997e-01
4.397717529466560471e-01 -8.219751469507956543e-01
4.500251650169239670e-01 -8.152148386826706394e-01
4.595345995479234169e-01 -8.061549613265212022e-01
4.683011659848121955e-01 -7.947593511205646166e-01
4.764118064577252398e-01 -7.810692357912180084e-01
4.839644385622904332e-01 -7.651357391506188321e-01
4.910569798941355479e-01 -7.470099850109048756e-01
4.977873480488890778e-01 -7.267430971842142595e-01
5.042534606221783511e-01 -7.043861994826843276e-01
5.105532352096318061e-01 -6.799904157184526454e-01
5.167845894068772150e-01 -6.536068697036574449e-01
5.230454408095422947e-01 -6.252866852504367357e-01
5.294337070132557610e-01 -5.950809861709271953e-01
5.360473056136447756e-01 -5.630408962772670556e-01
5.429841542063377213e-01 -5.292175393815941042e-01
5.503421703869626480e-01 -4.936620392960461290e-01
5.582192717511472724e-01 -4.564255198327608065e-01
5.667133758945197552e-01 -4.175591048038758690e-01
5.759224004127079244e-01 -3.771139180215289932e-01
5.859442629013397186e-01 -3.351410832978581333e-01
5.968768809560432986e-01 -2.916917244450006885e-01
6.088181721724464923e-01 -2.468169652750947241e-01
6.218660541461773494e-01 -2.005679296002778889e-01
6.361184444728636977e-01 -1.529957412326878874e-01
6.516732607481335871e-01 -1.041515239844623963e-01
6.686284205676152892e-01 -5.408640166773918262e-02
6.870818415269361878e-01 -2.851498094656023524e-03
7.071314412217246659e-01 4.950206292264936608e-02
7.288747040179898162e-01 1.029216025900316911e-01
7.523225203334206190e-01 1.570436322661340200e-01
7.772950951047550294e-01 2.108202399018526130e-01
8.035872179166023699e-01 2.631122906563622688e-01
8.309936783535727400e-01 3.127806496888383969e-01
8.593092660002754624e-01 3.586861821584562682e-01
8.883287704413200814e-01 3.996897532243908202e-01
9.178469812613156975e-01 4.346522280458172682e-01
9.476586880448719663e-01 4.624344717819106609e-01
9.775586803765989874e-01 4.818973495918466021e-01
1.007341747841106194e+00 4.919017266348004735e-01
1.036802680023003242e+00 4.913084680699469353e-01
1.065736266506898566e+00 4.789784390564609806e-01
1.093957446060051852e+00 4.540745293626680112e-01
1.121383917150346132e+00 4.172999373122771027e-01
1.147966053086972193e+00 3.698476382262382844e-01
1.173654240795943826e+00 3.129108115338233853e-01
1.198398867203274820e+00 2.476826366643034849e-01
1.222150319234978966e+00 1.753562930469503012e-01
1.244858983817070941e+00 9.712496011103542715e-02
1.266475247875564092e+00 1.418181728583042464e-02
1.286949498336472653e+00 -7.227995599939361637e-02
1.306232122125809969e+00 -1.610671803153645998e-01
1.324273506169590942e+00 -2.509866762328115120e-01
1.341024037393828694e+00 -3.408452643224624823e-01
1.356434102724537460e+00 -4.294497651550460704e-01
1.370454089087731253e+00 -5.156069993012910579e-01
1.383034383409423640e+00 -5.981237873319255050e-01
1.394125372615629521e+00 -6.758069498176783041e-01
1.403677443632361577e+00 -7.474633073292775709e-01
1.411640983385634707e+00 -8.118996804374519760e-01
1.417966378801462479e+00 -8.679228897129300790e-01
1.422604016805858684e+00 -9.143397557264402176e-01
1.425504284324837556e+00 -9.499570990487108402e-01
1.426617568284413107e+00 -9.735817402504703955e-01
1.425894255610598904e+00 -9.840204999024481092e-01
1.423284733229409182e+00 -9.800801985753718748e-01
1.418739130058992659e+00 -9.605688778219311219e-01
1.412092936206266858e+00 -9.248370894803039644e-01
1.402887180286203961e+00 -8.736288784504450122e-01
1.390616267978436627e+00 -8.079089253985870522e-01
1.374774604962597513e+00 -7.286419109909627601e-01
1.354856596918318168e+00 -6.367925158938049224e-01
1.330356649525231916e+00 -5.333254207733468810e-01
1.300769168462971193e+00 -4.192053062958213117e-01
1.265588559411168657e+00 -2.953968531274612230e-01
1.224309228049456744e+00 -1.628647419344995684e-01
1.176060037917607382e+00 -3.218249657523533647e-02
1.119848498148118265e+00 5.114619617131927615e-02
1.058177664982582922e+00 8.719753999566333402e-02
9.939270724035570437e-01 8.296818111700729470e-02
9.299762543935964354e-01 4.545476575456167817e-02
8.692047449352567901e-01 -1.834605987246296088e-02
8.144920780110942449e-01 -1.014376495448561649e-01
7.687177876036647151e-01 -1.968233570434074486e-01
7.347614076955236717e-01 -2.975065361489062643e-01
7.148583897896203521e-01 -3.949989673622995578e-01
7.070897763919374857e-01 -4.712432670245744193e-01
7.086236243558767800e-01 -5.128524278139742210e-01
7.180936976103675651e-01 -5.233078153739145755e-01
7.343072585115979489e-01 -5.080829730194591498e-01
7.560715694157559286e-01 -4.726514440656707228e-01
7.821938926790293900e-01 -4.224867718276127948e-01
8.114814906576062192e-01 -3.630624996203487553e-01
8.427416257076738582e-01 -2.998521707589417717e-01
8.747815601854205259e-01 -2.383293285584554555e-01
9.064085564470338863e-01 -1.839675163339529740e-01
9.364298768487013813e-01 -1.422402774004976889e-01
