5.155512633576246895e-01 3.170420728943994515e-01
2.356274501603893567e-01 1.329929130697505568e-01
-1.255150120424709803e-02 -2.203030706933193500e-02
-2.307355787384737233e-01 -1.498714310372261105e-01
-4.206747704444792069e-01 -2.523743023483100978e-01
-5.841190643244527081e-01 -3.313827645169620251e-01
-7.228184483805825122e-01 -3.887406610575597221e-01
-8.385229106150579037e-01 -4.262918354844816293e-01
-9.329824390300671677e-01 -4.458801313121054655e-01
-1.007947021627799922e+00 -4.493493920548094489e-01
-1.065166646410444340e+00 -4.385434612269718535e-01
-1.106391301380189596e+00 -4.153061823429705646e-01
-1.133370974539224196e+00 -3.814813989171836339e-01
-1.147855653889737315e+00 -3.389129544639892244e-01
-1.151595327433917237e+00 -2.894446924977652214e-01
-1.146339983173953136e+00 -2.349204565328901206e-01
-1.133839609112034186e+00 -1.771840900837416410e-01
-1.115844193250349115e+00 -1.180794366646979870e-01
-1.094103723591086208e+00 -5.945033979013737008e-02
-1.070368188136434640e+00 -3.140642974437576115e-03
-1.046387574888583138e+00 4.900581026802318385e-02
-1.023911871849720878e+00 9.514517642286668409e-02
-1.004681508911165810e+00 1.334441076350125210e-01
-9.872940296311134567e-01 1.655204259103432440e-01
-9.626856796436052965e-01 2.014047425475141151e-01
-9.210540869341312664e-01 2.519458082323487447e-01
-8.596246220319206932e-01 3.203974767038025306e-01
-7.815591383937786629e-01 4.035980314403719849e-01
-6.902059829127643598e-01 4.981842120505555194e-01
-5.889135024819373010e-01 6.007927581428510466e-01
-4.810300439943548390e-01 7.080604093257578668e-01
-3.699039543430776011e-01 8.166239052077745031e-01
-2.588835804211638836e-01 9.231199853973987013e-01
-1.513172691216727039e-01 1.024185389503128985e+00
-5.055336733766327417e-02 1.116456857133463876e+00
4.005977803780545743e-02 1.196571127896902009e+00
1.174591278078472856e-01 1.261461876457490527e+00
1.811735114432484195e-01 1.310760274522416280e+00
2.321137875284982055e-01 1.345535845785696516e+00
2.712037323804130651e-01 1.366871558119746144e+00
2.993671223158095307e-01 1.375850379396982071e+00
3.175277336515039406e-01 1.373555277489819870e+00
3.266093427043131880e-01 1.361069220270675562e+00
3.275357257910533892e-01 1.339475175611964941e+00
3.212306592285412155e-01 1.309856111386104471e+00
3.086179193335933379e-01 1.273294995465510171e+00
2.906212824230258729e-01 1.230874795722597392e+00
2.681645248136555471e-01 1.183678480029782820e+00
2.421714228222989485e-01 1.132789016259482251e+00
2.135657527657721932e-01 1.079289372284111037e+00
1.832712909608921470e-01 1.024262515976085863e+00
1.522118137244751757e-01 9.687914152078228591e-01
1.213110973733377562e-01 9.139590378517374880e-01
9.147833306383316987e-02 8.608305513485607907e-01
6.325539030679497299e-02 8.100228261268537233e-01
3.679819169155074815e-02 7.616817044199232223e-01
1.224434673468867765e-02 7.159306783058569934e-01
-1.026853504720279774e-02 6.728932398627434086e-01
-3.060284413753503949e-02 6.326928811686707288e-01
-4.862097101972023827e-02 5.954530943017258826e-01
-6.418530617716966535e-02 5.612973713399976861e-01
-7.715824009329499966e-02 5.303492043615739560e-01
-8.740216325150786114e-02 5.027320854445427312e-01
-9.477946613521995300e-02 4.785695066669920505e-01
-9.915253922784278418e-02 4.579849601070100085e-01
-1.003837730127880717e-01 4.411019378426844217e-01
-9.833555797346740790e-02 4.280439319521032737e-01
-9.287028459329238483e-02 4.189344345133547698e-01
-8.385034335567466413e-02 4.138969376045267823e-01
-7.113812474402586572e-02 4.130549333037073501e-01
-5.459601924175757487e-02 4.165319136889845675e-01
-3.408641733228180010e-02 4.244513708384461403e-01
-9.471709499009597563e-03 4.369367968301804961e-01
1.938571377464713696e-02 4.541116837422752850e-01
5.262346200527683732e-02 4.760995236528188235e-01
9.037914470946784018e-02 5.030238086398989283e-01
1.327903714038084493e-01 5.350080307816035274e-01
1.799947516048872875e-01 5.721756821560208817e-01
2.321298948292924158e-01 6.146502548412388078e-01
2.893334105936123390e-01 6.625552409153453448e-01
3.517429084144354512e-01 7.160141324564285314e-01
4.194463665599825752e-01 7.751093063418235118e-01
4.912461641118707756e-01 8.388581316083699724e-01
5.645735444547318460e-01 9.051421098445706637e-01
6.367929901681812499e-01 9.717874370806162121e-01
7.052689838318382254e-01 1.036620309346700797e+00
7.673660080253188465e-01 1.097466922673015599e+00
8.204485453282401863e-01 1.152153473089752911e+00
8.618810783202192072e-01 1.198506156627104691e+00
8.890280895808733153e-01 1.234351169315263119e+00
8.992540616898191397e-01 1.257514707184420599e+00
8.903264264132636496e-01 1.266138653383338530e+00
8.640754301339433896e-01 1.261547868672491246e+00
8.246847048765703070e-01 1.246910953809660549e+00
7.763666575102952105e-01 1.225419052960159627e+00
7.233336949042697972e-01 1.200263310289302110e+00
6.697982239276464300e-01 1.174634869962403627e+00
6.199726514495751406e-01 1.151724876144777143e+00
5.780693843392080700e-01 1.134724473001736289e+00
5.483008294656965820e-01 1.126824804698596028e+00
5.341316793148911390e-01 1.130647576088614104e+00
5.347107248367587440e-01 1.145527616640035218e+00
5.476415997844741312e-01 1.169623005352194989e+00
5.705259752499018955e-01 1.201090326513973849e+00
6.009655223249075195e-01 1.238086164414253121e+00
6.365619121013552650e-01 1.278767103341912792e+00
6.749168156711107258e-01 1.321289727585834628e+00
7.136319041260381635e-01 1.363810621434898396e+00
7.503557062005611344e-01 1.404522463741203486e+00
7.839076126520361232e-01 1.442519851400505537e+00
8.143320821930518649e-01 1.477841054322022840e+00
8.417312793262107240e-01 1.510568793334224669e+00
8.662073685541155088e-01 1.540785789265580963e+00
8.878625143793690278e-01 1.568574762944562329e+00
9.067988813045738672e-01 1.594018435199638706e+00
9.231186338323329466e-01 1.617199526859279812e+00
9.369239364652487412e-01 1.638200758751956254e+00
9.483169537059243925e-01 1.657104851706138415e+00
9.573998500569625980e-01 1.673994526550296236e+00
9.642747900209660550e-01 1.688952504112899211e+00
9.690439381005372388e-01 1.702061505222418392e+00
9.718094587982792909e-01 1.713404250707323051e+00
9.726735166167947977e-01 1.723063461396084017e+00
9.717382760586863455e-01 1.731121858117171008e+00
9.691059016265568538e-01 1.737662161699054186e+00
9.648785578230090199e-01 1.742767092970203491e+00
9.591584091506455412e-01 1.746519372759089084e+00
9.520476201120693371e-01 1.749001721894181571e+00
9.436483552098829941e-01 1.750296861203950893e+00
9.340627789466889874e-01 1.750487511516865879e+00
9.233930558250906806e-01 1.749656393661398912e+00
9.117413503476904379e-01 1.747886228466018599e+00
8.992098270170909569e-01 1.745259736759195102e+00
8.859006503358951568e-01 1.741859639369399249e+00
8.719159848067059571e-01 1.737768657125100757e+00
8.573579949321256111e-01 1.733069510854769568e+00
8.423288452147572603e-01 1.727844921386876065e+00
8.269307001572032689e-01 1.722177609549889743e+00
8.112657242620668896e-01 1.716150296172281653e+00
7.954360820319507086e-01 1.709845702082521957e+00
7.795439379694570903e-01 1.703346548109079484e+00
7.636914565771897312e-01 1.696735555080425728e+00
7.479808023577501075e-01 1.690095443825030186e+00
7.325141398137415827e-01 1.683508935171362797e+00
7.173936334477670762e-01 1.677058749947894167e+00
7.027214477624290634e-01 1.670827608983094015e+00
6.885997472603303526e-01 1.664898233105432501e+00
6.751306964440735303e-01 1.659353343143380011e+00
6.624164598162618489e-01 1.654275659925406483e+00
6.505592018794974507e-01 1.649747904279981858e+00
6.396555910675687517e-01 1.645848392303738361e+00
6.297328210872578103e-01 1.642599760742790238e+00
6.207704614399338627e-01 1.639986478725463437e+00
6.127471519577725179e-01 1.637992270312359500e+00
6.056415324729483851e-01 1.636600859564075972e+00
5.994322428176364070e-01 1.635795970541213284e+00
5.940979228240114152e-01 1.635561327304370316e+00
5.896172123242487961e-01 1.635880653914147498e+00
5.859687511505231594e-01 1.636737674431143041e+00
5.831311791350094476e-01 1.638116112915957157e+00
5.810831361098827141e-01 1.639999693429188943e+00
5.798032619073179017e-01 1.642372140031438610e+00
5.792701963594899528e-01 1.645217176783304813e+00
5.794625792985738100e-01 1.648518527745387541e+00
5.803590505567444158e-01 1.652259916978285892e+00
5.819382499661768238e-01 1.656425068542599632e+00
5.841788173590458655e-01 1.660997706498927862e+00
5.870593925675262614e-01 1.665961554907870124e+00
5.905586154237935093e-01 1.671300337830026406e+00
5.946551257600219964e-01 1.676997779325995364e+00
5.993275634083871095e-01 1.683037603456377207e+00
6.045545682010636801e-01 1.689403534281771257e+00
6.103147799702264287e-01 1.696079295862776393e+00
6.165868385480505198e-01 1.703048612259992600e+00
6.233493837667110071e-01 1.710295207534019646e+00
6.305810554583825001e-01 1.717802805745455741e+00
6.382604934552402742e-01 1.725555130954901983e+00
6.463663375894589391e-01 1.733535907222956363e+00
6.548772276932138814e-01 1.741728858610219532e+00
6.637718035986798215e-01 1.750117709177290370e+00
6.730297228624068095e-01 1.758686864316624687e+00
6.826688530132215549e-01 1.767446309697599416e+00
6.927559282438909838e-01 1.776438745559146382e+00
7.033608723235466043e-01 1.785709007453097019e+00
7.145536090213202574e-01 1.795301930931282319e+00
7.264040621063440062e-01 1.805262351545534827e+00
7.389821553477493588e-01 1.815635104847684866e+00
7.523578125146683782e-01 1.826465026389564317e+00
7.666009573762327944e-01 1.837796951723004835e+00
7.817815137015741156e-01 1.849675716399836967e+00
7.979694052598245158e-01 1.862146155971892592e+00
8.152345558201155029e-01 1.875253105991003144e+00
8.336468891515788071e-01 1.889041402008999837e+00
8.532763290233470466e-01 1.903555879577714993e+00
8.741927992045510631e-01 1.918841374248978271e+00
8.964662234643230310e-01 1.934942721574622437e+00
9.201665255717950131e-01 1.951904757106478927e+00
9.453636292960982956e-01 1.969772316396377843e+00
9.721274584063649415e-01 1.988590234996151729e+00
1.000527936671727014e+00 2.008403348457632021e+00
1.030634987861315688e+00 2.029256492332649042e+00
