2.850498832991910092e-02 8.219924856802508506e-01
-1.143376584393049691e-02 5.726713526851961999e-01
-4.212210043259263792e-02 3.689028594983377318e-01
-6.442429131107739460e-02 2.065986472997398127e-01
-7.920461435439488107e-02 8.167035726946519913e-02
-8.732734543755521495e-02 -9.970369412422163888e-03
-8.965676043556838892e-02 -7.241189156585886577e-02
-8.705713522344460387e-02 -1.097425680107814022e-01
-8.039274567619392187e-02 -1.260507575671261926e-01
-7.052786766882643277e-02 -1.254248190548296893e-01
-5.832677707635212927e-02 -1.119531112938282336e-01
-4.465374977378123306e-02 -8.972399310405847206e-02
-3.037306163612378887e-02 -6.282582330545678773e-02
-1.632041636178150484e-02 -3.521302991261331811e-02
-2.868365212148965820e-03 -8.669034518847472739e-03
9.986224564269952086e-03 1.678374336128581057e-02
2.225732361269925144e-02 4.117368635739922927e-02
3.395890257836300941e-02 6.452917709910549471e-02
4.510493210648524459e-02 8.687859821601719157e-02
5.570938284228998949e-02 1.082503323377470017e-01
6.578622543100130782e-02 1.286727620939076278e-01
7.534943051784319390e-02 1.481742701141116891e-01
8.441296874803976003e-02 1.667832390279719856e-01
9.299081076681496583e-02 1.845280514651009562e-01
1.010969272193928820e-01 2.014370900551114285e-01
1.087452887509975791e-01 2.175387374276160912e-01
1.159498660068530584e-01 2.328613762122275499e-01
1.227246296321833907e-01 2.474333890385584656e-01
1.290835502722125216e-01 2.612831585362214715e-01
1.350405985721645497e-01 2.744390673348292009e-01
1.406097451772636009e-01 2.869294980639945369e-01
1.458049607327336350e-01 2.987828333533300573e-01
1.506402158837986394e-01 3.100274558324482288e-01
1.551294812756826846e-01 3.206917481309619067e-01
1.592867275536098692e-01 3.308040928784837242e-01
1.631259253628042083e-01 3.403928727046264813e-01
1.666610453484897170e-01 3.494864702390024780e-01
1.699060581558903826e-01 3.581132681112247362e-01
1.728749344302303592e-01 3.663016489509056672e-01
1.755816448167336341e-01 3.740799953876582928e-01
1.780401599606242502e-01 3.814766900510949688e-01
1.802644505071261949e-01 3.885201155708283283e-01
1.822684871014634833e-01 3.952386545764711157e-01
1.840662403888602972e-01 4.016606896976361307e-01
1.856716810145405405e-01 4.078146035639358957e-01
1.870987796237283673e-01 4.137287788049832105e-01
1.883615068616477095e-01 4.194315980503906527e-01
1.894738333735226654e-01 4.249514439297708557e-01
1.904497298045772780e-01 4.303166990727365637e-01
1.913031668000355345e-01 4.355557461089002991e-01
1.920481150051215058e-01 4.406969676678748615e-01
1.926985450650592624e-01 4.457687463792728844e-01
1.932684276250727917e-01 4.507994648727071674e-01
1.937717333303861644e-01 4.558175057777901773e-01
1.942224328262233402e-01 4.608512517241345474e-01
1.946344967578085006e-01 4.659290853413531330e-01
1.950218957703655775e-01 4.710793892590584564e-01
1.953986005091186418e-01 4.763305461068632618e-01
1.957785816192916806e-01 4.817109385143801825e-01
1.961758097461088479e-01 4.872489491112219073e-01
1.966042555347941034e-01 4.929729605270011805e-01
1.970778896305715178e-01 4.989113553913305799e-01
1.976106826786650505e-01 5.050925163338226831e-01
1.982166053242988280e-01 5.115448259840902345e-01
1.989096282126968096e-01 5.182966669717459229e-01
1.997037219890831772e-01 5.253764219264024371e-01
2.006128572986818071e-01 5.328124734776723548e-01
2.016510047867168254e-01 5.406332042551685868e-01
2.028321350984122751e-01 5.488669968885034889e-01
2.041702188789921435e-01 5.575422340072897498e-01
2.056792267736804736e-01 5.666872982411402804e-01
2.073729542248737567e-01 5.763301734968298007e-01
2.092554305707728379e-01 5.864766181906487796e-01
2.113159617681820701e-01 5.970988835832615749e-01
2.135426344364213525e-01 6.081664459932356603e-01
2.159235351948106951e-01 6.196487817391392872e-01
2.184467506626701361e-01 6.315153671395395962e-01
2.211003674593196577e-01 6.437356785130045056e-01
2.238724722040793536e-01 6.562791921781020443e-01
2.267511515162690949e-01 6.691153844533995754e-01
2.297244920152088921e-01 6.822137316574647947e-01
2.327805803202188384e-01 6.955437101088656204e-01
2.359075030506188331e-01 7.090747961261693044e-01
2.390933468257289973e-01 7.227764660279440978e-01
2.423261982648691470e-01 7.366181961327571415e-01
2.455941439873594867e-01 7.505694627591766865e-01
2.488852706125199155e-01 7.645997422257703180e-01
2.521876647596704157e-01 7.786785108511055098e-01
2.554894130481310532e-01 7.927752449537500690e-01
2.587786020972218104e-01 8.068594208522718025e-01
2.620433185262626141e-01 8.209005148652382955e-01
2.652716489545735579e-01 8.348680033112173549e-01
2.684516800014746241e-01 8.487313625087766766e-01
2.715714982862857951e-01 8.624600687764838458e-01
2.746191904283270535e-01 8.760235984329064474e-01
2.775828430469184371e-01 8.893914277966125104e-01
2.804505427613799284e-01 9.025330331861696198e-01
2.832103761910315654e-01 9.154178909201453607e-01
2.858504299551932193e-01 9.280154773171074289e-01
2.883587906731850947e-01 9.402952686956239647e-01
2.907235449643270631e-01 9.522267413742623310e-01
2.929327794479391622e-01 9.637793716715900016e-01
2.949745807433413747e-01 9.749226359061751168e-01
2.968370354698536828e-01 9.856260103965851505e-01
2.985082302467961801e-01 9.958589714613877986e-01
2.999762516934886825e-01 1.005590995419150868e+00
3.012291864292513943e-01 1.014791558588441944e+00
3.022551210734041871e-01 1.023430137287828723e+00
3.030421422452670988e-01 1.031476207835878789e+00
3.035783365641602782e-01 1.038899246551160838e+00
3.038517906494034304e-01 1.045668729752241122e+00
3.038505911203168153e-01 1.051754133757688114e+00
3.035628245962202487e-01 1.057124934886069401e+00
3.029765776964338797e-01 1.061750609455952787e+00
3.020799370402776352e-01 1.065600633785905638e+00
3.008609892470714975e-01 1.068644484194496203e+00
2.993078209361354491e-01 1.070851637000291623e+00
2.974085187267896391e-01 1.072191568521860150e+00
2.951511692383539387e-01 1.072633755077768702e+00
2.925256268992512676e-01 1.072151705473428640e+00
2.895410741005408073e-01 1.070763016846464355e+00
2.862186057790953031e-01 1.068512459621580479e+00
2.825794918212268803e-01 1.065445203294461241e+00
2.786450021132476640e-01 1.061606417360791976e+00
2.744364065414697240e-01 1.057041271316257580e+00
2.699749749922052966e-01 1.051794934656542502e+00
2.652819773517663404e-01 1.045912576877331412e+00
2.603786835064651473e-01 1.039439367474309428e+00
2.552863633426138978e-01 1.032420475943161442e+00
2.500262867465245509e-01 1.024901071779572126e+00
2.446197236045094259e-01 1.016926324479226373e+00
2.390879438028804260e-01 1.008541403537808412e+00
2.334522172279499541e-01 9.997914784510040231e-01
2.277338137660299411e-01 9.907217187144973236e-01
2.219540033034326232e-01 9.813772938239735399e-01
2.161340557264701256e-01 9.718033732751173437e-01
2.102952409214545459e-01 9.620451265636134064e-01
2.044588287746980648e-01 9.521477231851466216e-01
1.986460891725127798e-01 9.421563326354014389e-01
1.928782920012108715e-01 9.321161244100636400e-01
1.871767071471044097e-01 9.220722680048173414e-01
1.815626044965056862e-01 9.120699329153474366e-01
1.760572539357266320e-01 9.021542886373389303e-01
1.706819253510794554e-01 8.923705046664762719e-01
1.654578886288763095e-01 8.827637504984446881e-01
1.604064136554293196e-01 8.733791956289285174e-01
1.555487703170506109e-01 8.642620095536128755e-01
1.509062285000523085e-01 8.554573617681825448e-01
1.465000580907466210e-01 8.470104217683225301e-01
1.423515289754456459e-01 8.389663590497173917e-01
1.384819110404614806e-01 8.313703431080518014e-01
1.349124741721063059e-01 8.242675434390112077e-01
1.316644882566922192e-01 8.177031295382796161e-01
1.287592231805314014e-01 8.117222709015423643e-01
1.262179488299359498e-01 8.063701370244840128e-01
1.240619350912180313e-01 8.016918974027896772e-01
1.223124518506897573e-01 7.977327215321440290e-01
1.209907689946632947e-01 7.945377789082317399e-01
1.201181564094506993e-01 7.921522390267374814e-01
1.197158839813641934e-01 7.906212713833465910e-01
1.198052215967158884e-01 7.899900454737435185e-01
1.204074391418178958e-01 7.903037307936131572e-01
1.215438065029823822e-01 7.916074968386401789e-01
1.232355935665214591e-01 7.939465131045098101e-01
1.255040567935299667e-01 7.973659102496131190e-01
1.283370658609743198e-01 8.018142355925844678e-01
1.316171725313692031e-01 8.069353663204581473e-01
1.352062131841727521e-01 8.123132528878149738e-01
1.389660241988434075e-01 8.175318457492368740e-01
1.427584419548393047e-01 8.221750953593041089e-01
1.464453028316186900e-01 8.258269521725978279e-01
1.498884432086397822e-01 8.280713666436992915e-01
1.529496994653609110e-01 8.284922892271894268e-01
1.554909079812402117e-01 8.266736703776491613e-01
1.573739051357360141e-01 8.221994605496596442e-01
1.584605273083065369e-01 8.146536101978019140e-01
1.586126108784099986e-01 8.036200697766567869e-01
1.576919922255047013e-01 7.886827897408055232e-01
1.555605077290488358e-01 7.694257205448291614e-01
1.520799937685006487e-01 7.454328126433086288e-01
1.471122867233184417e-01 7.162880164908250746e-01
1.405192229729604336e-01 6.815752825419595373e-01
1.321626388968848154e-01 6.408785612512927221e-01
1.220463696104717444e-01 5.942516788738885225e-01
1.110052600107003934e-01 5.444982846389555542e-01
1.001755539454061983e-01 4.954193611137689968e-01
9.069391724189353188e-02 4.508172872015607791e-01
8.362774073138765085e-02 4.142781361752011504e-01
7.941188170928201173e-02 3.874129459710508594e-01
7.814252923482629953e-02 3.707752900657282358e-01
7.991266198286801903e-02 3.649087177675209848e-01
8.481525862825461948e-02 3.703567783847163120e-01
9.294329784583342524e-02 3.876630212256014230e-01
1.043897583104522464e-01 4.173709955984643560e-01
1.192476186969584351e-01 4.600242508115924833e-01
1.376098576801994822e-01 5.161663361732731214e-01
1.595694539350228647e-01 5.863408009917939756e-01
1.852193861362760874e-01 6.710911945754423069e-01
2.146526329588066273e-01 7.709610662325057096e-01
2.479621730774620170e-01 8.864939652712717777e-01
2.852409851670896779e-01 1.018233441000027772e+00
