3.108027445803287492e-01 -1.144360145432464115e+00
4.576799623582946674e-01 -1.049993892378723981e+00
5.752676897133802703e-01 -9.619609415644088113e-01
6.659868174604055557e-01 -8.799652237506957464e-01
7.322582364141908551e-01 -8.037106696987629251e-01
7.765028373895550562e-01 -7.329012101697878201e-01
8.011415112013193784e-01 -6.672407759249490145e-01
8.085951486643031538e-01 -6.064332977254239809e-01
8.012846405933263805e-01 -5.501827063323908584e-01
7.816308778032092786e-01 -4.981929325070273973e-01
7.520547511087714021e-01 -4.501679070105113478e-01
7.149771513248330823e-01 -4.058115606040209600e-01
6.728189692662144283e-01 -3.648278240487340951e-01
6.280010957477349942e-01 -3.269206281058284480e-01
5.829444119967772675e-01 -2.917939044488566114e-01
5.396137436295697087e-01 -2.591949846287428527e-01
4.982984572881190011e-01 -2.290306428438501907e-01
4.589032582283655848e-01 -2.012442590409996568e-01
4.213328517062501222e-01 -1.757792131670123936e-01
3.854919429777122208e-01 -1.525788851687093217e-01
3.512852372986928207e-01 -1.315866549929116114e-01
3.186174399251320843e-01 -1.127459025864404329e-01
2.873932561129705077e-01 -9.600000789611680407e-02
2.575173911181482533e-01 -8.129235086876182570e-02
2.288945501966059837e-01 -6.856631145119664039e-02
2.014294386042838336e-01 -5.776526959024230745e-02
1.750267615971222435e-01 -4.883260523271987924e-02
1.495912244310614869e-01 -4.171169832545046363e-02
1.250275323620420875e-01 -3.634592881525518238e-02
1.012403906460045133e-01 -3.267867664895511559e-02
7.813450453888881597e-02 -3.065332177337133646e-02
5.561457929663549127e-02 -3.021324413532494937e-02
3.358532017518495172e-02 -3.130182368163702405e-02
1.195143243047751790e-02 -3.386244035912869960e-02
-9.382378681546397689e-03 -3.783847411462102489e-02
-3.051140790494643804e-02 -4.317330489493509393e-02
-5.153094998378216635e-02 -4.981031264689198684e-02
-7.253629966211341817e-02 -5.769287731731285312e-02
-9.362275168399963876e-02 -6.676437885301872432e-02
-1.148856007935005474e-01 -7.696819720083071525e-02
-1.364201417346758149e-01 -8.824771230756993379e-02
-1.583216692515849455e-01 -1.005463041200574253e-01
-1.806854780882874434e-01 -1.138073525851141798e-01
-2.036068629888433124e-01 -1.279742376495615341e-01
-2.271796096353892735e-01 -1.429904167708459239e-01
-2.514318625426201770e-01 -1.588027189631859848e-01
-2.763022250911383315e-01 -1.753625723822960225e-01
-3.017228666798654757e-01 -1.926217356553821258e-01
-3.276259567077232648e-01 -2.105319674096501892e-01
-3.539436645736334097e-01 -2.290450262723062180e-01
-3.806081596765174546e-01 -2.481126708705560791e-01
-4.075516114152971103e-01 -2.676866598316057777e-01
-4.347061891888940877e-01 -2.877187517826612084e-01
-4.620040623962298754e-01 -3.081607053509283212e-01
-4.893774004362265173e-01 -3.289642791636131491e-01
-5.167583727078051137e-01 -3.500812318479214480e-01
-5.440791486098879304e-01 -3.714633220310594175e-01
-5.712718975413961786e-01 -3.930623083402327578e-01
-5.982687889012513471e-01 -4.148299494026473910e-01
-6.250019920883759239e-01 -4.367180038455095725e-01
-6.514036765016908426e-01 -4.586782302960250579e-01
-6.774060115401182580e-01 -4.806623873813999359e-01
-7.029411666025795480e-01 -5.026222337288399622e-01
-7.279413110879964233e-01 -5.245095279655511700e-01
-7.523386143952904836e-01 -5.462760287187394814e-01
-7.760652459233833289e-01 -5.678734946156108743e-01
-7.990533750711970029e-01 -5.892536842833713262e-01
-8.212351712376525503e-01 -6.103683563492265929e-01
-8.425428038216722371e-01 -6.311692694403827630e-01
-8.629084422221772188e-01 -6.516081821840459254e-01
-8.822642558380896505e-01 -6.716368532074216136e-01
-9.005424140683307987e-01 -6.912070411377161383e-01
-9.176750863118225965e-01 -7.102705046021354773e-01
-9.335944419674865324e-01 -7.287790022278852753e-01
-9.482326504342445395e-01 -7.466842926421718429e-01
-9.615218811110178843e-01 -7.639381344722008249e-01
-9.733943033967284997e-01 -7.804922863451783099e-01
-9.837820866902979855e-01 -7.962985068883101647e-01
-9.926174003906480525e-01 -8.113085547288024779e-01
-9.998324138966998564e-01 -8.254741884938610053e-01
-1.005359296607375885e+00 -8.387471668106918354e-01
-1.009130217921597739e+00 -8.510792483065008351e-01
-1.011077347238286128e+00 -8.624221916084940931e-01
-1.011132853956363542e+00 -8.727277553438771429e-01
-1.009228907474751580e+00 -8.819476981398565174e-01
-1.005297677192371841e+00 -8.900337786236377502e-01
-9.992713325081458153e-01 -8.969377554224269300e-01
-9.910820428209952127e-01 -9.026113871634301455e-01
-9.806619775298419661e-01 -9.070064324738529304e-01
-9.679433060336073424e-01 -9.100746499809017065e-01
-9.528682917971150745e-01 -9.117735827997690556e-01
-9.354956172980046780e-01 -9.121274889242325656e-01
-9.159586373823260796e-01 -9.112034179666528289e-01
-8.943919319632540610e-01 -9.090691215742425779e-01
-8.709300809539634036e-01 -9.057923513942145455e-01
-8.457076642676290001e-01 -9.014408590737815752e-01
-8.188592618174267423e-01 -8.960823962601570658e-01
-7.905194535165303016e-01 -8.897847146005531949e-01
-7.608228192781147925e-01 -8.826155657421826950e-01
-7.299039390153557738e-01 -8.746427013322590760e-01
-6.978973926414275830e-01 -8.659338730179947374e-01
-6.649377600695055568e-01 -8.565568324466028560e-01
-6.311596212127642547e-01 -8.465793312652961644e-01
-5.966975559843790133e-01 -8.360691211212873952e-01
-5.616861442975242813e-01 -8.250939536617895032e-01
-5.262599660653753952e-01 -8.137215805340152208e-01
-4.905536012011070812e-01 -8.020197533851776139e-01
-4.547016296178944539e-01 -7.900562238624895262e-01
-4.188386312289120728e-01 -7.778987436131636901e-01
-3.830991859473352745e-01 -7.656150642844128384e-01
-3.476178736863385632e-01 -7.532729375234501479e-01
-3.125292743590973310e-01 -7.409401149774884621e-01
-2.779679678787861374e-01 -7.286843482937402916e-01
-2.440685341585800971e-01 -7.165733891194187022e-01
-2.109655531116541582e-01 -7.046749891017367595e-01
-1.787936046511829913e-01 -6.930568998879068632e-01
-1.476872686903425713e-01 -6.817868731251424119e-01
-1.177811251423062089e-01 -6.709326604606556943e-01
-8.920975392024957373e-02 -6.605620135416601091e-01
-6.210773493734753764e-02 -6.507426840153680558e-01
-3.660964810677513198e-02 -6.415424235289926003e-01
-1.284774739077253723e-02 -6.330300449563205367e-01
9.074867693949426051e-03 -6.252876630305554961e-01
2.907496265521532230e-02 -6.184064560002205946e-01
4.706968491761489432e-02 -6.124777763652444751e-01
6.297618190573797681e-02 -6.075929766255563358e-01
7.671160104417426573e-02 -6.038434092810849307e-01
8.819308975751355417e-02 -6.013204268317587919e-01
9.733779547034561441e-02 -6.001153817775072286e-01
1.040628656072601493e-01 -6.003196266182588836e-01
1.082854475928470978e-01 -6.020245138539426222e-01
1.099226888516960376e-01 -6.053213959844873093e-01
1.088917368083969495e-01 -6.103016255098219212e-01
1.051097388875394251e-01 -6.170565549298752117e-01
9.849384251371332000e-02 -6.256775367445761571e-01
8.896119511150839265e-02 -6.362559234538534003e-01
7.642894410551434592e-02 -6.488830675576359175e-01
6.081423692032107003e-02 -6.636503215558525737e-01
4.203422098051833034e-02 -6.806490379484323450e-01
2.000604371069579501e-02 -6.999705692353040964e-01
-5.353147464556686462e-03 -7.217062679163963601e-01
-3.412620512064869910e-02 -7.459474864916377790e-01
-6.639598183299165457e-02 -7.727855774609582173e-01
-1.022453301769953166e-01 -8.023118933242859852e-01
-1.417571027280699059e-01 -8.346177865815499475e-01
-1.850141520616254698e-01 -8.697946097326789694e-01
-2.320993307530724858e-01 -9.079337152776018049e-01
-2.830954913778210291e-01 -9.491264557162476523e-01
-3.380854865112812857e-01 -9.934641835485449324e-01
-3.971521687288637192e-01 -1.041038251274422954e+00
-4.603783906059781827e-01 -1.091940011393810028e+00
-5.278470047180351399e-01 -1.146260816406635463e+00
-5.995605184519946507e-01 -1.204025204519454162e+00
-6.742082572112032546e-01 -1.264165684310177840e+00
-7.494087080539276746e-01 -1.324724265389396249e+00
-8.227491148323694548e-01 -1.383716975815147521e+00
-8.918167213987311381e-01 -1.439159843645469561e+00
-9.541987716052140467e-01 -1.489068896938401387e+00
-1.007482509304020946e+00 -1.531460163751980907e+00
-1.049255178347352935e+00 -1.564349672144246473e+00
-1.077132293706895227e+00 -1.585776689982449694e+00
-1.090356508883710163e+00 -1.595118047624404900e+00
-1.090653576361273691e+00 -1.593791766143569655e+00
-1.079958358366387650e+00 -1.583387761841763108e+00
-1.060205717125854541e+00 -1.565495951020804632e+00
-1.033330514866476424e+00 -1.541706249982514265e+00
-1.001267613815055135e+00 -1.513608575028711378e+00
-9.659518761983945101e-01 -1.482792842461216232e+00
-9.293181642432941647e-01 -1.450848968581846643e+00
-8.932867186636737067e-01 -1.419354620294333236e+00
-8.590774750068485011e-01 -1.389300773040413661e+00
-8.269160108828688127e-01 -1.360845363552734888e+00
-7.969521965345357506e-01 -1.334082903548546861e+00
-7.693359022046505347e-01 -1.309107904745098416e+00
-7.442169981360134967e-01 -1.286014878859638610e+00
-7.217453545714263008e-01 -1.264898337609416501e+00
-7.020708417536898338e-01 -1.245852792711682033e+00
-6.853433299256048716e-01 -1.228972755883684265e+00
-6.717126893299724122e-01 -1.214352738842671142e+00
-6.613287902095935644e-01 -1.202087253305893499e+00
-6.543415028072692152e-01 -1.192270810990599950e+00
-6.509006973658002515e-01 -1.184997923614039106e+00
-6.511562441279878932e-01 -1.180363102893460692e+00
-6.552580133366330273e-01 -1.178460860546114208e+00
-6.633558752345366516e-01 -1.179385708289248491e+00
-6.755997000644997641e-01 -1.183232157840112597e+00
-6.921393580693232517e-01 -1.190094720915955806e+00
-7.131247194918082233e-01 -1.200067909234027841e+00
-7.387056545747555658e-01 -1.213246234511577315e+00
-7.690320335609663882e-01 -1.229724208465853508e+00
-8.042537266932413553e-01 -1.249596342814105698e+00
-8.445206042143819092e-01 -1.272957149273583166e+00
-8.899825363671877154e-01 -1.299901139561534524e+00
-9.407893933944615483e-01 -1.330522825395209496e+00
-9.970910455390039617e-01 -1.364916718491857806e+00
-1.059037363043615620e+00 -1.403177330568728065e+00
-1.126778216151097523e+00 -1.445399173343069332e+00
-1.200463475104250888e+00 -1.491676758532131553e+00
-1.280243010145876381e+00 -1.542104597853163117e+00
-1.366266691518774890e+00 -1.596777203023413305e+00
-1.458684389465747966e+00 -1.655789085760131618e+00
