-5.750633566065346258e-01 -1.129289619974687575e+00
-5.209623719421080379e-01 -1.185226707261777923e+00
-4.779897590247609851e-01 -1.238558302764466434e+00
-4.455908976881270411e-01 -1.289326721669099562e+00
-4.232111677658398352e-01 -1.337574279162023538e+00
-4.102959490915334406e-01 -1.383343290429585926e+00
-4.062906214988407094e-01 -1.426676070658132067e+00
-4.106405648213959370e-01 -1.467614935034009749e+00
-4.227911588928326414e-01 -1.506202198743564757e+00
-4.421877835467843409e-01 -1.542480176973144657e+00
-4.682758186168850534e-01 -1.576491184909096122e+00
-5.005006439367680748e-01 -1.608277537737764717e+00
-5.383076393400670900e-01 -1.637881550645498008e+00
-5.811421846604160057e-01 -1.665345538818642668e+00
-6.284496597314482846e-01 -1.690711817443544929e+00
-6.796754443867972784e-01 -1.714022701706550800e+00
-7.342649184600974488e-01 -1.735320506794009177e+00
-7.916634617849819255e-01 -1.754647547892264514e+00
-8.513164541950843933e-01 -1.772046140187664820e+00
-9.126692755240387589e-01 -1.787558598866556325e+00
-9.751673056054782629e-01 -1.801227239115285261e+00
-1.038255924273036701e+00 -1.813094376120198747e+00
-1.101380511360348091e+00 -1.823202325067643237e+00
-1.163986446701045896e+00 -1.831593401143965849e+00
-1.225547818281260470e+00 -1.838315541001402043e+00
-1.285672252856920661e+00 -1.843442830088749984e+00
-1.344006176011148579e+00 -1.847056951218785992e+00
-1.400196017574215190e+00 -1.849239588035936466e+00
-1.453888207376391462e+00 -1.850072424184628916e+00
-1.504729175247948136e+00 -1.849637143309291298e+00
-1.552365351019157069e+00 -1.848015429054350678e+00
-1.596443164520288782e+00 -1.845288965064234565e+00
-1.636609045581614463e+00 -1.841539434983370693e+00
-1.672509424033405079e+00 -1.836848522456186128e+00
-1.703790729705932261e+00 -1.831297911127108602e+00
-1.730099392429465865e+00 -1.824969284640564959e+00
-1.751081842034277969e+00 -1.817944326640983377e+00
-1.766384508350639315e+00 -1.810304720772790921e+00
-1.775653821208820871e+00 -1.802132150680415101e+00
-1.778536210439093823e+00 -1.793508300008283429e+00
-1.774678105871728917e+00 -1.784514852400822971e+00
-1.763725937336997784e+00 -1.775233491502461458e+00
-1.745326134665171169e+00 -1.765745900957626846e+00
-1.719125127686520260e+00 -1.756133764410745757e+00
-1.684769346231316245e+00 -1.746478765506246145e+00
-1.642212412497449092e+00 -1.736763257295348639e+00
-1.592694721652272438e+00 -1.726553515036167052e+00
-1.537793540988845464e+00 -1.715306886449519119e+00
-1.479086138969295527e+00 -1.702480718878202959e+00
-1.418149784055750873e+00 -1.687532359665018244e+00
-1.356561744710339967e+00 -1.669919156152762874e+00
-1.295899289395190834e+00 -1.649098455684236963e+00
-1.237739686572431941e+00 -1.624527605602238411e+00
-1.183660204704191088e+00 -1.595663953249566225e+00
-1.135238112252596743e+00 -1.561964845969019411e+00
-1.094050677679777372e+00 -1.522887631103397199e+00
-1.061675169447861000e+00 -1.477889655995498153e+00
-1.039688856018975871e+00 -1.426428267988121279e+00
-1.029669005855250008e+00 -1.367960814424065363e+00
-1.033192887418811878e+00 -1.301944642646129413e+00
-1.051788972490106167e+00 -1.227871701658703740e+00
-1.085036029274616398e+00 -1.146616472658505081e+00
-1.129949156049852910e+00 -1.060871331752756053e+00
-1.183368969021004524e+00 -9.734523800523490200e-01
-1.242136084393260509e+00 -8.871757186681756835e-01
-1.303091118371810353e+00 -8.048574487111291864e-01
-1.363074687161843324e+00 -7.293136712921008957e-01
-1.418927406968549132e+00 -6.633604875219835106e-01
-1.467489893997116379e+00 -6.098139985116696193e-01
-1.505602764452734998e+00 -5.714903053720511439e-01
-1.530106634540594257e+00 -5.512055092140203394e-01
-1.537842120465883200e+00 -5.517757111484695720e-01
-1.525751309188541516e+00 -5.759131701952470150e-01
-1.494229457997779731e+00 -6.227962756537543942e-01
-1.447892335285284382e+00 -6.872842738423992071e-01
-1.391612588092256741e+00 -7.639735292652579668e-01
-1.330262863459899414e+00 -8.474604064264072978e-01
-1.268715808429413894e+00 -9.323412698299238244e-01
-1.211844070042002119e+00 -1.013212483979884171e+00
-1.163999684436078486e+00 -1.085241177865991835e+00
-1.126021849827898880e+00 -1.147445731227788146e+00
-1.097297387454869044e+00 -1.200436817002730194e+00
-1.077208512005402241e+00 -1.244830158453869240e+00
-1.065137438167910844e+00 -1.281241478844256099e+00
-1.060466380630808780e+00 -1.310286501436942697e+00
-1.062577554082507980e+00 -1.332580949494979627e+00
-1.070853173211422149e+00 -1.348740546281418817e+00
-1.084675452705963883e+00 -1.359381015059310860e+00
-1.103426607254545999e+00 -1.365118079091707015e+00
-1.126488851545581538e+00 -1.366567461641659209e+00
-1.153244400267483760e+00 -1.364344885972217369e+00
-1.183075468108665262e+00 -1.359066075346433644e+00
-1.215364269757538640e+00 -1.351346753027358849e+00
-1.249493019902517821e+00 -1.341802642278044466e+00
-1.284843933232014512e+00 -1.331049466361541533e+00
-1.320799224434442865e+00 -1.319702948540901533e+00
-1.356741108198214141e+00 -1.308378812079174836e+00
-1.392051799211743157e+00 -1.297692780239413590e+00
-1.426113512163442065e+00 -1.288260576284668613e+00
-1.458377325379716094e+00 -1.280618811612178831e+00
-1.488711624281441104e+00 -1.274824687239147769e+00
-1.517141163017262429e+00 -1.270755764794428533e+00
-1.543690971128224954e+00 -1.268289289530813768e+00
-1.568386078155372010e+00 -1.267302506701095677e+00
-1.591251513639748705e+00 -1.267672661558067126e+00
-1.612312307122397925e+00 -1.269276999354519431e+00
-1.631593488144364112e+00 -1.271992765343245679e+00
-1.649120086246692374e+00 -1.275697204777038740e+00
-1.664917130970425818e+00 -1.280267562908690149e+00
-1.679009651856608887e+00 -1.285581084990992551e+00
-1.691422678446286465e+00 -1.291515016276739258e+00
-1.702181240280501218e+00 -1.297946602018721585e+00
-1.711310366900298474e+00 -1.304753087469732176e+00
-1.718835087846721787e+00 -1.311811717882563677e+00
-1.724780432660816043e+00 -1.318999738510008957e+00
-1.729185429245194472e+00 -1.326210437842447742e+00
-1.732148356693643754e+00 -1.333405010955799552e+00
-1.733783168165703659e+00 -1.340562616654066064e+00
-1.734203816920123264e+00 -1.347662413854951780e+00
-1.733524256215653203e+00 -1.354683561476162978e+00
-1.731858439311043441e+00 -1.361605218435403941e+00
-1.729320319465044609e+00 -1.368406543650380947e+00
-1.726023849936406007e+00 -1.375066696038798275e+00
-1.722082983983877824e+00 -1.381564834518361540e+00
-1.717611674866210691e+00 -1.387880118006775909e+00
-1.712723875842153909e+00 -1.393991705421746774e+00
-1.707533540170458553e+00 -1.399878755680979081e+00
-1.702154621109873700e+00 -1.405520427702178443e+00
-1.696701071919150650e+00 -1.410895880403049585e+00
-1.691286845857038479e+00 -1.415984272701298341e+00
-1.686025896182287820e+00 -1.420764763514629658e+00
-1.681032176153648416e+00 -1.425216511760748705e+00
-1.676419639029870678e+00 -1.429318676357360651e+00
-1.672302238069704350e+00 -1.433050416222170886e+00
-1.668793926531899618e+00 -1.436390890272884580e+00
-1.666008657675206894e+00 -1.439319257427206677e+00
-1.664060384758376143e+00 -1.441814676602843237e+00
-1.663063061040157331e+00 -1.443856306717498983e+00
-1.663130639779300646e+00 -1.445423306688878640e+00
-1.664377074234556053e+00 -1.446494835434688486e+00
-1.666916317664674185e+00 -1.447050051872633025e+00
-1.670862323328404342e+00 -1.447068114920417869e+00
-1.676329044484496933e+00 -1.446528183495747966e+00
-1.683430434391701702e+00 -1.445409416516328260e+00
-1.692271538481627813e+00 -1.443694068942750652e+00
-1.702625977992705986e+00 -1.441479586960031645e+00
-1.713845251355851085e+00 -1.439010131579856910e+00
-1.725253476067202252e+00 -1.436539380449896708e+00
-1.736278173531111468e+00 -1.434281011703025133e+00
-1.746785907874232269e+00 -1.432278869505772878e+00
-1.756759746646606946e+00 -1.430531731252165706e+00
-1.766182758261415797e+00 -1.429038374002342016e+00
-1.775038011131838456e+00 -1.427797574816441761e+00
-1.783308573671055219e+00 -1.426808110754604231e+00
-1.790977514292245720e+00 -1.426068758876968046e+00
-1.798027901408590701e+00 -1.425578296243673604e+00
-1.804442803433269349e+00 -1.425335499914858861e+00
-1.810205288779462185e+00 -1.425339146950663993e+00
-1.815298425860349063e+00 -1.425588014411228288e+00
-1.819705283089110281e+00 -1.426080879356690811e+00
-1.823408928878925472e+00 -1.426816518847191073e+00
-1.826392431642974490e+00 -1.427793709942867917e+00
-1.828638859794438298e+00 -1.429011229703861297e+00
-1.830131281746496308e+00 -1.430467855190310056e+00
-1.830852765912328151e+00 -1.432162363462353483e+00
-1.830786380705114347e+00 -1.434093531580131087e+00
-1.829915194538034751e+00 -1.436260136603781934e+00
-1.828222275824269438e+00 -1.438660955593445534e+00
-1.825690692976998708e+00 -1.441294765609261175e+00
-1.822303514409401970e+00 -1.444160343711368144e+00
-1.818043808534659300e+00 -1.447256466959905286e+00
-1.812894643765951441e+00 -1.450581912415012775e+00
-1.806839088516457581e+00 -1.454135457136829013e+00
-1.799860211199358462e+00 -1.457915878185493730e+00
-1.791941080227833050e+00 -1.461921952621146215e+00
-1.783064764015062753e+00 -1.466152457503926199e+00
-1.773215134145967875e+00 -1.470606128650228550e+00
-1.762504015687197612e+00 -1.475275131325916256e+00
-1.751310295299032260e+00 -1.480137916893380812e+00
-1.740046302334652850e+00 -1.485171219396339559e+00
-1.729124366147241076e+00 -1.490351772878509173e+00
-1.718956816089977968e+00 -1.495656311383607218e+00
-1.709955981516044776e+00 -1.501061568955350589e+00
-1.702534191778622974e+00 -1.506544279637456185e+00
-1.697103776230894034e+00 -1.512081177473641569e+00
-1.694077064226039431e+00 -1.517648996507623416e+00
-1.693866385117239748e+00 -1.523224470783118845e+00
-1.696884068257676459e+00 -1.528784334343845197e+00
-1.703542443000532147e+00 -1.534305321233520036e+00
-1.714253838698986065e+00 -1.539764165495858927e+00
-1.729430584706220575e+00 -1.545137601174579878e+00
-1.749485010375417371e+00 -1.550402362313400451e+00
-1.774829445059756594e+00 -1.555535182956037099e+00
-1.805876218112421050e+00 -1.560512797146207387e+00
-1.843037658886591323e+00 -1.565311938927627988e+00
-1.886726096735448666e+00 -1.569909342344016245e+00
-1.937353861012174105e+00 -1.574281741439088833e+00
-1.995333281069949560e+00 -1.578405870256563315e+00
-2.061076686261956059e+00 -1.582258462840156366e+00
-2.134996405941374853e+00 -1.585816253233585549e+00
-2.217504769461387415e+00 -1.589055975480567762e+00
