8.708457812745498128e-01 5.165123606169779169e-01
8.047162448263859291e-01 5.137497755202165006e-01
7.385533456528856622e-01 5.094559877118588487e-01
6.724234465134111272e-01 5.036910310496526266e-01
6.063929101673249944e-01 4.965149393913459441e-01
5.405280993739896012e-01 4.879877465946866333e-01
4.748953768927673957e-01 4.781694865174227482e-01
4.095611054830204933e-01 4.671201930173020656e-01
3.445916479041112868e-01 4.548998999520725839e-01
2.800533669154031124e-01 4.415686411794824684e-01
2.160126252762570032e-01 4.271864505572790516e-01
1.525357857460361843e-01 4.118133619432106651e-01
8.968921108410268794e-02 3.955094091950251411e-01
2.753926404981929532e-02 3.783346261704706448e-01
-3.384769259745199627e-02 3.603490467272946751e-01
-9.440529609834842628e-02 3.416127047232452862e-01
-1.540671836935078032e-01 3.221856340160706433e-01
-2.127669926235677966e-01 3.021278684635184675e-01
-2.704383601291657224e-01 2.814994419233368683e-01
-3.270149234509395764e-01 2.603603882532734004e-01
-3.824303198295266881e-01 2.387707413110763399e-01
-4.366181865055645539e-01 2.167905349544935190e-01
-4.895121607196911695e-01 1.944798030412726586e-01
-5.410458797125436980e-01 1.718985794291620073e-01
-5.911529807247599688e-01 1.491068979759091473e-01
-6.397671009969777556e-01 1.261647925392622993e-01
-6.868218777698343880e-01 1.031322969769692677e-01
-7.322509482839675288e-01 8.006944514677785674e-02
-7.759879497800148407e-01 5.703627090643623859e-02
-8.179665194986140975e-01 3.409280811369230779e-02
-8.581202946804021847e-01 1.129909062629378021e-02
-8.963829125660174313e-01 -1.128484769801125186e-02
-9.326880103960973889e-01 -3.359897300147504651e-02
-9.669692254112793872e-01 -5.558325142634953919e-02
-9.991601948522010890e-01 -7.717764911488678159e-02
-1.029194555959499935e+00 -9.832213220933887221e-02
-1.057005945973813699e+00 -1.189566668519578263e-01
-1.082528002135780376e+00 -1.390212191849959089e-01
-1.105694361686037075e+00 -1.584557553507051075e-01
-1.126438661865221791e+00 -1.772002414913374513e-01
-1.144694539913971409e+00 -1.951946437491449693e-01
-1.160395633072924149e+00 -2.123789282663798850e-01
-1.173475578582717560e+00 -2.286930611852940887e-01
-1.183868013683988973e+00 -2.440770086481399426e-01
-1.191506575617375718e+00 -2.584707367971691427e-01
-1.196324901623516457e+00 -2.718142117746341624e-01
-1.198256628943047630e+00 -2.840473997227867531e-01
-1.197235394816607679e+00 -2.951102667838792493e-01
-1.193194836484834376e+00 -3.049427791001634858e-01
-1.186068591188364163e+00 -3.134849028138917415e-01
-1.175790296167835258e+00 -3.206766040673159623e-01
-1.162293588663885657e+00 -3.264578490026882607e-01
-1.145512105917152468e+00 -3.307686037622606379e-01
-1.125393057989813705e+00 -3.335542201583341360e-01
-1.102017691488138995e+00 -3.348132354517046050e-01
-1.075543643036640518e+00 -3.345744983186726418e-01
-1.046129437405524110e+00 -3.328672098500788379e-01
-1.013933599364995830e+00 -3.297205711367638958e-01
-9.791146536852614046e-01 -3.251637832695685182e-01
-9.418311251365260039e-01 -3.192260473393331854e-01
-9.022415384889960199e-01 -3.119365644368987112e-01
-8.605044185128768452e-01 -3.033245356531056314e-01
-8.167782899783745387e-01 -2.934191620787947041e-01
-7.712216776556947151e-01 -2.822496448048064654e-01
-7.239931063150432111e-01 -2.698451849219816734e-01
-6.752511007266256415e-01 -2.562349835211608640e-01
-6.251541856606480652e-01 -2.414482416931848230e-01
-5.738608858873159857e-01 -2.255141605288941142e-01
-5.215297261768355730e-01 -2.084619411191294125e-01
-4.683192312994119977e-01 -1.903207845547312815e-01
-4.143879260252516517e-01 -1.711198919265405904e-01
-3.598943351245603162e-01 -1.508884643253979030e-01
-3.049969833675431063e-01 -1.296557028421437552e-01
-2.498543955244060533e-01 -1.074508085676187663e-01
-1.946250963653550492e-01 -8.430298259266369443e-02
-1.394676106605958754e-01 -6.024142600811917270e-02
-8.454046318033428542e-02 -3.529533990482584815e-02
-3.000217869477597374e-02 -9.493925373624369571e-03
2.398871802587312918e-02 1.713361649464457959e-02
7.727370221140736350e-02 4.455808460914041647e-02
1.296942490916209167e-01 7.275027787902244025e-02
1.810918338963080632e-01 1.016809952134500317e-01
2.313079318552629104e-01 1.313210355215824743e-01
2.800474929644259925e-01 1.615293621053161266e-01
3.248696520101748697e-01 1.904071786183001436e-01
3.616273779211887085e-01 2.146580709302687573e-01
3.861264957092307992e-01 2.309470066392405596e-01
3.944383823900863284e-01 2.361298719442125604e-01
3.870873987742075584e-01 2.302640255368823829e-01
3.682889296224691189e-01 2.160604876069587288e-01
3.423698352360906028e-01 1.963104236787124868e-01
3.136569759162911031e-01 1.738049992764143237e-01
2.864749008781590778e-01 1.513339266508686165e-01
2.640180597210087243e-01 1.309762808490800012e-01
2.465331344429633753e-01 1.129575009232054311e-01
2.337922207486673731e-01 9.720459322809611724e-02
2.255674143427651990e-01 8.364456411860354823e-02
2.216308109299013618e-01 7.220441994957878251e-02
2.217545062147202595e-01 6.281116707587326708e-02
2.257105959018664287e-01 5.539181185233833793e-02
2.332711756959843785e-01 4.987336063382530327e-02
2.442083413017185622e-01 4.618281977518551296e-02
2.582941884237134333e-01 4.424719563127026134e-02
2.753008127666134452e-01 4.399349455693088440e-02
2.950003100350631069e-01 4.534872290701869035e-02
3.171647759337068995e-01 4.823988703638500131e-02
3.415663061671892486e-01 5.259399329988116017e-02
3.679769964401548021e-01 5.833804805235847518e-02
3.961689424572478191e-01 6.539905764866826843e-02
4.259142399231127807e-01 7.370402844366183426e-02
4.569849845423943346e-01 8.317996679219052947e-02
4.891532720197367956e-01 9.375387904910566228e-02
5.221911980597846448e-01 1.053527715692585687e-01
5.558708583671826409e-01 1.179036507075005707e-01
5.899643486465747655e-01 1.313335228186829629e-01
6.242437646026061104e-01 1.455693942576571087e-01
6.584812019399196581e-01 1.605382713792739002e-01
6.924487563631618325e-01 1.761671605383854089e-01
7.259185235769763933e-01 1.923830680898426237e-01
7.586625992860077661e-01 2.091130003884968391e-01
7.904556625099553591e-01 2.262367268057247360e-01
8.210831199981504236e-01 2.434378557427631928e-01
8.503331627854016084e-01 2.603490837901342725e-01
8.779939819117411615e-01 2.766031074428574321e-01
9.038537684172006648e-01 2.918326231959516570e-01
9.277007133418120333e-01 3.056703275444361823e-01
9.493230077256067378e-01 3.177489169833300209e-01
9.685088426086166935e-01 3.277010880076524635e-01
9.850464090308740372e-01 3.351595371124226896e-01
9.987253938211921866e-01 3.397585224749428146e-01
1.009557107407146104e+00 3.413636889842691646e-01
1.018007082756691162e+00 3.403149137890650877e-01
1.024596522139066490e+00 3.370101957210721588e-01
1.029846627823511662e+00 3.318475336120320640e-01
1.034278602079266252e+00 3.252249262936864338e-01
1.038413647175569388e+00 3.175403725977768432e-01
1.042772965381661310e+00 3.091918713560450338e-01
1.047877758966780926e+00 3.005774214002325251e-01
1.054249230200168252e+00 2.920950215620812807e-01
1.062408581351062420e+00 2.841426706733326535e-01
1.072877014688702779e+00 2.771183675657283851e-01
1.086175732482329126e+00 2.714201110710102727e-01
1.102825937001181034e+00 2.674459000209196691e-01
1.123348830514498076e+00 2.655937332471983714e-01
1.148265615291519159e+00 2.662616095815880102e-01
1.178096523601974921e+00 2.698469536039917460e-01
1.212841116357489923e+00 2.764389459400165006e-01
1.251121098793501085e+00 2.853110594267221356e-01
1.291332860109580372e+00 2.956033769906621922e-01
1.331873271425371597e+00 3.064562478590245886e-01
1.371501908147157556e+00 3.172104453287050707e-01
1.409985445555984596e+00 3.277632485415432617e-01
1.447263939214419981e+00 3.381077435622896199e-01
1.483277444685031421e+00 3.482370164556952141e-01
1.517966017530387290e+00 3.581441532865107247e-01
1.551269713313055520e+00 3.678222401194871649e-01
1.583128587595603820e+00 3.772643630193749931e-01
1.613482695940600120e+00 3.864636080509253335e-01
1.642272093910612130e+00 3.954130612788888666e-01
1.669436837068208224e+00 4.041058087680163280e-01
1.694916980975955889e+00 4.125349365830586756e-01
1.718652581196423501e+00 4.206935307887666453e-01
1.740583693292178102e+00 4.285746774498909728e-01
1.760650372825788290e+00 4.361714626311825604e-01
1.778792675359822217e+00 4.434769723973921440e-01
1.794950656456847593e+00 4.504842928132706814e-01
1.809064371679431904e+00 4.571865099435688529e-01
1.821073876590142859e+00 4.635767098530372277e-01
1.830919226751549056e+00 4.696479786064271522e-01
1.838540477726218647e+00 4.753934022684890848e-01
1.843877685076718898e+00 4.808060669039739277e-01
1.846870904365617738e+00 4.858790585776324167e-01
1.847460191155483100e+00 4.906054633542153987e-01
1.845585601008883581e+00 4.949783672984737759e-01
1.841187189488385778e+00 4.989908564751581732e-01
1.834205012156558956e+00 5.026360169490194929e-01
1.824579124575969935e+00 5.059069347848085263e-01
1.812249582309187534e+00 5.087966960472761757e-01
1.797156440918779241e+00 5.112983868011731214e-01
1.779239755967312098e+00 5.134050931112500438e-01
1.758439583017355812e+00 5.151099010422581781e-01
1.734697935059827945e+00 5.164060231229949949e-01
1.708163234739004999e+00 5.173000074406868265e-01
1.679369372667316451e+00 5.178233061048652663e-01
1.648892449755492651e+00 5.180100983160197403e-01
1.617308566914265722e+00 5.178945632746400074e-01
1.585193825054366012e+00 5.175108801812153825e-01
1.553124325086525204e+00 5.168932282362357356e-01
1.521676167921474532e+00 5.160757866401903815e-01
1.491425454469945233e+00 5.150927345935688573e-01
1.462948285642668100e+00 5.139782512968608108e-01
1.436820762350375036e+00 5.127665159505558901e-01
1.413618985503797054e+00 5.114917077551435209e-01
1.393919056013664948e+00 5.101880059111133514e-01
1.378297074790709509e+00 5.088895896189545853e-01
1.367329142745662862e+00 5.076306380791573147e-01
1.361591360789256022e+00 5.064453304922107435e-01
1.361659829832219559e+00 5.053678460586044086e-01
1.368110650785285376e+00 5.044323639788279579e-01
1.381519924559184487e+00 5.036730634533710393e-01
1.402463752064648128e+00 5.031241236827230789e-01
