2.585967250257913408e-01 7.877196536068633570e-01
2.938507655488503123e-01 6.142341001170790182e-01
3.316245356612396167e-01 4.490609089885839178e-01
3.717249164038925469e-01 2.920143175657451962e-01
4.139587888177427843e-01 1.429085631929306321e-01
4.581330339437236221e-01 1.557883214506651732e-03
5.040545328227685751e-01 -1.322234850251591542e-01
5.515301664958112138e-01 -2.586213041816994296e-01
6.003668160037850532e-01 -3.778213369107472630e-01
6.503713623876234973e-01 -4.900093458679348202e-01
7.013506866882599500e-01 -5.953710937088952937e-01
7.531116699466282594e-01 -6.940923430892613766e-01
8.054611932036612743e-01 -7.863588566646656508e-01
8.582061375002930648e-01 -8.723563970907410869e-01
9.111533838774568128e-01 -9.522707270231202115e-01
9.641098133760863664e-01 -1.026287609117435995e+00
1.016882307037114908e+00 -1.094592806029321075e+00
1.069277745901475729e+00 -1.157372080414408089e+00
1.121103011010102568e+00 -1.214811194928329785e+00
1.172164983403929162e+00 -1.267095912226719356e+00
1.222270544123888580e+00 -1.314411994965209107e+00
1.271226574210914340e+00 -1.356945205799431786e+00
1.318839954705939954e+00 -1.394881307385020142e+00
1.364917566649899605e+00 -1.428406062377607366e+00
1.409266291083725697e+00 -1.457705233432825764e+00
1.451693009048352412e+00 -1.482964583206308307e+00
1.492004601584712598e+00 -1.504369874353687075e+00
1.530007949733740658e+00 -1.522106869530595930e+00
1.565509934536369219e+00 -1.536361331392666729e+00
1.598318100413541831e+00 -1.547318836656153884e+00
1.628326750588837690e+00 -1.555140644334509714e+00
1.655602295298578497e+00 -1.559939773411838093e+00
1.680231431874755321e+00 -1.561823556583956218e+00
1.702300857649358790e+00 -1.560899326546679289e+00
1.721897269954381748e+00 -1.557274415995825834e+00
1.739107366121815490e+00 -1.551056157627211274e+00
1.754017843483651085e+00 -1.542351884136652806e+00
1.766715399371880491e+00 -1.531268928219966741e+00
1.777286731118495222e+00 -1.517914622572970051e+00
1.785818536055486794e+00 -1.502396299891479492e+00
1.792397511514846720e+00 -1.484821292871311149e+00
1.797110354828565626e+00 -1.465296934208281554e+00
1.800043763328637469e+00 -1.443930556598209680e+00
1.801284434347050878e+00 -1.420829492736908728e+00
1.800919065215799142e+00 -1.396101075320197227e+00
1.799034353266873554e+00 -1.369852637043891930e+00
1.795716995832265628e+00 -1.342191510603809368e+00
1.791053690243966878e+00 -1.313225028695765628e+00
1.785131133833968375e+00 -1.283060524015578352e+00
1.778036023934261856e+00 -1.251805329259062960e+00
1.769855057876840165e+00 -1.219566777122037537e+00
1.760674932993693265e+00 -1.186452200300317505e+00
1.750582346616813334e+00 -1.152568931489720283e+00
1.739663996078191888e+00 -1.118024303386062179e+00
1.728006578709820218e+00 -1.082925648685159947e+00
1.715696791843690283e+00 -1.047380300082830340e+00
1.702821332811792931e+00 -1.011495590274890333e+00
1.689466898946120121e+00 -9.753788519571556792e-01
1.675720187578663811e+00 -9.391374178254440208e-01
1.661667896041415737e+00 -9.028786205755721106e-01
1.647396721666365860e+00 -8.667097929033551473e-01
1.632993361785507913e+00 -8.307382675046115494e-01
1.618544513730831191e+00 -7.950713770751566267e-01
1.604136874834328763e+00 -7.598164543108077984e-01
1.589857142427992143e+00 -7.250808319073815955e-01
1.575786009383733477e+00 -6.909643152110085396e-01
1.561949069894534192e+00 -6.574976364091781322e-01
1.548342298692260366e+00 -6.246743959509043487e-01
1.534961385868445660e+00 -5.924878374525650582e-01
1.521802021514623959e+00 -5.609312045305384631e-01
1.508859895722329370e+00 -5.299977408012030988e-01
1.496130698583095775e+00 -4.996806898809377229e-01
1.483610120188457060e+00 -4.699732953861201490e-01
1.471293850629947331e+00 -4.408688009331288016e-01
1.459177579999099805e+00 -4.123604501383418830e-01
1.447256998387449700e+00 -3.844414866181382062e-01
1.435527795886529345e+00 -3.571051539888957516e-01
1.423985662587874401e+00 -3.303446958669929989e-01
1.412626288583017642e+00 -3.041533558688082062e-01
1.401445363963492952e+00 -2.785243776107195757e-01
1.390438578820835547e+00 -2.534510047091059759e-01
1.379601623246577979e+00 -2.289264807803454704e-01
1.368930187332254800e+00 -2.049440494408161506e-01
1.358419961169399670e+00 -1.814969543068967461e-01
1.348066634849547363e+00 -1.585784389949655149e-01
1.337865898464230430e+00 -1.361817471214007425e-01
1.327813442104983643e+00 -1.143001223025804924e-01
1.317904955863340666e+00 -9.292680815488355006e-02
1.308136129830836047e+00 -7.205504829468810379e-02
1.298502654099003006e+00 -5.167808633837234905e-02
1.289000218759376093e+00 -3.178916590231493228e-02
1.279624513903488747e+00 -1.238153060289401072e-02
1.270371229622874631e+00 6.551575943512092694e-03
1.261236056009068740e+00 2.501691012052487811e-02
1.252214683153604291e+00 4.302122831176620477e-02
1.243302801148014947e+00 6.057128690085753636e-02
1.234496100083835479e+00 7.767384227142049014e-02
1.225790270052599329e+00 9.433565080707699557e-02
1.217181001145840380e+00 1.105634688914483577e-01
1.208663983455092739e+00 1.263640529081566932e-01
1.200234907071890289e+00 1.417441592408233142e-01
1.191889462087767138e+00 1.567105442730699072e-01
1.183623338594256502e+00 1.712699643885180201e-01
1.175432226682893377e+00 1.854291759707896448e-01
1.167311816445210981e+00 1.991949354035061348e-01
1.159257797972743642e+00 2.125739990702892601e-01
1.151265861357025244e+00 2.255731233547607073e-01
1.143331696689589227e+00 2.381990646405420242e-01
1.135450994061970365e+00 2.504585793112549807e-01
1.127619443565701873e+00 2.623584237505210415e-01
1.119832735292318082e+00 2.739053543419621151e-01
1.112086559333352653e+00 2.851061274691996106e-01
1.104376605780339693e+00 2.959674995158553257e-01
1.096698564724813307e+00 3.064962268655508915e-01
1.089048126258307159e+00 3.166990659019079390e-01
1.081420980472355575e+00 3.265827730085481551e-01
1.073812817458491997e+00 3.361541045690930596e-01
1.066219327308250753e+00 3.454198169671645058e-01
1.058636200113165282e+00 3.543866665863841248e-01
1.051059125964770136e+00 3.630614098103734366e-01
1.043483794954598753e+00 3.714508030227541835e-01
1.035905897174185464e+00 3.795616026071480520e-01
1.028321122715063929e+00 3.874005649471765622e-01
1.020725161668768255e+00 3.949744464264614563e-01
1.013113704126832326e+00 4.022900034286245319e-01
1.005482440180790027e+00 4.093539923372870870e-01
9.978270599221752413e-01 4.161731695360710304e-01
9.901432534425221865e-01 4.227542914085979930e-01
9.824267108333648579e-01 4.291041143384896617e-01
9.746731221862365846e-01 4.352293947093675563e-01
9.668781775926721389e-01 4.411368889048534747e-01
9.590375671442044059e-01 4.468333533085688258e-01
9.511469809323683799e-01 4.523255443041356294e-01
9.432021090486972792e-01 4.576202182751751280e-01
9.351986415847256540e-01 4.627241316053094522e-01
9.271322686319867223e-01 4.676440406781597336e-01
9.189986802820150347e-01 4.723867018773479920e-01
9.107935666263442531e-01 4.769588715864958028e-01
9.025126177565085950e-01 4.813673061892247973e-01
8.941515237640412783e-01 4.856187620691564955e-01
8.857059747404770755e-01 4.897199956099127505e-01
8.771716607773498708e-01 4.936777631951151379e-01
8.685442719661927713e-01 4.974988212083851780e-01
8.598194983985404383e-01 5.011899260333448902e-01
8.509930301659267560e-01 5.047578340536155173e-01
8.420605573598856086e-01 5.082093016528190788e-01
8.330177700719505474e-01 5.115510852145768173e-01
8.238603583936563446e-01 5.147899411225108635e-01
8.145840124165358853e-01 5.179326257602424599e-01
8.051844222321239419e-01 5.209858955113934043e-01
7.956572779319540656e-01 5.239565067595853831e-01
7.859982696075604736e-01 5.268512158884401941e-01
7.762030873504767170e-01 5.296767792815790798e-01
7.662674212522371242e-01 5.324399533226240600e-01
7.561869614043753574e-01 5.351474943951965990e-01
7.459573978984255227e-01 5.378061588829184947e-01
7.355744208259213934e-01 5.404227031694112116e-01
7.250337202783970758e-01 5.430038836382965473e-01
7.143309863473865651e-01 5.455564566731961884e-01
7.034619091244234124e-01 5.480871786577315996e-01
6.924221787010422791e-01 5.506028059755248005e-01
6.812074851687761612e-01 5.531100950101970337e-01
6.698135248916635698e-01 5.556157978673927911e-01
6.582530229995171567e-01 5.581150526825350289e-01
6.465928141170201870e-01 5.605660937971694846e-01
6.349104558105169716e-01 5.629198422849999162e-01
6.232835056463515988e-01 5.651272192197304145e-01
6.117895211908684905e-01 5.671391456750641824e-01
6.005060600104112911e-01 5.689065427247053108e-01
5.895106796713245334e-01 5.703803314423576687e-01
5.788809377399521949e-01 5.715114329017247918e-01
5.686943917826383643e-01 5.722507681765105492e-01
5.590285993657275743e-01 5.725492583404185876e-01
5.499611180555634693e-01 5.723578244671526649e-01
5.415695054184904711e-01 5.716273876304166501e-01
5.339313190208526683e-01 5.703088689039141901e-01
5.271241164289942605e-01 5.683531893613491537e-01
5.212254552092592252e-01 5.657112700764250768e-01
5.163128929279919843e-01 5.623340321228458283e-01
5.124639871515364042e-01 5.581723965743152771e-01
5.097562954462367957e-01 5.531772845045369591e-01
5.082673753784372472e-01 5.472996169872148542e-01
5.080747845144819586e-01 5.404903150960527203e-01
5.092560804207151293e-01 5.327002999047539822e-01
5.118888206634807370e-01 5.238804924870227309e-01
5.160505628091229813e-01 5.139818139165626132e-01
5.218188644239860619e-01 5.029551852670772760e-01
5.292712830744141783e-01 4.907515276122706438e-01
5.384853763267513083e-01 4.773217620258463079e-01
5.495387017473416513e-01 4.626168095815080816e-01
5.625088169025296292e-01 4.465875913529599450e-01
5.774732793586588864e-01 4.291850284139052674e-01
5.945096466820736225e-01 4.103600418380484172e-01
6.136954764391184813e-01 3.900635526990923196e-01
6.351083261961373294e-01 3.682464820707411213e-01
6.588257535194743664e-01 3.448597510266986910e-01
6.849253159754734588e-01 3.198542806406685091e-01
7.134845711304793614e-01 2.931809919863546110e-01
7.445810765508356077e-01 2.647908061374605326e-01
7.782923898028865084e-01 2.346346441676901429e-01
8.146960684529764851e-01 2.026634271507471996e-01
