8.511283525119882620e-01 1.804553394515273856e+00
7.832019578419713302e-01 1.747714151771083690e+00
7.187606685731519063e-01 1.691820853011966275e+00
6.577339062014098126e-01 1.636863591347449631e+00
6.000510922226263144e-01 1.582832459887062893e+00
5.456416481326813450e-01 1.529717551740334747e+00
4.944349954274560588e-01 1.477508960016793438e+00
4.463605556028304999e-01 1.426196777825967876e+00
4.013477501546861004e-01 1.375771098277387638e+00
3.593260005789021272e-01 1.326222014480579414e+00
3.202247283713600678e-01 1.277539619545073890e+00
2.839733550279399110e-01 1.229714006580397978e+00
2.505013020445229222e-01 1.182735268696081699e+00
2.197379909169888956e-01 1.136593499001653296e+00
1.916128431412188471e-01 1.091278790606641680e+00
1.660552802130932648e-01 1.046781236620575095e+00
1.429947236284925816e-01 1.003090930152982230e+00
1.223605948832975077e-01 9.601979643133923270e-01
1.040823154733885453e-01 9.180924322113338532e-01
8.808930689464621044e-02 8.767644269563350523e-01
7.431099064295090817e-02 8.362040416579249458e-01
6.267678821418348756e-02 7.964013694256323328e-01
5.311612110422436056e-02 7.573465033689853465e-01
4.555841080895411954e-02 7.190295365975132302e-01
3.993307882425350952e-02 6.814405622207448943e-01
3.616954664600267877e-02 6.445696733482081386e-01
3.419723577008223353e-02 6.084069630894324288e-01
3.394556769237313393e-02 5.729425245539460088e-01
3.534396390875569477e-02 5.381664508512778999e-01
3.832184591511032801e-02 5.040688350909562354e-01
4.280863520731775784e-02 4.706397703825102030e-01
4.873375328125854888e-02 4.378693498354685465e-01
5.602662163281327962e-02 4.057476665593596765e-01
6.461666175786234811e-02 3.742648136637122258e-01
7.443329515228647164e-02 3.434108842580550491e-01
8.540594331196620093e-02 3.131759714519166682e-01
9.746402773278176057e-02 2.835501683548262153e-01
1.105369699106140829e-01 2.545235680763118236e-01
1.245541913413438506e-01 2.260862637259021812e-01
1.394451135208513159e-01 1.982283484131263929e-01
1.551391579450170366e-01 1.709399152475127859e-01
1.715657461097216396e-01 1.442110573385902428e-01
1.886542995108455301e-01 1.180318677958875073e-01
2.063342396442697235e-01 9.239243972893293466e-02
2.245349880058744030e-01 6.728286624725542120e-02
2.431859660915401122e-01 4.269324046038369680e-02
2.622165953971475894e-01 1.861365547784625887e-02
2.815562974185771838e-01 -4.965795590828023069e-03
3.011344936517095783e-01 -2.805501963611040095e-02
3.208806055924253720e-01 -5.066392354847246843e-02
3.407240547366050532e-01 -7.280241421838534732e-02
3.605942625801291657e-01 -9.448039853632042573e-02
3.804206506188781978e-01 -1.157077833927490224e-01
4.001326403487330263e-01 -1.364944756781424351e-01
4.196596532655739176e-01 -1.568503822829720173e-01
4.389311108652814153e-01 -1.767854100977090392e-01
4.578764346437361188e-01 -1.963094660128247848e-01
4.764250460968186274e-01 -2.154324569187905936e-01
4.945063667204094293e-01 -2.341642897060776940e-01
5.120498180103891794e-01 -2.525148712651577032e-01
5.289848214626384770e-01 -2.704941084865016832e-01
5.452407985730376438e-01 -2.881119082605809734e-01
5.607471708374675012e-01 -3.053781774778670521e-01
5.754333597518084265e-01 -3.223028230288311202e-01
5.892287868119413519e-01 -3.388957518039445449e-01
6.020628735137463217e-01 -3.551668706936785269e-01
6.138650413531038241e-01 -3.711260865885043780e-01
6.245647118258949027e-01 -3.867833063788935211e-01
6.340913064279999345e-01 -4.021484369553172677e-01
6.423742466552994079e-01 -4.172313852082468744e-01
6.493429540036740333e-01 -4.320420580281538192e-01
6.549268499690039658e-01 -4.465903623055090810e-01
6.590553560471700267e-01 -4.608862049307842490e-01
6.616578937340530375e-01 -4.749394927944506906e-01
6.626638845255330423e-01 -4.887601327869795509e-01
6.620027499174911956e-01 -5.023580317988423083e-01
6.596039114058075414e-01 -5.157430967205101080e-01
6.553967904863626792e-01 -5.289252344424543173e-01
6.493108086550375413e-01 -5.419143518551463590e-01
6.412753874077120608e-01 -5.547203558490572117e-01
6.312199482402676143e-01 -5.673531533146588535e-01
6.190739126485841348e-01 -5.798226511424220408e-01
6.047678317621830724e-01 -5.921384090469594685e-01
5.883263846890284254e-01 -6.042810579286487238e-01
5.699377371091491895e-01 -6.161809835561712356e-01
5.498063956837898614e-01 -6.277635495441385993e-01
5.281368670741951599e-01 -6.389541195071622992e-01
5.051336579416099148e-01 -6.496780570598534865e-01
4.810012749472792892e-01 -6.598607258168238676e-01
4.559442247524476133e-01 -6.694274893926850378e-01
4.301670140183599389e-01 -6.783037114020484815e-01
4.038741494062613180e-01 -6.864147554595255718e-01
3.772701375773960253e-01 -6.936859851797277932e-01
3.505594851930093347e-01 -7.000427641772666298e-01
3.239466989143458542e-01 -7.054104560667537882e-01
2.976362854026504690e-01 -7.097144244628003085e-01
2.718327513191681755e-01 -7.128800329800183411e-01
2.467406033251431374e-01 -7.148326452330185932e-01
2.225643480818205733e-01 -7.154976248364132152e-01
1.995084922504455349e-01 -7.148003354048134694e-01
1.777775424922623804e-01 -7.126661405528310622e-01
1.575760054685162448e-01 -7.090204038950770338e-01
1.390985113499008663e-01 -7.037945999964838606e-01
1.223896562786194187e-01 -6.970130350295054011e-01
1.073773769350657992e-01 -6.887721966942225160e-01
9.398654116208754461e-02 -6.791704714941099175e-01
8.214201680253233051e-02 -6.683062459326429838e-01
7.176867169924795731e-02 -6.562779065132973155e-01
6.279137369508196176e-02 -6.431838397395477358e-01
5.513499063288208185e-02 -6.291224321148694010e-01
4.872439035549597924e-02 -6.141920701427379115e-01
4.348444070577130172e-02 -5.984911403266286456e-01
3.934000952655566929e-02 -5.821180291700160936e-01
3.621596466069689629e-02 -5.651711231763760779e-01
3.403717395104255417e-02 -5.477488088491836438e-01
3.272850524044033232e-02 -5.299494726919139476e-01
3.221482637173788549e-02 -5.118715012080428117e-01
3.242100518778291696e-02 -4.936132809010444489e-01
3.327190953142307450e-02 -4.752731982743947925e-01
3.469240724550601285e-02 -4.569496398315687213e-01
3.660736617287945610e-02 -4.387409920760416138e-01
3.894165415639103817e-02 -4.207456415112887926e-01
4.162013903888843458e-02 -4.030619746407852477e-01
4.456768866321931394e-02 -3.857883779680065794e-01
4.770917087223135178e-02 -3.690232379964276666e-01
5.096945350877226527e-02 -3.528649412295238874e-01
5.427340441568963975e-02 -3.374118741707704539e-01
5.754589143583118543e-02 -3.227624233236426332e-01
6.071178241204461257e-02 -3.090149751916155818e-01
6.369594518717751341e-02 -2.962679162781645670e-01
6.642324760407762596e-02 -2.846196330867648006e-01
6.881855750559257023e-02 -2.741685121208915499e-01
7.080674273457003565e-02 -2.650129398840200823e-01
7.231267113385773937e-02 -2.572513028796254986e-01
7.326121054630330143e-02 -2.509819876111831216e-01
7.357722881475441123e-02 -2.463033805821681632e-01
7.318559378205871657e-02 -2.433138682960558630e-01
7.201117329106387910e-02 -2.421118372563214050e-01
6.997883518461764374e-02 -2.427956739664400843e-01
6.701344730556758889e-02 -2.454637649298870572e-01
6.303987749676145946e-02 -2.502144966501376189e-01
5.798299360104702121e-02 -2.571462556306667868e-01
5.176699957816571079e-02 -2.663521059281308001e-01
4.428631146441823485e-02 -2.776862975113731369e-01
3.539417591146147568e-02 -2.906730194418720159e-01
2.494082441352622054e-02 -3.048122878282068515e-01
1.277648846484345617e-02 -3.196041187789568916e-01
-1.243213022223115015e-03 -3.345579357664303921e-01
-1.713267913271934728e-02 -3.494101333177933033e-01
-3.477286171629621198e-02 -3.641301279108029587e-01
-5.403863200751665707e-02 -3.786979538287068014e-01
-7.480486124094366807e-02 -3.930936453547523302e-01
-9.694642065114020268e-02 -4.072972367721872100e-01
-1.203381814726692395e-01 -4.212887623642587731e-01
-1.448550149400936737e-01 -4.350482564142144071e-01
-1.703717922879764701e-01 -4.485557532053018326e-01
-1.967633847508805933e-01 -4.617912870207683262e-01
-2.239046635633690219e-01 -4.747348921438614977e-01
-2.516704999600046788e-01 -4.873666028578288456e-01
-2.799357651753505705e-01 -4.996664534459178131e-01
-3.085753304439696199e-01 -5.116144781913758433e-01
-3.374640670004247500e-01 -5.231907113774506568e-01
-3.664768460792789395e-01 -5.343751872873894193e-01
-3.954885389150951669e-01 -5.451479402044397959e-01
-4.243740167424362997e-01 -5.554890044118493408e-01
-4.530081507958654830e-01 -5.653784141928653861e-01
-4.812658123099455287e-01 -5.747962038307354860e-01
-5.090218725192388050e-01 -5.837224076087069724e-01
-5.361512026583095114e-01 -5.921370598100276217e-01
-5.625286739617200160e-01 -6.000201947179449879e-01
-5.880291576640330753e-01 -6.073518466157062923e-01
-6.125275249998118898e-01 -6.141120497865588668e-01
-6.358986472036193272e-01 -6.202808385137505987e-01
-6.580173955100182548e-01 -6.258382470805287090e-01
-6.787586411535717623e-01 -6.307643097701407520e-01
-6.979972553688428283e-01 -6.350390608658345037e-01
-7.156081093903943202e-01 -6.386425346508569634e-01
-7.314660744527892167e-01 -6.415547654084560181e-01
-7.454460217905903852e-01 -6.437557874218789999e-01
-7.574228226383609153e-01 -6.452256349743732411e-01
-7.672713482306636745e-01 -6.459443423491864067e-01
-7.748664698020617525e-01 -6.458919438295660509e-01
-7.800830585871179057e-01 -6.450484736987595058e-01
-7.827959858203954457e-01 -6.433939662400144366e-01
-7.828801227364567961e-01 -6.409084557365781754e-01
-7.802103405698654903e-01 -6.375719764716983873e-01
-7.746615105551836189e-01 -6.333645627286220714e-01
-7.661085039269751595e-01 -6.282662487905973370e-01
-7.544261919198025357e-01 -6.222570689408714051e-01
-7.394894457682287259e-01 -6.153170574626917189e-01
-7.211731367068167087e-01 -6.074262486393058325e-01
-6.993521359701294626e-01 -5.985646767539613000e-01
-6.739013147927305214e-01 -5.887123760899055647e-01
-6.446955444091817533e-01 -5.778493809303859585e-01
-6.116096960540466920e-01 -5.659557255586501467e-01
-5.745186409618882051e-01 -5.530114442579454614e-01
-5.332972503672691600e-01 -5.389965713115195678e-01
-4.878203955047528129e-01 -5.238911410026199089e-01
-4.379629476089018092e-01 -5.076751876144939279e-01
-3.835997779142792385e-01 -4.903287454303891790e-01
-3.246057576554480795e-01 -4.718318487335530498e-01
