1.383867855714152328e-01 2.145225518282521393e-01
1.902332844902304976e-01 2.059097712042842476e-01
2.322988343722799387e-01 2.075918176178845886e-01
2.651589444490706216e-01 2.187533991649705245e-01
2.893891239521100278e-01 2.385792239414593341e-01
3.055648821129052783e-01 2.662540000432685461e-01
3.142617281629636605e-01 3.009624355663153006e-01
3.160551713337925173e-01 3.418892386065172095e-01
3.115207208568988029e-01 3.882191172597914131e-01
3.012338859637901378e-01 4.391367796220553843e-01
2.857701758859734209e-01 4.938269337892264299e-01
2.657050998549561616e-01 5.514742878572219675e-01
2.416141671022456194e-01 6.112635499219590818e-01
2.140728868593488043e-01 6.723794280793558009e-01
1.836567683577731702e-01 7.340066304253287655e-01
1.509413208290258934e-01 7.953298650557955041e-01
1.165020535046142197e-01 8.555338400666735454e-01
8.091447561604545036e-02 9.138032635538806403e-01
4.475409639482687274e-02 9.693228436133330961e-01
8.596425072465579964e-03 1.021277288340949330e+00
-2.698302911953107466e-02 1.068851305832646092e+00
-6.140875694965583498e-02 1.111229604184340802e+00
-9.410524918640156278e-02 1.147596891491951210e+00
-1.245949581441769954e-01 1.177309779893489727e+00
-1.528741967442775462e-01 1.200556417544004439e+00
-1.790823649561647246e-01 1.217776043388518747e+00
-2.033588928317023037e-01 1.229407949161000158e+00
-2.258432104227543480e-01 1.235891426595415288e+00
-2.466747477811847000e-01 1.237665767425732311e+00
-2.659929349588573411e-01 1.235170263385918288e+00
-2.839372020076364467e-01 1.228844206209941170e+00
-3.006469789793856928e-01 1.219126887631768019e+00
-3.162616959259692551e-01 1.206457599385366342e+00
-3.309207828992509759e-01 1.191275633204703865e+00
-3.447636699510949199e-01 1.174020280823747431e+00
-3.579297871333650405e-01 1.155130833976465432e+00
-3.705585644979251247e-01 1.135046584396824709e+00
-3.827894320966393482e-01 1.114206823818792547e+00
-3.947618199813717199e-01 1.093050843976337116e+00
-4.066151582039859713e-01 1.072017936603425259e+00
-4.184888768163462225e-01 1.051547393434024480e+00
-4.305224058703165380e-01 1.032078506202102730e+00
-4.428748892841622986e-01 1.014031789773324865e+00
-4.559352897233243107e-01 9.976088635282596151e-01
-4.702411468833861408e-01 9.828698316687237702e-01
-4.863324905672848364e-01 9.698724266437329655e-01
-5.047493505779581113e-01 9.586743809023039464e-01
-5.260317567183427911e-01 9.493334268934519038e-01
-5.507197387913762565e-01 9.419072970661933608e-01
-5.793533265999958326e-01 9.364537238695441745e-01
-6.124725499471391776e-01 9.330304397525207571e-01
-6.505239253929526733e-01 9.317414989845002049e-01
-6.933157585474541973e-01 9.330070938715979700e-01
-7.403897740846095976e-01 9.373794676879327881e-01
-7.912868042742096097e-01 9.454113057603710235e-01
-8.455476813860440810e-01 9.576552934157784858e-01
-9.027132376899044131e-01 9.746641159810219834e-01
-9.623243054555801201e-01 9.969904587829669929e-01
-1.023921716952861605e+00 1.025187007148479879e+00
-1.087046304451540379e+00 1.059806446404427671e+00
-1.151238900221406292e+00 1.101401461877675736e+00
-1.216040336532250077e+00 1.150524738895091215e+00
-1.280972839664605623e+00 1.207694892808898190e+00
-1.344150145636857197e+00 1.270851410989817909e+00
-1.401315885606804423e+00 1.333593812028315506e+00
-1.447986278729196163e+00 1.389105193701618335e+00
-1.479677544158779279e+00 1.430568653786952638e+00
-1.491905901050301519e+00 1.451167290061544879e+00
-1.480187568558511080e+00 1.444084200302622412e+00
-1.442660113531744726e+00 1.406110491403264939e+00
-1.397326519269376233e+00 1.361419317961833908e+00
-1.351922543881058036e+00 1.320258119675903563e+00
-1.306660110659952689e+00 1.282585707186810975e+00
-1.261746956897843219e+00 1.248355166257051341e+00
-1.217390819886509545e+00 1.217519582649117416e+00
-1.173799436917733807e+00 1.190032042125502842e+00
-1.131180545283297034e+00 1.165845630448701931e+00
-1.089741882274980700e+00 1.144913433381207879e+00
-1.049691185184564945e+00 1.127188536685514553e+00
-1.011236191303832577e+00 1.112624026124115373e+00
-9.745846379245636237e-01 1.101172987459504427e+00
-9.399442623385398932e-01 1.092788506454174691e+00
-9.075228018375423034e-01 1.087423668870620475e+00
-8.775279937133523278e-01 1.085031560471335421e+00
-8.501675752577514400e-01 1.085565267018812508e+00
-8.256492837625204473e-01 1.088977874275546265e+00
-8.041808565194406011e-01 1.095222468004029892e+00
-7.859700308202932639e-01 1.104252133966757032e+00
-7.712245439568594652e-01 1.116019957926221329e+00
-7.601521332209209003e-01 1.130479025644917090e+00
-7.529605359042582657e-01 1.147582422885336850e+00
-7.498574892986532570e-01 1.167283235409975140e+00
-7.510507306958867924e-01 1.189534548981325601e+00
-7.567479973877404564e-01 1.214289449361881434e+00
-7.671570266659949455e-01 1.241501022314136504e+00
-7.824855558224318441e-01 1.271122353600584454e+00
-8.029394526688089506e-01 1.303105540376781502e+00
-8.282909664529818361e-01 1.337173376294042981e+00
-8.573258992775886211e-01 1.372527008086375622e+00
-8.886935874006147706e-01 1.408295417458442333e+00
-9.210433670800458605e-01 1.443607586114906249e+00
-9.530245745738664676e-01 1.477592495760429836e+00
-9.832865461400623897e-01 1.509379128099676892e+00
-1.010478618036618981e+00 1.538096464837309663e+00
-1.033250126521521928e+00 1.562873487677991724e+00
-1.050258080041866160e+00 1.582844673094485843e+00
-1.060790924261659107e+00 1.597596728471350591e+00
-1.065229431997704479e+00 1.607498678248677981e+00
-1.064062997868223004e+00 1.612997341039883459e+00
-1.057781016491434745e+00 1.614539535458381803e+00
-1.046872882485559542e+00 1.612572080117588902e+00
-1.031827990468817458e+00 1.607541793630919535e+00
-1.013135735059429221e+00 1.599895494611789371e+00
-9.912855108756145617e-01 1.590080001673613186e+00
-9.667667125355933200e-01 1.578542133429805983e+00
-9.400687346575865577e-01 1.565728708493784316e+00
-9.116809718598140044e-01 1.552086545478961854e+00
-8.820928187604949455e-01 1.538062462998754487e+00
-8.517936699778504428e-01 1.524103279666577659e+00
-8.212729201301004478e-01 1.510655814095846594e+00
-7.910199638354650231e-01 1.498166884899976070e+00
-7.615241957121642313e-01 1.487083310692381755e+00
-7.332750103784184681e-01 1.477851910086478870e+00
-7.067618024524475739e-01 1.470919501695682419e+00
-6.824739665524720555e-01 1.466732904133407844e+00
-6.609008972967116424e-01 1.465738936013070370e+00
-6.425319893033867302e-01 1.468384415948084776e+00
-6.278566371907173815e-01 1.475116162551866950e+00
-6.173503454490244513e-01 1.486365255502672733e+00
-6.110222329832576404e-01 1.502034311923147403e+00
-6.083150044016768510e-01 1.521384143622582785e+00
-6.086372313536294598e-01 1.543636886277766962e+00
-6.113974854884630661e-01 1.568014675565488902e+00
-6.160043384555246027e-01 1.593739647162536466e+00
-6.218663619041617796e-01 1.620033936745697956e+00
-6.283921274837217519e-01 1.646119679991761897e+00
-6.349902068435520075e-01 1.671219012577516150e+00
-6.410691716329997014e-01 1.694554070179749905e+00
-6.460375935014126547e-01 1.715346988475251244e+00
-6.493302600626047472e-01 1.732856479791985427e+00
-6.507587768721685428e-01 1.746866994827417141e+00
-6.504171201861558282e-01 1.757556949361867682e+00
-6.484060984070630917e-01 1.765114291422224202e+00
-6.448265199373884871e-01 1.769726969035377184e+00
-6.397791931796287246e-01 1.771582930228214892e+00
-6.333649265362814029e-01 1.770870123027625809e+00
-6.256845284098437876e-01 1.767776495460499531e+00
-6.168388072028132552e-01 1.762489995553724764e+00
-6.069285713176870711e-01 1.755198571334190216e+00
-5.960546291569626121e-01 1.746090170828785704e+00
-5.843177891231373655e-01 1.735352742064399267e+00
-5.718188596187082640e-01 1.723174233067919836e+00
-5.586586490461727950e-01 1.709742591866236783e+00
-5.449379658080284461e-01 1.695245766486239258e+00
-5.307576183067725939e-01 1.679871704954815304e+00
-5.162184149449021708e-01 1.663808355298854513e+00
-5.014211641249148865e-01 1.647243665545245594e+00
-4.864666742493077845e-01 1.630365583720877698e+00
-4.714557537205783522e-01 1.613362057852639309e+00
-4.564892109412238552e-01 1.596421035967419799e+00
-4.416678543137417257e-01 1.579730466092108099e+00
-4.270924922406292845e-01 1.563478296253593136e+00
-4.128639331243836863e-01 1.547852474478763618e+00
-3.990829853675023631e-01 1.533040948794508695e+00
-3.858504573724827469e-01 1.519231667227717075e+00
-3.732671575418219367e-01 1.506612577805277686e+00
-3.614338942780173647e-01 1.495371628554079679e+00
-3.504514759835666293e-01 1.485696767501012205e+00
-3.404207110609665521e-01 1.477775942672963527e+00
-3.314424079127147871e-01 1.471797102096823240e+00
-3.236173749413084888e-01 1.467948193799479606e+00
-3.170464205035939398e-01 1.466417165716902726e+00
-3.117931019310165586e-01 1.467317776187689660e+00
-3.077767295406284576e-01 1.470476499433962969e+00
-3.048817034361979705e-01 1.475650282070488872e+00
-3.029924237214931537e-01 1.482596070712032033e+00
-3.019932905002822854e-01 1.491070811973359111e+00
-3.017687038763336993e-01 1.500831452469234994e+00
-3.022030639534153962e-01 1.511634938814425011e+00
-3.031930918707496647e-01 1.523251417897450777e+00
-3.046875960649729209e-01 1.535506840892729041e+00
-3.066491469902756228e-01 1.548241903060092461e+00
-3.090403151824848704e-01 1.561297299746835954e+00
-3.118236711774283187e-01 1.574513726300255323e+00
-3.149617855109330677e-01 1.587731878067645264e+00
-3.184172287188264394e-01 1.600792450396300914e+00
-3.221525713369358668e-01 1.613536138633517192e+00
-3.261303839010886163e-01 1.625803638126589457e+00
-3.303132369471119545e-01 1.637435644222812847e+00
-3.346637010108333699e-01 1.648272852269482724e+00
-3.391443466280800734e-01 1.658155957613893561e+00
-3.437177443346793315e-01 1.666925655603340717e+00
-3.483464646664585218e-01 1.674422641585119553e+00
-3.529930781592449662e-01 1.680487610906524765e+00
-3.576201553488660978e-01 1.684961258914851934e+00
-3.621902667711491275e-01 1.687684280957395977e+00
-3.666659829619214883e-01 1.688497372381452033e+00
-3.710098744570103912e-01 1.687241228534315240e+00
-3.751845117922431583e-01 1.683756544763280738e+00
-3.791524655034471669e-01 1.677884016415643220e+00
-3.828763061264497947e-01 1.669464338838698714e+00
