7.940372819523613401e-01 1.292319222946833213e+00
7.388358565332617811e-01 1.295124772156656334e+00
6.821371741138483324e-01 1.297780141486081451e+00
6.240827273978137857e-01 1.300230105580987727e+00
5.648140090888518206e-01 1.302419439087254327e+00
5.044725118906553396e-01 1.304292916650760192e+00
4.431997285069182446e-01 1.305795312917384488e+00
3.811371516413341043e-01 1.306871402533006377e+00
3.184262739975955991e-01 1.307465960143504802e+00
2.552085882793967975e-01 1.307523760394759149e+00
1.916255871904304908e-01 1.306989577932648139e+00
1.278187634343905810e-01 1.305808187403051379e+00
6.392960971497034517e-02 1.303924363451848034e+00
9.961873586295247535e-05 1.301282880724916602e+00
-6.352971679923810622e-02 1.297828513868136913e+00
-1.268169041866392399e-01 1.293506037527387464e+00
-1.896204507226472713e-01 1.288260226348548088e+00
-2.517988637035687427e-01 1.282035854977497058e+00
-3.132106504257101132e-01 1.274777698060114650e+00
-3.737143181853784801e-01 1.266430530242278696e+00
-4.331683742788800529e-01 1.256939126169868803e+00
-4.914313260025210406e-01 1.246248260488765025e+00
-5.483616806526089293e-01 1.234302707844844971e+00
-6.038179455254498729e-01 1.221047242883988471e+00
-6.576586279173503025e-01 1.206426640252074467e+00
-7.097422351246172045e-01 1.190385674594982790e+00
-7.599272744435571214e-01 1.172869120558591494e+00
-8.080722531704764844e-01 1.153821752788780408e+00
-8.540356786016821689e-01 1.133188345931428920e+00
-8.976760580334799400e-01 1.110913674632415304e+00
-9.388518987621774503e-01 1.086942513537619170e+00
-9.774217080840813532e-01 1.061219637292919904e+00
-1.013243993295497303e+00 1.033689820544195781e+00
-1.046177261692732730e+00 1.004297837937326632e+00
-1.076080020572093510e+00 9.729884641181913985e-01
-1.102810777229887185e+00 9.397064737326691342e-01
-1.126228038962419298e+00 9.043966414266392251e-01
-1.146190313065997390e+00 8.670037418459805023e-01
-1.162556106836927672e+00 8.274725496365720190e-01
-1.175183927571516351e+00 7.857478394442930503e-01
-1.183932282566071414e+00 7.417743859150230934e-01
-1.188659679116897738e+00 6.954969636946404243e-01
-1.189224624520303086e+00 6.468603474290253175e-01
-1.185485626072593446e+00 5.958093117640557157e-01
-1.177301191070075470e+00 5.422886313456113383e-01
-1.164529826809056257e+00 4.862430808195710163e-01
-1.147030040585842015e+00 4.276174348318143026e-01
-1.124660339696739397e+00 3.663564680282199171e-01
-1.097279231438055058e+00 3.024049550546676901e-01
-1.064745223106095873e+00 2.357076705570359254e-01
-1.026947728487533684e+00 1.662394918397091248e-01
-9.842501418212983300e-01 9.443694913250996748e-02
-9.373867156622331942e-01 2.109778550779597278e-02
-8.871015946702888177e-01 -5.297062113591525373e-02
-8.341389235054151863e-01 -1.269608929001070363e-01
-7.792428468275615083e-01 -2.000656518862620470e-01
-7.231575092966778806e-01 -2.714775201958630757e-01
-6.666270555727141778e-01 -3.403891199303926696e-01
-6.103956303156206076e-01 -4.059930731913331536e-01
-5.552073369678222070e-01 -4.674820519246483674e-01
-5.016501817478534742e-01 -5.242374969341293545e-01
-4.498033174006585977e-01 -5.762562071101343664e-01
-3.996423805455130984e-01 -6.236601637154056688e-01
-3.511430078016926637e-01 -6.665713480126852497e-01
-3.042808357884724257e-01 -7.051117412647156524e-01
-2.590315011251287380e-01 -7.394033247342391979e-01
-2.153706404309362610e-01 -7.695680796839976523e-01
-1.732738903251711815e-01 -7.957279873767336698e-01
-1.327168874271088816e-01 -8.180050290751896824e-01
-9.367526835602492385e-02 -8.365211860421076784e-01
-5.612466973119478036e-02 -8.513984395402297567e-01
-2.004072817189470057e-02 -8.627587708322986826e-01
1.460091970260091535e-02 -8.707241611810564441e-01
4.782463727301571044e-02 -8.754165918492449183e-01
7.965478792007449349e-02 -8.769580440996070925e-01
1.101157350245013378e-01 -8.754704991948848436e-01
1.392318419670208474e-01 -8.710759383978202708e-01
1.670274721283574459e-01 -8.638963429711559172e-01
1.935269888892355572e-01 -8.540536941776337709e-01
2.187547556303795493e-01 -8.416699732799964861e-01
2.427351357325140124e-01 -8.268671615409859399e-01
2.654924925763631482e-01 -8.097672402233444533e-01
2.870511895426513527e-01 -7.904921905898142365e-01
3.074355900121034102e-01 -7.691639939031379436e-01
3.266700573654432449e-01 -7.459046314260576738e-01
3.447789549833958911e-01 -7.208360844213154150e-01
3.617866462466853283e-01 -6.940803341516535996e-01
3.777174945360362024e-01 -6.657593618798144375e-01
3.925958632321728259e-01 -6.359951488685402499e-01
4.064461157158196780e-01 -6.049096763805734689e-01
4.192926153677011269e-01 -5.726249256786558606e-01
4.311597255685417629e-01 -5.392628780255298571e-01
4.420718096990656210e-01 -5.049455146839381126e-01
4.520532311399976244e-01 -4.697948169166223931e-01
4.611283532720619749e-01 -4.339327659863255193e-01
4.693215394759830406e-01 -3.974813431557890353e-01
4.766571531324851896e-01 -3.605625296877562613e-01
4.831595576222931232e-01 -3.232983068449681863e-01
4.888531163261311541e-01 -2.858106558901677419e-01
4.937621926247235948e-01 -2.482215580860970550e-01
4.979111498987949802e-01 -2.106529946954983079e-01
5.013243515290696228e-01 -1.732269469811140161e-01
5.040261608962721684e-01 -1.360653962056862787e-01
5.060409413811269852e-01 -9.929032363195744448e-02
5.073930563643582747e-01 -6.302371052266959872e-02
5.081068692266905718e-01 -2.738753814056515273e-02
5.082067433488485220e-01 7.496212251613703324e-03
5.077170421115563270e-01 4.150555939112474807e-02
5.066621288955384106e-01 7.451852201522567165e-02
5.050663670815193074e-01 1.064131188611740775e-01
5.029541200502233300e-01 1.370673686662279567e-01
5.003497511823752353e-01 1.663592901676449742e-01
4.972776238586990027e-01 1.941669021026826703e-01
4.937621014599191671e-01 2.203682232085990289e-01
4.898275473667603741e-01 2.448412722226517291e-01
4.854983249599469364e-01 2.674640678820985329e-01
4.807987976202032221e-01 2.881146289241965919e-01
4.757533287282537660e-01 3.066709740862047506e-01
4.703862816648228806e-01 3.230111221053801884e-01
4.647220198106349343e-01 3.370130917189805841e-01
4.587849065464146281e-01 3.485549016642638942e-01
4.525993052528862193e-01 3.575145706784876309e-01
4.461895793107740205e-01 3.637701174989096398e-01
4.395800921008026774e-01 3.671995608627875995e-01
4.327952070036965027e-01 3.676809195073793557e-01
4.258592874001799755e-01 3.650922121699425871e-01
4.187963141854655902e-01 3.593125398904845058e-01
4.115575882029398613e-01 3.504266633157200883e-01
4.039361975907292956e-01 3.389670307579907282e-01
3.957044217862002444e-01 3.255249720123414292e-01
3.866345402267192810e-01 3.106918168738173058e-01
3.764989521201150824e-01 2.950587406455889572e-01
3.651506408885270560e-01 2.791129730833943334e-01
3.526629580287585219e-01 2.630574912471596027e-01
3.391465823853926920e-01 2.470471236650857993e-01
3.247121928030131666e-01 2.312366988653739852e-01
3.094704681262036572e-01 2.157810453762255276e-01
2.935320871995475978e-01 2.008349917258414330e-01
2.770077288676284777e-01 1.865533664424228466e-01
2.600080719750299529e-01 1.730909980541710524e-01
2.426437953663354852e-01 1.606027150892870570e-01
2.250255778861289246e-01 1.492433460759723385e-01
2.072640983789931224e-01 1.391677195424275149e-01
1.894700356895119286e-01 1.305306640168540366e-01
1.717540686622689161e-01 1.234870080274529658e-01
1.542268761418476297e-01 1.181915801024255863e-01
1.369991369728315311e-01 1.147992087699729324e-01
1.201815299998042486e-01 1.134647225582962465e-01
1.038847340673493130e-01 1.143429499955966738e-01
8.821942802005015849e-02 1.175887196100753457e-01
7.329629070249035760e-02 1.233568599299333518e-01
5.922600095925350389e-02 1.318021994833719623e-01
4.611923763492302430e-02 1.430795667985922670e-01
3.408667957408250543e-02 1.573437904037953694e-01
2.323900562131551648e-02 1.747496988271825813e-01
1.368689462120557289e-02 1.954521205969548814e-01
5.541025418336167560e-03 2.196058842413136092e-01
-1.087923142709155229e-03 2.473658182884597712e-01
-6.144046270472712165e-03 2.787493777839302744e-01
-9.792993560600307332e-03 3.132183587336441200e-01
-1.225642462839492998e-02 3.500940838532426991e-01
-1.375599909200872668e-02 3.886978758512222853e-01
-1.451337656959388218e-02 4.283510574360784862e-01
-1.475021667930253265e-02 4.683749513163075195e-01
-1.468817903928682292e-02 5.080908802004056035e-01
-1.454892326769892212e-02 5.468201667968685120e-01
-1.455410898269096989e-02 5.838841338141917969e-01
-1.492539580241512322e-02 6.186041039608715097e-01
-1.588444334502354949e-02 6.503013999454043681e-01
-1.765291122866836926e-02 6.782973444762866455e-01
-2.045245907150177594e-02 7.019132602620132833e-01
-2.450474649167588836e-02 7.204704700110807769e-01
-3.003143310734289126e-02 7.332902964319850669e-01
-3.725417853665493467e-02 7.396940622332218718e-01
-4.639464239776414783e-02 7.390030901232876870e-01
-5.767448430882270161e-02 7.305387028106782310e-01
-7.131536388798273562e-02 7.136222230038893333e-01
-8.753894075339642422e-02 6.875749734114170453e-01
-1.065668745232159487e-01 6.517182767417579736e-01
-1.284708922451913704e-01 6.058645613588721224e-01
-1.525847306225289746e-01 5.522435504874199097e-01
-1.780154475054735452e-01 4.938274562346641194e-01
-2.038700398185269158e-01 4.335886902707576374e-01
-2.292555044861908364e-01 3.744996642658530717e-01
-2.532788384329671127e-01 3.195327898901028085e-01
-2.750470385833576059e-01 2.716604788136595672e-01
-2.936671018618640661e-01 2.338551427066759003e-01
-3.082460251929883266e-01 2.090891932393042496e-01
-3.178908055012322209e-01 2.003350420816973898e-01
-3.217084397110974714e-01 2.105651009040077071e-01
-3.188528854079428765e-01 2.426538316914711446e-01
-3.107067269361462047e-01 2.948272676197773445e-01
-3.018050954452203838e-01 3.587359175722993343e-01
-2.969218627986485171e-01 4.255323294309400484e-01
-3.008309008599145962e-01 4.863690510775981468e-01
-3.183060814925022242e-01 5.323986303941734555e-01
-3.541212765598951151e-01 5.547736152625664108e-01
-4.130503579255768720e-01 5.446465535646762834e-01
-4.998671974530313200e-01 4.931699931824034544e-01
-6.193456670057418956e-01 3.914964819976478050e-01
-7.762596384471923683e-01 2.307785678923092443e-01
