5.229799146683395961e-01 -5.561491790767102150e-02
6.962598309667457075e-01 -1.698350343235715265e-01
8.210949209485656208e-01 -2.691360460396841625e-01
9.014771273715390665e-01 -3.544805560129486444e-01
9.413983929934065520e-01 -4.268311672003047286e-01
9.448506605719080298e-01 -4.871504825586923104e-01
9.158258728647833413e-01 -5.364011050450510076e-01
8.583159726297727721e-01 -5.755456376163206045e-01
7.763129026246166076e-01 -6.055466832294407187e-01
6.738086056070545782e-01 -6.273668448413514120e-01
5.547950243348266364e-01 -6.419687254089923023e-01
4.232641015656732342e-01 -6.503149278893032292e-01
2.832077800573344351e-01 -6.533680552392236995e-01
1.386180025675497751e-01 -6.520907104156934420e-01
-6.513288145939716799e-03 -6.474454963756526293e-01
-1.481941493253945974e-01 -6.403950160760409904e-01
-2.824326382130747382e-01 -6.319018724737978099e-01
-4.052368120512400140e-01 -6.229286685258633716e-01
-5.126147280821499175e-01 -6.144380071891770712e-01
-6.005744435480654397e-01 -6.073924914206788594e-01
-6.651240156912454626e-01 -6.027547241773085762e-01
-7.022715017539502558e-01 -6.014873084160056171e-01
-7.080249589784400888e-01 -6.045528470937100440e-01
-6.783924446069741210e-01 -6.129139431673615857e-01
-6.093820158818130661e-01 -6.275331995938999707e-01
-4.992944138530958087e-01 -6.490257227646136773e-01
-3.626823257762076258e-01 -6.755433507072879928e-01
-2.211202188044500416e-01 -7.041736471739010739e-01
-9.410279098201750070e-02 -7.322700190325310832e-01
1.332851930543758022e-02 -7.590378759330357328e-01
1.021953438084974852e-01 -7.844595334291132316e-01
1.735400680231755643e-01 -8.085199664049631529e-01
2.284050774454857435e-01 -8.312041497447851812e-01
2.678327575714424258e-01 -8.524970583327795559e-01
2.928654938970594035e-01 -8.723836670531459614e-01
3.045456719183509686e-01 -8.908489507900846371e-01
3.039156771313313854e-01 -9.078778844277956006e-01
2.920178950320146405e-01 -9.234554428504786472e-01
2.698947111164148316e-01 -9.375666009423336833e-01
2.385885108805459731e-01 -9.501963335875605043e-01
1.991416798204224403e-01 -9.613296156703596829e-01
1.525966034320581921e-01 -9.709514220749306812e-01
9.999566721146750659e-02 -9.790467276854734058e-01
4.238125665466412062e-02 -9.856005073861879850e-01
-1.920424274233773279e-02 -9.905977360612744365e-01
-8.371844548352369575e-02 -9.940233885949329995e-01
-1.501189660728798059e-01 -9.958624398713629144e-01
-2.173634190143921008e-01 -9.960998647747646428e-01
-2.844094188120457334e-01 -9.947206381893379801e-01
-3.502145799698277440e-01 -9.917097349992829436e-01
-4.137365169917233132e-01 -9.870521300887994398e-01
-4.739328443817185099e-01 -9.807327983420874862e-01
-5.297611766437990699e-01 -9.727367146433468781e-01
-5.801791282819511730e-01 -9.630488538767778550e-01
-6.241443138001603330e-01 -9.516541909265802124e-01
-6.606226292738106576e-01 -9.385393900182563698e-01
-6.896165056078247257e-01 -9.239025560586473507e-01
-7.131602869130289069e-01 -9.083562798941254846e-01
-7.335244176974877739e-01 -8.925613140222036224e-01
-7.529793424692682313e-01 -8.771784109403961693e-01
-7.734957341748791571e-01 -8.627697617803594676e-01
-7.955673867388850518e-01 -8.494119772109048894e-01
-8.192340515935153666e-01 -8.370323840662827752e-01
-8.445353566164980341e-01 -8.255582685574750501e-01
-8.715109296855612087e-01 -8.149169168954636389e-01
-9.002003986784328227e-01 -8.050356152912310215e-01
-9.306433914728409196e-01 -7.958416499557592338e-01
-9.628795359465137649e-01 -7.872623071000304229e-01
-9.969484599771790689e-01 -7.792248729350266245e-01
-1.032889791442565208e+00 -7.716566336717299857e-01
-1.070743158220399671e+00 -7.644848755211226532e-01
-1.110548188188410945e+00 -7.576368846941869961e-01
-1.152344509224326963e+00 -7.510399474019049393e-01
-1.196171749205875878e+00 -7.446213498552582966e-01
-1.242069536010785402e+00 -7.383083782652297700e-01
-1.290077497516783911e+00 -7.320283188428011734e-01
-1.340235261601599115e+00 -7.257084577989547647e-01
-1.392582456142959613e+00 -7.192760813446726909e-01
-1.447158709018592671e+00 -7.126584756909368767e-01
-1.504003648106226665e+00 -7.057829270487298023e-01
-1.563156901283589972e+00 -6.985767216290333925e-01
-1.624658096428410303e+00 -6.909671456428297942e-01
-1.688546861418415146e+00 -6.828814853011010433e-01
-1.754834682197363049e+00 -6.742506318702669033e-01
-1.822509477936244737e+00 -6.651365982007692024e-01
-1.889268897573922690e+00 -6.557666841386374790e-01
-1.952728209247071245e+00 -6.463787427263928409e-01
-2.010502681092366739e+00 -6.372106270065571731e-01
-2.060207581246486175e+00 -6.285001900216521387e-01
-2.099458177846103890e+00 -6.204852848141989563e-01
-2.125869739027895999e+00 -6.134037644267189560e-01
-2.137057532928539061e+00 -6.074934819017338006e-01
-2.130636827684708745e+00 -6.029922902817652641e-01
-2.104222891433080278e+00 -6.001380426093343434e-01
-2.057117231047857153e+00 -5.990310077855792725e-01
-1.997818689275149717e+00 -5.990210226815895211e-01
-1.937379785229298435e+00 -5.992474429713869899e-01
-1.880166359986866764e+00 -5.993701692189432606e-01
-1.826179619827817957e+00 -5.993888865110011954e-01
-1.775345792938264333e+00 -5.993091169394660911e-01
-1.727591107504315548e+00 -5.991363825962429113e-01
-1.682841791712083479e+00 -5.988762055732370637e-01
-1.641024073747678225e+00 -5.985341079623528460e-01
-1.602064181797210551e+00 -5.981156118554958878e-01
-1.565888344046793001e+00 -5.976262393445715970e-01
-1.532422788682534787e+00 -5.970715125214841601e-01
-1.501593743890547783e+00 -5.964569534781393179e-01
-1.473327437856942312e+00 -5.957880843064419230e-01
-1.447550098767830251e+00 -5.950704270982973831e-01
-1.424187954809322143e+00 -5.943095039456102180e-01
-1.403167234167527866e+00 -5.935108369402857242e-01
-1.384414165028559962e+00 -5.926799481742291986e-01
-1.367854975578528309e+00 -5.918223597393453828e-01
-1.353415894003544340e+00 -5.909435937275396844e-01
-1.341023148489719041e+00 -5.900491722307169562e-01
-1.330602967223162958e+00 -5.891446173407822728e-01
-1.322081578389987744e+00 -5.882354511496408200e-01
-1.315385210176302833e+00 -5.873271957491975614e-01
-1.310440090768220989e+00 -5.864253732313577938e-01
-1.307172448351851868e+00 -5.855355056880263698e-01
-1.305508511113307346e+00 -5.846631152111083640e-01
-1.305374507238697745e+00 -5.838137238925089623e-01
-1.306696664914134054e+00 -5.829928538241331282e-01
-1.309401212325727260e+00 -5.822060270978860475e-01
-1.313414377659588350e+00 -5.814587658056727948e-01
-1.318662389101828536e+00 -5.807565920393983339e-01
-1.325071474838558139e+00 -5.801050278909678504e-01
-1.332567863055889035e+00 -5.795095954522864190e-01
-1.341077781939931102e+00 -5.789758168152590034e-01
-1.350527459676796216e+00 -5.785092140717909004e-01
-1.360843124452594699e+00 -5.781153093137870735e-01
-1.371951004453437539e+00 -5.777996246331523755e-01
-1.383777327865435947e+00 -5.775676821217923251e-01
-1.396248322874700465e+00 -5.774250038716115530e-01
-1.409290217667342526e+00 -5.773771119745153557e-01
-1.422829240429473119e+00 -5.774295285224089191e-01
-1.436791619347202786e+00 -5.775877756071970959e-01
-1.451103582606642295e+00 -5.778573753207850716e-01
-1.465712044328537633e+00 -5.782368780179636403e-01
-1.480652056946838435e+00 -5.786951289828925482e-01
-1.495982142896483236e+00 -5.791930634545796597e-01
-1.511760824817997451e+00 -5.796916166027441530e-01
-1.528046625351909160e+00 -5.801517235971057618e-01
-1.544898067138743336e+00 -5.805343196073829981e-01
-1.562373672819026948e+00 -5.808003398032955955e-01
-1.580531965033286745e+00 -5.809107193545629544e-01
-1.599431466422046588e+00 -5.808263934309035870e-01
-1.619130699625835001e+00 -5.805082972020371157e-01
-1.639688187285177179e+00 -5.799173658376827190e-01
-1.661162452040599868e+00 -5.790145345075595751e-01
-1.683612016532628708e+00 -5.777607383813868625e-01
-1.707095403401790890e+00 -5.761169126288842035e-01
-1.731671135288611385e+00 -5.740439924197701105e-01
-1.757397734833617609e+00 -5.715029129237643168e-01
-1.784333724677334976e+00 -5.684546093105860010e-01
-1.812537627460290235e+00 -5.648600167499541191e-01
-1.842067965823009468e+00 -5.606800704115881828e-01
-1.872983262406018756e+00 -5.558757054652071483e-01
-1.905342039849844182e+00 -5.504078570805304160e-01
-1.939202820795012716e+00 -5.442374604272771643e-01
-1.974624127882049995e+00 -5.373254506751665716e-01
-2.011537831630381579e+00 -5.296672544510099279e-01
-2.048823654307332820e+00 -5.215448322823241778e-01
-2.084840137905768831e+00 -5.133820788933664003e-01
-2.117942094527129449e+00 -5.056039047781162310e-01
-2.146484336272856286e+00 -4.986352204305531943e-01
-2.168889472754756298e+00 -4.928836827691047140e-01
-2.184772628204572520e+00 -4.884534694106603681e-01
-2.194767475956278968e+00 -4.851895506089786703e-01
-2.199540422331297318e+00 -4.829285665026121777e-01
-2.199757873651054574e+00 -4.815071572301139469e-01
-2.196086236236974187e+00 -4.807619629300365349e-01
-2.189191916410480054e+00 -4.805296237409327764e-01
-2.179741320492996071e+00 -4.806467798013552284e-01
-2.168400854805948352e+00 -4.809500712498568364e-01
-2.155836925670759019e+00 -4.812761382249901576e-01
-2.142715939408855075e+00 -4.814616208653080265e-01
-2.129704302341659528e+00 -4.813431593093633332e-01
-2.117468420790595829e+00 -4.807573936957084126e-01
-2.106674701077090095e+00 -4.795409641628963215e-01
-2.097989549522565333e+00 -4.775305108494796724e-01
-2.092079372448445884e+00 -4.745626738940111888e-01
-2.089610576176157419e+00 -4.704740934350435388e-01
-2.091249567027122946e+00 -4.651014096111296126e-01
-2.097578370277600524e+00 -4.583039529511914734e-01
-2.107919081879525258e+00 -4.502798538668745798e-01
-2.120625260926180200e+00 -4.414876860881840059e-01
-2.134025630763609627e+00 -4.323927017738976031e-01
-2.146448914737859148e+00 -4.234601530827930560e-01
-2.156223836194973931e+00 -4.151552921736482715e-01
-2.161679118481001360e+00 -4.079433712052411565e-01
-2.161143484941985715e+00 -4.022896423363495622e-01
-2.152945658923972161e+00 -3.986593577257511178e-01
-2.135414363773006752e+00 -3.975177695322236748e-01
-2.106878322835134654e+00 -3.993301299145450289e-01
-2.065666259456401477e+00 -4.045616910314930870e-01
-2.010106896982852387e+00 -4.136777050418455337e-01
-1.938528958760533882e+00 -4.271434241043803870e-01
-1.849261168135490463e+00 -4.454241003778753871e-01
-1.740632248453767517e+00 -4.689849860211081634e-01
-1.610970923061411320e+00 -4.982913331928567890e-01
