9.145118769228736122e-01 6.902469400381239240e-01
1.100155988474772917e+00 5.752097630459155342e-01
1.239878308347113434e+00 4.583810340129230720e-01
1.337277022744371102e+00 3.405615379825981948e-01
1.395950317871023749e+00 2.225520599983939474e-01
1.419496379931546981e+00 1.051533851037627226e-01
1.411513395130417736e+00 -1.083370165784314394e-02
1.375599549672111843e+00 -1.246084152429713932e-01
1.315353029761107573e+00 -2.353699706081690268e-01
1.234372021601880531e+00 -3.423175827099840252e-01
1.136254711398906991e+00 -4.446504665049639815e-01
1.024599285356664780e+00 -5.415678369496562672e-01
9.030039296796292803e-01 -6.322689090006082813e-01
7.750668305722772100e-01 -7.159528976143678669e-01
6.443861742390858405e-01 -7.918190177474823122e-01
5.145601468845318882e-01 -8.590664843564994602e-01
3.891869347130911816e-01 -9.168945123979665990e-01
2.718647239292406592e-01 -9.645023168284315718e-01
1.661917007374572874e-01 -1.001089112604441445e+00
7.575859017141446661e-02 -1.025856654297213622e+00
2.678349698085284464e-03 -1.038509695308728942e+00
-5.418349107486403887e-02 -1.039858340418974958e+00
-9.639320501664759566e-02 -1.030859670255754867e+00
-1.255170649964793828e-01 -1.012470765446873644e+00
-1.431213438835734764e-01 -9.856487066201345959e-01
-1.507723145471440707e-01 -9.513505744033418088e-01
-1.500362498564052072e-01 -9.105334494242990351e-01
-1.424794226805709829e-01 -8.641544123108106934e-01
-1.296681058888555227e-01 -8.131705436906804252e-01
-1.131685723504729235e-01 -7.585389241917126490e-01
-9.454709493463717140e-02 -7.012166344417103403e-01
-7.536974217267856935e-02 -6.421605895536665054e-01
-5.693029988398367464e-02 -5.821071541437704555e-01
-3.971314425213745558e-02 -5.211370665638104249e-01
-2.405293491625530231e-02 -4.592097939396975748e-01
-1.028433151545263269e-02 -3.962848033973435657e-01
1.258006311155085519e-03 -3.323215620626603917e-01
1.023941892445261181e-02 -2.672795370615588251e-01
1.632524668532442380e-02 -2.011181955199506100e-01
1.918082995465515694e-02 -1.337970045637476568e-01
1.847150909332942112e-02 -6.527543131886111294e-02
1.386262446223175161e-02 4.487057088797147611e-03
5.019516422246848505e-03 7.553099353331534094e-02
-8.392474665740777204e-03 1.478969108887827344e-01
-2.670800844084652431e-02 2.216253420292873533e-01
-5.026174454218576559e-02 2.967568198289176618e-01
-7.938834260887395189e-02 3.733318771617621379e-01
-1.144224622800264074e-01 4.513910469019090654e-01
-1.556987631947583384e-01 5.309748619234465616e-01
-2.035505292983737502e-01 6.121223292108090019e-01
-2.577767441068601340e-01 6.942798213331909940e-01
-3.168346717535893697e-01 7.754055049027961388e-01
-3.789743214099054458e-01 8.532276638357131349e-01
-4.424457022471527390e-01 9.254745820480303475e-01
-5.054988234366752931e-01 9.898745434558368084e-01
-5.663836941498172628e-01 1.044155831975221105e+00
-6.233503235579226365e-01 1.086046731522271047e+00
-6.746487208323359575e-01 1.113275526013076444e+00
-7.185288951444005479e-01 1.123570499363725439e+00
-7.532408556654618392e-01 1.114659935490306841e+00
-7.770346115668632647e-01 1.084272118308909238e+00
-7.881601720199490346e-01 1.030135331735620996e+00
-7.848675461960634703e-01 9.499778596865312563e-01
-7.654067432665503379e-01 8.415279860777280518e-01
-7.287163135617111820e-01 7.036962065703327163e-01
-6.799891528310305633e-01 5.461316059655086930e-01
-6.277527859716365288e-01 3.842087622936740665e-01
-5.805658969466558350e-01 2.333557530940388869e-01
-5.469871697192147941e-01 1.090006559058132735e-01
-5.355752882524396075e-01 2.657154826820705765e-02
-5.548889365094568094e-01 1.496507720430364239e-03
-6.126836693459393191e-01 4.765616466037664312e-02
-6.991247668655832248e-01 1.450386904437795388e-01
-7.872990205806672526e-01 2.407280891002002154e-01
-8.580200531642305783e-01 2.972185034390676384e-01
-9.113912717287514509e-01 3.153655671584582043e-01
-9.502006957243125385e-01 3.013637881181531197e-01
-9.772363446009973975e-01 2.614076741779339241e-01
-9.952862378088892514e-01 2.016917331975820737e-01
-1.007138394798071213e+00 1.284104730368788583e-01
-1.015580835018625727e+00 4.775840155560585193e-02
-1.023401577920636907e+00 -3.406997338645544743e-02
-1.033303477165707474e+00 -1.110641572311913960e-01
-1.046449226792820486e+00 -1.805413984298620267e-01
-1.062663294245020040e+00 -2.427103822265082311e-01
-1.081725618009889756e+00 -2.978760052695444971e-01
-1.103416136575012807e+00 -3.463431642073837580e-01
-1.127514788427971926e+00 -3.884167556884386974e-01
-1.153801512056351175e+00 -4.244016763611229148e-01
-1.182056245947732620e+00 -4.546028228738496213e-01
-1.212058928589700546e+00 -4.793250918750320833e-01
-1.243589498469837684e+00 -4.988733800130836227e-01
-1.276427894075727432e+00 -5.135525839364172285e-01
-1.310354053894952520e+00 -5.236676002934463892e-01
-1.345147916415097011e+00 -5.295233257325840937e-01
-1.380589420123744082e+00 -5.314246569022440525e-01
-1.416458503508475575e+00 -5.296764904508393101e-01
-1.452535105056876441e+00 -5.245837230267829110e-01
-1.488599163256529190e+00 -5.164512512784884546e-01
-1.524430616595016996e+00 -5.055839718543687633e-01
-1.559809403559923480e+00 -4.922867814028377698e-01
-1.594515462638831371e+00 -4.768645765723080188e-01
-1.628328732319324068e+00 -4.596222540111931099e-01
-1.661029151088984745e+00 -4.408647103679061430e-01
-1.692396657435397023e+00 -4.208968422908606621e-01
-1.722211189846143631e+00 -4.000235464284697118e-01
-1.750252686808808189e+00 -3.785497194291465584e-01
-1.776301086810973207e+00 -3.567802579413043573e-01
-1.800136328340222969e+00 -3.350200586133565972e-01
-1.821538349884139985e+00 -3.135740180937163224e-01
-1.840287089930307873e+00 -2.927470330307970214e-01
-1.856162486966309366e+00 -2.728440000730116832e-01
-1.868944479479728082e+00 -2.541698158687736853e-01
-1.878413005958147197e+00 -2.370293770664964050e-01
-1.884348004889149886e+00 -2.217275803145928870e-01
-1.886529414760319545e+00 -2.085693222614765363e-01
-1.884810273476586584e+00 -1.977898310069867716e-01
-1.879351371520088687e+00 -1.893310262204467576e-01
-1.870394475704258985e+00 -1.830576518059700009e-01
-1.858181353224545251e+00 -1.788344513035833028e-01
-1.842953771276397479e+00 -1.765261682533134924e-01
-1.824953497055264773e+00 -1.759975461951875653e-01
-1.804422297756595794e+00 -1.771133286692323505e-01
-1.781601940575839871e+00 -1.797382592154747050e-01
-1.756734192708446107e+00 -1.837370813739414577e-01
-1.730060821349862943e+00 -1.889745386846595210e-01
-1.701823593695540371e+00 -1.953153746876557517e-01
-1.672264276940926164e+00 -2.026243329229570345e-01
-1.641624638281470316e+00 -2.107661569305901150e-01
-1.610146444912621710e+00 -2.196055902505820723e-01
-1.578071464029829452e+00 -2.290073764229595410e-01
-1.545641462828542201e+00 -2.388362589877495723e-01
-1.513098208504209286e+00 -2.489569814849789675e-01
-1.480683468252279589e+00 -2.592342874546745835e-01
-1.448639009268202216e+00 -2.695329204368632769e-01
-1.417206598747426050e+00 -2.797176239715719603e-01
-1.386628003885399973e+00 -2.896531415988273794e-01
-1.357144991877573981e+00 -2.992042168586566131e-01
-1.328999329919396066e+00 -3.082355932910864071e-01
-1.302432785206315780e+00 -3.166120144361435629e-01
-1.277687124933782004e+00 -3.241982238338551037e-01
-1.255004116297244288e+00 -3.308589650242475533e-01
-1.234625526492150405e+00 -3.364589815473482681e-01
-1.216793122713950348e+00 -3.408630169431839385e-01
-1.201748672158093001e+00 -3.439358147517813102e-01
-1.189733942020027468e+00 -3.455421185131673512e-01
-1.180947727696531446e+00 -3.455289613052764941e-01
-1.175388513759735520e+00 -3.436608197998340386e-01
-1.172996464004452788e+00 -3.396781342552006588e-01
-1.173711735583131910e+00 -3.333213421921429331e-01
-1.177474485648220659e+00 -3.243308811314270512e-01
-1.184224871352167252e+00 -3.124471885938195359e-01
-1.193903049847419462e+00 -2.974107021000864104e-01
-1.206449178286426394e+00 -2.789618591709944195e-01
-1.221803413821634932e+00 -2.568410973273096420e-01
-1.239905913605494403e+00 -2.307888540897985730e-01
-1.260696834790452137e+00 -2.005455669792274020e-01
-1.284116334528956571e+00 -1.658516735163626521e-01
-1.310104435193621741e+00 -1.264478813549405611e-01
-1.338399523810601011e+00 -8.247902652134765644e-02
-1.368133295657042003e+00 -3.530590917489605240e-02
-1.398323804086096800e+00 1.348290328778376998e-02
-1.427989102450917036e+00 6.229884347006119788e-02
-1.456147244104655236e+00 1.095533439753057503e-01
-1.481816282400463702e+00 1.536578374068870434e-01
-1.504014270691493405e+00 1.930237563681744539e-01
-1.521937401697218695e+00 2.263485309515510246e-01
-1.535618964412335918e+00 2.536735245849719433e-01
-1.545337913257455398e+00 2.754345092788385574e-01
-1.551373235022025066e+00 2.920673090107662184e-01
-1.554003916495493964e+00 3.040077477583708054e-01
-1.553508944467311581e+00 3.116916494992687525e-01
-1.550167305726926070e+00 3.155548382110756611e-01
-1.544257987063787363e+00 3.160331378714081318e-01
-1.536059975267343392e+00 3.135623724578818217e-01
-1.525852257127044087e+00 3.085783659481130536e-01
-1.513913819432338492e+00 3.015169423197178733e-01
-1.500523648972674540e+00 2.928139255503122707e-01
-1.485960732537502382e+00 2.829051396175124022e-01
-1.470504056916270175e+00 2.722264084989343136e-01
-1.454432608898427404e+00 2.612135561721940502e-01
-1.438025375273422446e+00 2.503024066149077687e-01
-1.421560865901301929e+00 2.399284841080928932e-01
-1.405210042070962340e+00 2.304597307272676088e-01
-1.388900667763213637e+00 2.221112663367684203e-01
-1.372527092345034561e+00 2.150772134666632529e-01
-1.355983665183404963e+00 2.095516946470200037e-01
-1.339164735645303139e+00 2.057288324079065422e-01
-1.321964653097709164e+00 2.038027492793907658e-01
-1.304277766907602887e+00 2.039675677915406549e-01
-1.285998426441962605e+00 2.064174104744239957e-01
-1.267020981067768393e+00 2.113463998581087966e-01
-1.247239780151999877e+00 2.189486584726627327e-01
-1.226549173061635356e+00 2.294183088481540067e-01
-1.204843509163654458e+00 2.429494735146503770e-01
-1.182017137825037034e+00 2.597362750022197408e-01
-1.157964408412762269e+00 2.799728358409301343e-01
-1.132579670293809126e+00 3.038532785608492603e-01
-1.105757272835157234e+00 3.315717256920450162e-01
-1.077391565403786000e+00 3.633222997645855767e-01
-1.047376897366674831e+00 3.992991233085386171e-01
