-1.617268256877130161e+00 2.155499078550148884e+00
-1.585731923601066740e+00 2.102167047012223122e+00
-1.554624241006763663e+00 2.049694911448087797e+00
-1.523941832327505574e+00 1.998075410106378458e+00
-1.493681320796574674e+00 1.947301281235727100e+00
-1.463839329647256715e+00 1.897365263084770604e+00
-1.434412482112835008e+00 1.848260093902143186e+00
-1.405397401426594195e+00 1.799978511936480174e+00
-1.376790710821819141e+00 1.752513255436416229e+00
-1.348589033531791825e+00 1.705857062650585121e+00
-1.320788992789797778e+00 1.660002671827622400e+00
-1.293387211829120753e+00 1.614942821216162949e+00
-1.266380313883045172e+00 1.570670249064841872e+00
-1.239764922184855234e+00 1.527177693622294052e+00
-1.213537659967833360e+00 1.484457893137151929e+00
-1.187695150465266858e+00 1.442503585858054604e+00
-1.162234016910437040e+00 1.401307510033632964e+00
-1.137150882536628993e+00 1.360862403912523222e+00
-1.112442370577126693e+00 1.321161005743360484e+00
-1.088105104265214118e+00 1.282196053774778965e+00
-1.064135706834175910e+00 1.243960286255414438e+00
-1.040530801517296267e+00 1.206446441433900896e+00
-1.017287011547858055e+00 1.169647257558872999e+00
-9.944009601591463632e-01 1.133555472878965631e+00
-9.718692705844454993e-01 1.098163825642814340e+00
-9.496885660570389964e-01 1.063465054099053564e+00
-9.278554698102112752e-01 1.029451896496317742e+00
-9.063666050772460903e-01 9.961170910832415348e-01
-8.852185950914279733e-01 9.634533761084602688e-01
-8.644080630860409009e-01 9.314534898206087155e-01
-8.439316322943688498e-01 9.001101704683213134e-01
-8.237859259496960185e-01 8.694161563002330562e-01
-8.039675672853061617e-01 8.393641855649788264e-01
-7.844731795344839220e-01 8.099469965111928405e-01
-7.652993859305134983e-01 7.811573273875114243e-01
-7.464428097066785339e-01 7.529879164425675730e-01
-7.279000740962632277e-01 7.254315019249971686e-01
-7.096678023325515561e-01 6.984808220834343162e-01
-6.917426176488286060e-01 6.721286151665148978e-01
-6.741211432783764668e-01 6.463676194228720195e-01
-6.568000024544813353e-01 6.211905731011421183e-01
-6.397758184104258561e-01 5.965902144499587445e-01
-6.230452143794954489e-01 5.725592817179583349e-01
-6.066048135949730913e-01 5.490905131537738848e-01
-5.904512392901430928e-01 5.261766470060410539e-01
-5.745811146982899853e-01 5.038104215233943917e-01
-5.589910630526978563e-01 4.819845749544691138e-01
-5.436777075866501274e-01 4.606918455478994923e-01
-5.286376715334316634e-01 4.399249715523207982e-01
-5.138675781263261078e-01 4.196766912163672480e-01
-4.993640505986178257e-01 3.999397427886743350e-01
-4.851237121835910160e-01 3.807068645178764976e-01
-4.711431861145293221e-01 3.619707946526083964e-01
-4.574190956247172202e-01 3.437242714415051359e-01
-4.439480639474385759e-01 3.259600331332010992e-01
-4.307267143159778655e-01 3.086708179763315019e-01
-4.177516699636190101e-01 2.918493642195312265e-01
-4.050195541236458752e-01 2.754884101114346007e-01
-3.925269900293431036e-01 2.595806939006768954e-01
-3.802706009139940613e-01 2.441189538358924938e-01
-3.682470100108832800e-01 2.290959281657161950e-01
-3.564528405532949029e-01 2.145043551387831593e-01
-3.448847157745132397e-01 2.003369730037280472e-01
-3.335392589078217673e-01 1.865865200091855747e-01
-3.224130931865050731e-01 1.732457344037904579e-01
-3.115028418438470226e-01 1.603073544361776070e-01
-3.008051281131319254e-01 1.477641183549818771e-01
-2.903165752276439249e-01 1.356087644088381505e-01
-2.800338064206668309e-01 1.238340308463809630e-01
-2.699534449254848978e-01 1.124326559162451139e-01
-2.600721139753822686e-01 1.013973778670656800e-01
-2.503864368036431975e-01 9.072093494747740516e-02
-2.408930366435514114e-01 8.039606540611482499e-02
-2.315885367283913032e-01 7.041550749161300249e-02
-2.224695602914468495e-01 6.077199945260653574e-02
-2.135327305660021657e-01 5.145827953773028651e-02
-2.047746707853413950e-01 4.246708599561908881e-02
-1.961920041827486805e-01 3.379115707490779053e-02
-1.877813539915079988e-01 2.542323102423117015e-02
-1.795393434449036318e-01 1.735604609222391945e-02
-1.714625957762195285e-01 9.582340527520846404e-03
-1.635477342187399152e-01 2.094852578756950263e-03
-1.557913820057487686e-01 -5.113679505433146172e-03
-1.481901623705302318e-01 -1.205051747641465616e-02
-1.407406985463686422e-01 -1.872292308555261256e-02
-1.334396137665477544e-01 -2.513815808421243983e-02
-1.262835312643517949e-01 -3.130348422375930917e-02
-1.192690742730649484e-01 -3.722616325555826167e-02
-1.123928660259711776e-01 -4.291345693097460556e-02
-1.056515297563547090e-01 -4.837262700137356930e-02
-9.904168869749964410e-02 -5.361093521812028417e-02
-9.255996608269002890e-02 -5.863564333257998556e-02
-8.620298514520999267e-02 -6.345401309611786722e-02
-7.996736911834363692e-02 -6.807330626009910901e-02
-7.384974123537511870e-02 -7.250078457588898795e-02
-6.784672472958842848e-02 -7.674370979485264921e-02
-6.195494283426783433e-02 -8.080934366835525184e-02
-5.617101878269727816e-02 -8.470494794776207981e-02
-5.049157580816090313e-02 -8.843778438443833378e-02
-4.491323714394285238e-02 -9.201511472974920058e-02
-3.943262602332723438e-02 -9.544420073505983926e-02
-3.404636567959815063e-02 -9.873230415173547825e-02
-2.875107934603967491e-02 -1.018866867311413321e-01
-2.354339025593592261e-02 -1.049146102246425877e-01
-1.841992164257100911e-02 -1.078233363836044456e-01
-1.337729673922904809e-02 -1.106201269593921205e-01
-8.412138779194134122e-03 -1.133122437033708130e-01
-3.521070995750356578e-03 -1.159069483669057238e-01
1.299283377818152450e-03 -1.184115027013620536e-01
6.052301108227342401e-03 -1.208331684581050031e-01
1.074135896219301223e-02 -1.231792073884997452e-01
1.536983370643114043e-02 -1.254568812439115499e-01
1.994110210765760033e-02 -1.276734517757055765e-01
2.445854093258827133e-02 -1.298361807352469977e-01
2.892552694793905019e-02 -1.319523298739010420e-01
3.334543692042586660e-02 -1.340291609430329656e-01
3.772164761676449762e-02 -1.360739356940078859e-01
4.205753580367099093e-02 -1.380939158781910314e-01
4.635647824786121030e-02 -1.400963632469476305e-01
5.062185171605100564e-02 -1.420885395516428840e-01
5.485703297495631708e-02 -1.440777065436419646e-01
5.906539879129300147e-02 -1.460711259743101009e-01
6.325032593177697116e-02 -1.480760595950124658e-01
6.741519116312411075e-02 -1.500997691571142878e-01
7.156337125205031180e-02 -1.521495164119807675e-01
7.569824296527150054e-02 -1.542325631109771056e-01
7.982318306950353382e-02 -1.563561710054684750e-01
8.394156833146233787e-02 -1.585276018468201320e-01
8.805677551786379731e-02 -1.607541173863972217e-01
9.217218139542378286e-02 -1.630429793755649726e-01
9.629116273085820688e-02 -1.654014495656885853e-01
1.004170962908829678e-01 -1.678367897081332327e-01
1.045533588422139781e-01 -1.703562615542641712e-01
1.087033271515671501e-01 -1.729671268554466013e-01
1.128703779856582989e-01 -1.756766473630456682e-01
1.170578881112033787e-01 -1.784920848284266282e-01
1.212692342949182600e-01 -1.814207010029546263e-01
1.255077933035188831e-01 -1.844697576379949466e-01
1.297769419037210770e-01 -1.876465164849127065e-01
1.340800568622408095e-01 -1.909582392950731899e-01
1.384205149457939377e-01 -1.944121878198415143e-01
1.428016929210962072e-01 -1.980156238105828526e-01
1.472269675548638357e-01 -2.017758090186625719e-01
1.516997156138124858e-01 -2.057000051954457343e-01
1.562233138646580977e-01 -2.097954740922975680e-01
1.608011390741166668e-01 -2.140694774605834128e-01
1.654365680089039392e-01 -2.185292770516682748e-01
1.701329774357358826e-01 -2.231821346169174103e-01
1.749047203399630712e-01 -2.280434775567310446e-01
1.798440330561225098e-01 -2.331866738170007003e-01
1.850768315827268640e-01 -2.387101469957322308e-01
1.907291661767251401e-01 -2.447124205711641853e-01
1.969270870950666774e-01 -2.512920180215353350e-01
2.037966445947005378e-01 -2.585474628250842843e-01
2.114638889325759497e-01 -2.665772784600496936e-01
2.200548703656421135e-01 -2.754799884046703062e-01
2.296956391508483131e-01 -2.853541161371848101e-01
2.405122455451434715e-01 -2.962981851358316709e-01
2.526307398054769560e-01 -3.084107188788498544e-01
2.661771721887979392e-01 -3.217902408444778817e-01
2.812775929520555662e-01 -3.365352745109543853e-01
2.980580523521990099e-01 -3.527443433565181086e-01
3.166446006461774987e-01 -3.705159708594077395e-01
3.371632880909402052e-01 -3.899486804978619103e-01
3.597401649434363025e-01 -4.111409957501192536e-01
3.845012814606149631e-01 -4.341914400944185126e-01
4.115726878994253601e-01 -4.591985370089983198e-01
4.410804345168160556e-01 -4.862608099720967525e-01
4.731505715697374992e-01 -5.154767824619536087e-01
5.079091493151383085e-01 -5.469449779568071879e-01
5.454822180099674345e-01 -5.807639199348958448e-01
5.859958279111743273e-01 -6.170321318744586003e-01
6.295760292757079934e-01 -6.558481372537336984e-01
6.763488723605178832e-01 -6.973104595509602710e-01
7.264033866841898002e-01 -7.414375567100167652e-01
7.792862085899012747e-01 -7.870748414751838062e-01
8.341322669575771398e-01 -8.321773181466407543e-01
8.900662313406730863e-01 -8.746778029620846384e-01
9.462127712926441392e-01 -9.125091121592118215e-01
1.001696556366945545e+00 -9.436040619757183334e-01
1.055642256117032884e+00 -9.658954686493015362e-01
1.107174540096361293e+00 -9.773161484176575708e-01
1.155429267043045050e+00 -9.758874026311599170e-01
1.199684454255133925e+00 -9.607547357503595231e-01
1.239315918811524364e+00 -9.318370619963844970e-01
1.273701404321778252e+00 -8.890685307739925047e-01
1.302218654395457698e+00 -8.323832914879401024e-01
1.324245412642123032e+00 -7.617154935429840679e-01
1.339159422671337030e+00 -6.769992863438822894e-01
1.346338428092660688e+00 -5.781688192953909899e-01
1.345160172515655894e+00 -4.651582418022676135e-01
1.335002399549884089e+00 -3.379017032692692157e-01
1.315242852804907603e+00 -1.963333531011558775e-01
1.285259275890286768e+00 -4.038734070267847170e-02
1.244429412415583913e+00 1.300021845214030247e-01
1.192131005990360482e+00 3.149010731663314244e-01
1.127741800224178137e+00 5.143751758273499286e-01
1.050639538726598543e+00 7.284903430997013984e-01
9.602019651071829198e-01 9.573124255786287229e-01
8.558068229754932643e-01 1.200907273859374902e+00
7.368318559410909074e-01 1.459340738537182824e+00
