2.884531833220091088e-02 3.362415174390306905e-01
4.742894884510965442e-02 2.746561653772229827e-01
7.530627996346456188e-02 2.250251859828250323e-01
1.110460490504421444e-01 1.862870433898990707e-01
1.532169934692189373e-01 1.573802017325072744e-01
2.003878505829714551e-01 1.372431251447120137e-01
2.511273577548760461e-01 1.248142777605754372e-01
3.040042523481095715e-01 1.190321237141598043e-01
3.575872717258482547e-01 1.188351271395273884e-01
4.104451532512685685e-01 1.231617521707404211e-01
4.611466342875473745e-01 1.309504629418611898e-01
5.082604521978608680e-01 1.411397235869518985e-01
5.503553443453855776e-01 1.526679982400747926e-01
5.860000480932984201e-01 1.644737510352922150e-01
6.137633008047752581e-01 1.754954461066662863e-01
6.323096874128628642e-01 1.847207625635667594e-01
6.416899334244299258e-01 1.918491229033897905e-01
6.429977780661723097e-01 1.971155072233362338e-01
6.373524379352798475e-01 2.007679775188904170e-01
6.258731296289420376e-01 2.030545957855363903e-01
6.096790697443486007e-01 2.042234240187582872e-01
5.898894748786891462e-01 2.045225242140402966e-01
5.676235616291530617e-01 2.041999583668665796e-01
5.440005465929300676e-01 2.035037884727212976e-01
5.201396463672098847e-01 2.026820765270885838e-01
4.971600775491817892e-01 2.019828845254525440e-01
4.761662480409926124e-01 2.016509892225989975e-01
4.577424130863204099e-01 2.018157739049470933e-01
4.418276109712431787e-01 2.024634834525765592e-01
4.283206938479580117e-01 2.035714476371019155e-01
4.171205138686618352e-01 2.051169962301375715e-01
4.081259231855518532e-01 2.070774590032979923e-01
4.012357739508255472e-01 2.094301657281978923e-01
3.963489183166797880e-01 2.121524461764514591e-01
3.933642084353118351e-01 2.152216301196733517e-01
3.921804964589188369e-01 2.186150473294780627e-01
3.926966345396981084e-01 2.223100275774800294e-01
3.948114748298466870e-01 2.262839006352937998e-01
3.984238694815617210e-01 2.305139962745337556e-01
4.034326706470405255e-01 2.349776442668145560e-01
4.097367304784800823e-01 2.396521743837504992e-01
4.172349011280776510e-01 2.445149163969561890e-01
4.258260347480303798e-01 2.495432000780460624e-01
4.354089834905355283e-01 2.547143551986347232e-01
4.458825995077900783e-01 2.600057115303364141e-01
4.571457349519915114e-01 2.653945988447659055e-01
4.690972419753368094e-01 2.708583469135375510e-01
4.816359727300231208e-01 2.763742855082658711e-01
4.946607793682475385e-01 2.819197444005652753e-01
5.080705140422073773e-01 2.874720533620502838e-01
5.217640289040998969e-01 2.930085421643355836e-01
5.356401761061221345e-01 2.985065405790353621e-01
5.495978078004712941e-01 3.039433783777643616e-01
5.635357761393444687e-01 3.092963853321367695e-01
5.773573786742823843e-01 3.145439370080086450e-01
5.910234404445690037e-01 3.196779424944906633e-01
6.045348818206935926e-01 3.246997434340448963e-01
6.178934390803070276e-01 3.296108734138708529e-01
6.311008485010602964e-01 3.344128660211683757e-01
6.441588463606043868e-01 3.391072548431371403e-01
6.570691689365900645e-01 3.436955734669768781e-01
6.698335525066685392e-01 3.481793554798872647e-01
6.824537333484910206e-01 3.525601344690679761e-01
6.949314477397081635e-01 3.568394440217187435e-01
7.072684319579710666e-01 3.610188177250391872e-01
7.194664222809299403e-01 3.650997891662288164e-01
7.315271549862371048e-01 3.690838919324878620e-01
7.434523663515424374e-01 3.729726596110156667e-01
7.552437926544974811e-01 3.767676257890119063e-01
7.669031701727530015e-01 3.804703240536763120e-01
7.784322351839600973e-01 3.840822879922086708e-01
7.898327239657693122e-01 3.876050511918084918e-01
8.011063727958324110e-01 3.910401472396757283e-01
8.122549179517996043e-01 3.943891097230097786e-01
8.232800957113222129e-01 3.976534722290106516e-01
8.341836423520514465e-01 4.008347683448779675e-01
8.449672941516374047e-01 4.039345316578110689e-01
8.556327873877320744e-01 4.069542957550100759e-01
8.661818583379858882e-01 4.098955942236744976e-01
8.766162432800498339e-01 4.127599606510041208e-01
8.869376784915751211e-01 4.155489286241986213e-01
8.971479002502125155e-01 4.182640317304575639e-01
9.072486448336130049e-01 4.209068035569807908e-01
9.172416485194275770e-01 4.234787776909679224e-01
9.271286475853073306e-01 4.259814877196187455e-01
9.369113783089031422e-01 4.284164672301328802e-01
9.465915769678657776e-01 4.307852498097098914e-01
9.561709798398464466e-01 4.330893690455496770e-01
9.656513232024963589e-01 4.353303585248519680e-01
9.750343433334658361e-01 4.375097518348162740e-01
9.843217765104064210e-01 4.396290825626424925e-01
9.935153590109687682e-01 4.416898842955300220e-01
1.002616827112804199e+00 4.436936906206789266e-01
1.011627917093563145e+00 4.456420351252886047e-01
1.020550365230896928e+00 4.475364513965588431e-01
1.029385907802456757e+00 4.493784730216894285e-01
1.038136281085892954e+00 4.511696335878799258e-01
1.046803221358856950e+00 4.529114666823301216e-01
1.055388464898999512e+00 4.546055058922396364e-01
1.063893747983971627e+00 4.562532848048082013e-01
1.072320806891424949e+00 4.578563370072356586e-01
1.080671377899009133e+00 4.594161960867214067e-01
1.088947197284376500e+00 4.609343956304653989e-01
1.097150001325176927e+00 4.624124692256671998e-01
1.105281526299061845e+00 4.638519504595264853e-01
1.113343508483682243e+00 4.652543729192429312e-01
1.121337684156689329e+00 4.666212701920163797e-01
1.129265789595733871e+00 4.679541758650466177e-01
1.137129561078466633e+00 4.692546235255330433e-01
1.144930734882538603e+00 4.705241467606754435e-01
1.152671047285600991e+00 4.717642791576735495e-01
1.160352234565304785e+00 4.729765543037270925e-01
1.167976032999300529e+00 4.741625057860357484e-01
1.175544178865239653e+00 4.753236671917991929e-01
1.183058408440773146e+00 4.764615721082171018e-01
1.190520458003551552e+00 4.775777541224892064e-01
1.197932063831225857e+00 4.786737468218151270e-01
1.205294962201447717e+00 4.797510837933946504e-01
1.212610889391867897e+00 4.808112986244276188e-01
1.219881581680136717e+00 4.818559249021133750e-01
1.227108775343905833e+00 4.828864962136518724e-01
1.234294206660825344e+00 4.839045461462426201e-01
1.241439611908547347e+00 4.849116082870855715e-01
1.248546727364722608e+00 4.859092162233802914e-01
1.255617289307001005e+00 4.868989035423262335e-01
1.262653034013034414e+00 4.878822038311234066e-01
1.269655697760474045e+00 4.888606506769714311e-01
1.276627016826970218e+00 4.898357776670700381e-01
1.283568727490174588e+00 4.908091183886189035e-01
1.290482566027737477e+00 4.917822064288177031e-01
1.297370268717309649e+00 4.927565753748658905e-01
1.304233571836543204e+00 4.937337588139636968e-01
1.311074211663088018e+00 4.947152903333102425e-01
1.317893924474595968e+00 4.957027035201057030e-01
1.324694446548716931e+00 4.966975319615493656e-01
1.331477514163102560e+00 4.977013092448412390e-01
1.338244863595404066e+00 4.987155689571809436e-01
1.344998231123271770e+00 4.997418446857680441e-01
1.351739353024357104e+00 5.007816700178023828e-01
1.358469965576311278e+00 5.018365785404836910e-01
1.365191805056784169e+00 5.029081038410112559e-01
1.371906607743427875e+00 5.039977795065853083e-01
1.378616109913893162e+00 5.051071391244054132e-01
1.385322047845830351e+00 5.062377162816710241e-01
1.392026157816891097e+00 5.073910445655820389e-01
1.398730176104726164e+00 5.085686575633380224e-01
1.405435838986986319e+00 5.097720888621388724e-01
1.412144882741322993e+00 5.110028720491841536e-01
1.418859043645386731e+00 5.122625407116735419e-01
1.425580057976828741e+00 5.135526284368067129e-01
1.432309662013299789e+00 5.148746688117835646e-01
1.439049592032451086e+00 5.162301954238035506e-01
1.445801584311933397e+00 5.176207418600663468e-01
1.452567375129397709e+00 5.190478417077718509e-01
1.459348700762495010e+00 5.205130285541196278e-01
1.466148276366513459e+00 5.220180344882909829e-01
1.473035033153776707e+00 5.235780192415203649e-01
1.480185088393615844e+00 5.252298783002518068e-01
1.487784332900475182e+00 5.270124890820681030e-01
1.496018657488798809e+00 5.289647290045530470e-01
1.505073952973029705e+00 5.311254754852891002e-01
1.515136110167612404e+00 5.335336059418596122e-01
1.526391019886990108e+00 5.362279977918478213e-01
1.539024572945607128e+00 5.392475284528367441e-01
1.553222660157907331e+00 5.426310753424096189e-01
1.569171172338334364e+00 5.464175158781494623e-01
1.587056000301331204e+00 5.506457274776391797e-01
1.607063034861342388e+00 5.553545875584623426e-01
1.629378166832812447e+00 5.605829735382019674e-01
1.654187287030184583e+00 5.663697628344410706e-01
1.681676286267902221e+00 5.727538328647628907e-01
1.712031055360409004e+00 5.797740610467502220e-01
1.745038016642842971e+00 5.873647083496875698e-01
1.778550570387580132e+00 5.949537982969387295e-01
1.809838210857338536e+00 6.018164357811486287e-01
1.836178158306507324e+00 6.072298173513297481e-01
1.855865525688766837e+00 6.107465719666622661e-01
1.869210061765274711e+00 6.124644705216699681e-01
1.876758339169664058e+00 6.125453662743980399e-01
1.879056930535566439e+00 6.111511124828907793e-01
1.876652408496615410e+00 6.084435624051930391e-01
1.870091345686442752e+00 6.045845692993497833e-01
1.859920314738681135e+00 5.997359864234055316e-01
1.846685888286963229e+00 5.940596670354050257e-01
1.830934638964921257e+00 5.877174643933931186e-01
1.813213139406188334e+00 5.808712317554144411e-01
1.794067962244396686e+00 5.736828223795136239e-01
1.774045680113178536e+00 5.663140895237355199e-01
1.753692865646166998e+00 5.589268864461249819e-01
1.733556091476994077e+00 5.516830664047264188e-01
1.714181930239292884e+00 5.447444826575850163e-01
1.696116954566695201e+00 5.382729884627450723e-01
1.679907737092834141e+00 5.324304370782515505e-01
1.666100850451342152e+00 5.273786817621491929e-01
1.655242867275851237e+00 5.232795757724825192e-01
1.647880360199994287e+00 5.202949723672964932e-01
1.644559901857403750e+00 5.185867248046357458e-01
1.645828064881712738e+00 5.183166863425451298e-01
1.652231421906552811e+00 5.196467102390691650e-01
1.664316545565557082e+00 5.227386497522527042e-01
1.682630008492358442e+00 5.277543581401406003e-01
