-1.197518880765317206e+00 -1.755960003584356999e-01
-1.160849172446818622e+00 -9.557281403828875310e-02
-1.125699109477103388e+00 -1.886126094064534756e-02
-1.092042248019504891e+00 5.459948622386529005e-02
-1.059852144237356741e+00 1.248702547446139816e-01
-1.029102354293992327e+00 1.920118719109715766e-01
-9.997664343527458142e-01 2.560851650123088241e-01
-9.718179405769500345e-01 3.171509613379965842e-01
-9.452304291299395977e-01 3.752700881774055364e-01
-9.199774561750465596e-01 4.305033728199066934e-01
-8.960325778756055293e-01 4.829116425548707348e-01
-8.733693503949495618e-01 5.325557246716686732e-01
-8.519613298964124892e-01 5.794964464596709108e-01
-8.317820725433276996e-01 6.237946352082486268e-01
-8.128051344990290250e-01 6.655111182067727782e-01
-7.950040719268497424e-01 7.047067227446133231e-01
-7.783524409901234620e-01 7.414422761111419957e-01
-7.628237978521839047e-01 7.757786055957291982e-01
-7.483916986763647916e-01 8.077765384877457766e-01
-7.350296996259992888e-01 8.374969020765629102e-01
-7.227113568644210062e-01 8.650005236515505569e-01
-7.114102265549634430e-01 8.903482305020800069e-01
-7.010998648609604311e-01 9.136008499175224395e-01
-6.917538279457454697e-01 9.348192091872483678e-01
-6.833456719726518358e-01 9.540641356006280827e-01
-6.758489531050134724e-01 9.713964564470329854e-01
-6.692372275061635456e-01 9.868769990158342553e-01
-6.634840513394361095e-01 1.000566590596402072e+00
-6.585629807681646630e-01 1.012526058478107283e+00
-6.544475719556820392e-01 1.022816229950320732e+00
-6.511113810653225142e-01 1.031497932302413156e+00
-6.485279642604193651e-01 1.038631992823755956e+00
-6.466708777043063128e-01 1.044279238803719423e+00
-6.455136775603166344e-01 1.048500497531674069e+00
-6.450299199917842730e-01 1.051356596296991519e+00
-6.451931611620426166e-01 1.052908362389041841e+00
-6.459769572344250532e-01 1.053216623097196436e+00
-6.473548643722653040e-01 1.052342205710825818e+00
-6.493004387388970899e-01 1.050345937519300277e+00
-6.517872364976536881e-01 1.047288645811991881e+00
-6.547888138118685974e-01 1.043231157878269810e+00
-6.582787268448757612e-01 1.038234301007507021e+00
-6.622305317600084562e-01 1.032358902489072250e+00
-6.666177847206002927e-01 1.025665789612337564e+00
-6.714140418899846585e-01 1.018215789666672588e+00
-6.765928594314954969e-01 1.010069729941449834e+00
-6.821277935084660848e-01 1.001288437726038705e+00
-6.879924002842301434e-01 9.919327403098104901e-01
-6.941602359221208385e-01 9.820634649821358142e-01
-7.006048565854723353e-01 9.717414390323860784e-01
-7.072998184376176889e-01 9.610274897499312408e-01
-7.142186776418908423e-01 9.499824444241428134e-01
-7.213349903616250725e-01 9.386671303443913095e-01
-7.286223127601539895e-01 9.271423748000476861e-01
-7.360542010008112035e-01 9.154690050804823453e-01
-7.436042112469304355e-01 9.037078484750666885e-01
-7.512458996618448515e-01 8.919197322731708955e-01
-7.589528224088882835e-01 8.801654837641664786e-01
-7.666985356513942307e-01 8.685059302374237289e-01
-7.744565955526965251e-01 8.570018989823139366e-01
-7.822005582761281106e-01 8.457142172882070597e-01
-7.899039799850229304e-01 8.347037124444744993e-01
-7.975404168427147056e-01 8.240312117404872128e-01
-8.050834250125366021e-01 8.137575424656157130e-01
-8.125065606578225630e-01 8.039435319092308463e-01
-8.197833799419057543e-01 7.946500073607034587e-01
-8.268874390281201192e-01 7.859377961094045073e-01
-8.337922940797990456e-01 7.778677254447047273e-01
-8.404715012602758106e-01 7.705006226559746318e-01
-8.468986167328845793e-01 7.638973150325854000e-01
-8.530471966609584067e-01 7.581186298639076560e-01
-8.588907972078310138e-01 7.532253944393124678e-01
-8.644029745368361217e-01 7.492784360481703487e-01
-8.695572848113066744e-01 7.463385819798520338e-01
-8.743272841945770590e-01 7.444666595237284801e-01
-8.786865288499804416e-01 7.437234959691707559e-01
-8.826085749408504322e-01 7.441699186055493742e-01
-8.860669786305205298e-01 7.458667547222352923e-01
-8.890352960823241224e-01 7.488748316085990231e-01
-8.914870843152225000e-01 7.532549746509765720e-01
-8.934063727417783651e-01 7.590447171681204974e-01
-8.948137623944658614e-01 7.662002520827847496e-01
-8.957378328004906853e-01 7.746600270299165425e-01
-8.962071634870582004e-01 7.843624896444627570e-01
-8.962503339813738812e-01 7.952460875613706071e-01
-8.958959238106430911e-01 8.072492684155875287e-01
-8.951725125020715268e-01 8.203104798420605137e-01
-8.941086795828642186e-01 8.343681694757366651e-01
-8.927330045802270853e-01 8.493607849515630859e-01
-8.910740670213658232e-01 8.652267739044874340e-01
-8.891604464334850189e-01 8.819045839694564792e-01
-8.870207223437910349e-01 8.993326627814169916e-01
-8.846834742794884576e-01 9.174494579753167400e-01
-8.821772817677836498e-01 9.361934171861028275e-01
-8.795307243358814198e-01 9.555029880487219129e-01
-8.767723815109875751e-01 9.753166181981216543e-01
-8.739308328203074794e-01 9.955727552692488214e-01
-8.710346577910466070e-01 1.016209846897051072e+00
-8.681124359504104326e-01 1.037166340716475066e+00
-8.651927468256042086e-01 1.058380684362468127e+00
-8.623041699438336316e-01 1.079791325469977581e+00
-8.594752848323040650e-01 1.101336711673950530e+00
-8.567346710182210945e-01 1.122955290609333856e+00
-8.541109080287899724e-01 1.144585509911075105e+00
-8.516325753912165064e-01 1.166165817214120937e+00
-8.493282526327059490e-01 1.187634660153418897e+00
-8.472265192804637746e-01 1.208930486363916090e+00
-8.453559548616954578e-01 1.229991743480559840e+00
-8.437451389036063620e-01 1.250756879138297029e+00
-8.424226509334020729e-01 1.271164340972074536e+00
-8.414170704782881760e-01 1.291152576616839909e+00
-8.407569770654699237e-01 1.310660033707540473e+00
-8.404709502221527906e-01 1.329625159879123109e+00
-8.405875694755422511e-01 1.347986402766535141e+00
-8.411354143528437799e-01 1.365682210004723451e+00
-8.421430643812628514e-01 1.382651029228635364e+00
-8.436390990880050511e-01 1.398831308073217539e+00
-8.456520980002757426e-01 1.414161494173418188e+00
-8.482106406452805114e-01 1.428580035164183970e+00
-8.513433065502246100e-01 1.442025378680461545e+00
-8.550786752423134018e-01 1.454435972357198903e+00
-8.594453262487528056e-01 1.465750263829342481e+00
-8.644718390967479626e-01 1.475906700731840049e+00
-8.701867933135042366e-01 1.484843730699638265e+00
-8.766187684262273239e-01 1.492499801367684453e+00
-8.837963439621225881e-01 1.498813360370925718e+00
-8.917480994483959478e-01 1.503722855344309606e+00
-9.005026144122519893e-01 1.507166733922782553e+00
-9.100884683808967424e-01 1.509083443741292108e+00
-9.205342408815355704e-01 1.509411432434785816e+00
-9.318685114413740589e-01 1.508089147638210337e+00
-9.441198595876174604e-01 1.505055036986513217e+00
-9.573168648474713605e-01 1.500247548114640894e+00
-9.714881067481412336e-01 1.493605128657541137e+00
-9.866621648168324432e-01 1.485066226250160826e+00
-1.002867618580750353e+00 1.474569288527447064e+00
-1.020133047567100659e+00 1.462052763124347177e+00
-1.038487031303088948e+00 1.447455097675808489e+00
-1.057958149315920249e+00 1.430714739816777881e+00
-1.078574981132800259e+00 1.411770137182202456e+00
-1.100346576319720882e+00 1.390589871933002986e+00
-1.123100279161247661e+00 1.367422895579659903e+00
-1.146564662262317791e+00 1.342670563301695319e+00
-1.170467312841738661e+00 1.316735750719124409e+00
-1.194535818118317438e+00 1.290021333451962571e+00
-1.218497765310863068e+00 1.262930187120225867e+00
-1.242080741638182939e+00 1.235865187343928806e+00
-1.265012334319084442e+00 1.209229209743086564e+00
-1.287020130572376519e+00 1.183425129937714981e+00
-1.307831717616866340e+00 1.158855823547829011e+00
-1.327174682671362183e+00 1.135924166193444051e+00
-1.344776622766454377e+00 1.115033021696269167e+00
-1.360422872893242152e+00 1.096515826113029002e+00
-1.374092594586816984e+00 1.080472946240200738e+00
-1.385805577053049298e+00 1.066955895600713911e+00
-1.395581609497810849e+00 1.056016187717499610e+00
-1.403440481126971839e+00 1.047705336113488261e+00
-1.409401981146403804e+00 1.042074854311609844e+00
-1.413485898761977388e+00 1.039176255834795004e+00
-1.415712023179563683e+00 1.039061054205973722e+00
-1.416100143605033113e+00 1.041780762948076866e+00
-1.414670049244256989e+00 1.047386895584034416e+00
-1.411441529303106623e+00 1.055930965636776797e+00
-1.406434372987451997e+00 1.067464486629234877e+00
-1.399668369503165311e+00 1.082038972084338413e+00
-1.391163308056116543e+00 1.099705935525017830e+00
-1.380938977852176563e+00 1.120516890474203553e+00
-1.369015168097216906e+00 1.144523350454825783e+00
-1.355411667997107994e+00 1.171776828989815389e+00
-1.340148266757720918e+00 1.202328839602102573e+00
-1.323244753584926992e+00 1.236230895814617758e+00
-1.304720917684596859e+00 1.273534511150291149e+00
-1.284596548262601390e+00 1.314291199132053167e+00
-1.262891434524811229e+00 1.358552473282834017e+00
-1.239625365677097690e+00 1.406369847125564565e+00
-1.214818130925332085e+00 1.457794834183174792e+00
-1.188489519475384393e+00 1.512878947978594679e+00
-1.160659320533126149e+00 1.571673702034754871e+00
-1.131347323304428443e+00 1.634230609874586460e+00
-1.100573316995161921e+00 1.700601185021019202e+00
-1.068357090811197452e+00 1.770836940996983300e+00
-1.034718433958406347e+00 1.844989391325409622e+00
-9.996771356426590316e-01 1.923110049529227927e+00
-9.632529850698267060e-01 2.005250429131369305e+00
-9.254657714457803497e-01 2.091462043654763292e+00
-8.863352839763907198e-01 2.181796406622340978e+00
-8.458813118675289067e-01 2.276305031557031899e+00
-8.041236443250657784e-01 2.375039431981767368e+00
-7.610820705548724252e-01 2.478051121419477365e+00
-7.167763797628194933e-01 2.585391613393092314e+00
-6.712263611547781839e-01 2.697112421425542639e+00
-6.244518039366192541e-01 2.813265059039758764e+00
-5.764724973142146824e-01 2.933901039758667562e+00
-5.273082304934334497e-01 3.059071877105205228e+00
-4.769787926801474232e-01 3.188829084602299968e+00
-4.255039730802275821e-01 3.323224175772881761e+00
-3.729035608995449058e-01 3.462308664139881476e+00
-3.191973453439702624e-01 3.606134063226228648e+00
-2.644051156193745200e-01 3.754751886554853701e+00
-2.085466609316287134e-01 3.908213647648687949e+00
-1.516417704866037108e-01 4.066570860030660484e+00
