-6.222323216266862911e-01 -9.541858320420358863e-01
-4.074525806799328409e-01 -8.260836119083336815e-01
-1.874127179334557913e-01 -7.164381797976527855e-01
3.329354614181236766e-02 -6.247567294665893334e-01
2.500724910749397845e-01 -5.505464546717393493e-01
4.583303963949938997e-01 -4.933145491696996898e-01
6.534735416310423206e-01 -4.525682067170661571e-01
8.309082063121534523e-01 -4.278146210704355523e-01
9.860406699673942565e-01 -4.185609859864039550e-01
1.114277212125832861e+00 -4.243144952215675558e-01
1.211024112316537282e+00 -4.445823425325229339e-01
1.271687650068574760e+00 -4.788717216758662243e-01
1.291674104911013199e+00 -5.266898264081938397e-01
1.266389756372920283e+00 -5.875438504861020261e-01
1.198032714411304323e+00 -6.585639015053710299e-01
1.116131574463864018e+00 -7.273230448851477625e-01
1.044899503270871222e+00 -7.841238007440359814e-01
9.858095040153498356e-01 -8.288410590382023768e-01
9.378625464913649123e-01 -8.623903010872588926e-01
9.000596004929807270e-01 -8.856870082108165843e-01
8.714016358142631091e-01 -8.996466617284886169e-01
8.508896222492765560e-01 -9.051847429598856021e-01
8.375245295920860089e-01 -9.032167332246199276e-01
8.303073276367570754e-01 -8.946581138423033153e-01
8.282389861773540307e-01 -8.804243661325475978e-01
8.303204750079421492e-01 -8.614309714149642749e-01
8.355527639225865943e-01 -8.385934110091655125e-01
8.429368227153519744e-01 -8.128271662347630322e-01
8.514736211803038968e-01 -7.850477184113689999e-01
8.601641291115063037e-01 -7.561705488585944712e-01
8.680093163030253578e-01 -7.271111388960517230e-01
8.740101525489254453e-01 -6.987849698433525880e-01
8.771676076432713964e-01 -6.721075230201085660e-01
8.764826513801287078e-01 -6.479942797459320447e-01
8.709562535535618766e-01 -6.273607213404341909e-01
8.595893839576363993e-01 -6.111223291232272814e-01
8.413830123864171062e-01 -6.001945844139229269e-01
8.153381086339684947e-01 -5.954929685321329602e-01
7.804560264128899139e-01 -5.979326820109297502e-01
7.367168792420784040e-01 -6.077130897176572510e-01
6.871947053243740999e-01 -6.227707524878762779e-01
6.355734052753766461e-01 -6.405961960181558723e-01
5.853472518073447040e-01 -6.588068880364837954e-01
5.378426838641258145e-01 -6.764715026465238923e-01
4.930047187970681977e-01 -6.935834748131061156e-01
4.507561099946830740e-01 -7.101511435980824016e-01
4.110196108454828301e-01 -7.261828480633061300e-01
3.737179747379794637e-01 -7.416869272706297922e-01
3.387739550606849726e-01 -7.566717202819054355e-01
3.061103052021113546e-01 -7.711455661589864397e-01
2.756497785507702192e-01 -7.851168039637249629e-01
2.473151284951739248e-01 -7.985937727579741630e-01
2.210291084238343584e-01 -8.115848116035859761e-01
1.967144717252635733e-01 -8.240982595624131157e-01
1.742939717879735950e-01 -8.361424556963086285e-01
1.536903620004761439e-01 -8.477257390671246728e-01
1.348263957512835509e-01 -8.588564487367141842e-01
1.176248264289075918e-01 -8.695429237669294320e-01
1.020084074218605141e-01 -8.797935032196233518e-01
8.789989211865391339e-02 -8.896165261566484350e-01
7.522203390780005106e-02 -8.990203316398571731e-01
6.389758617781078620e-02 -9.080132587311026127e-01
5.384930231719817911e-02 -9.166036464922368010e-01
4.499993571447416518e-02 -9.247998339851130067e-01
3.727223975815092266e-02 -9.326101602715830552e-01
3.058896783674018224e-02 -9.400429644135003260e-01
2.487287333875408749e-02 -9.471065854727166444e-01
2.004670965270458766e-02 -9.538093625110851681e-01
1.603323016710371529e-02 -9.601596345904586105e-01
1.275518827046336762e-02 -9.661657407726892410e-01
1.013533735129563615e-02 -9.718360201196297732e-01
8.096430798112437197e-03 -9.771788116931329204e-01
6.561221999425794621e-03 -9.822024545550513963e-01
5.452464343747681109e-03 -9.869152877672372481e-01
4.692911219590078890e-03 -9.913256503915436335e-01
4.205316015465041316e-03 -9.954418814898231549e-01
3.912432119884495102e-03 -9.992723201239281927e-01
3.737012921360438524e-03 -1.002825305355711683e+00
3.601811808404865086e-03 -1.006109176247025783e+00
3.429582169529790409e-03 -1.009132271859723540e+00
3.143077393247168533e-03 -1.011902931255657112e+00
2.665050868069017247e-03 -1.014429493496679768e+00
1.918255982507320297e-03 -1.016720297644643445e+00
8.254461250740508047e-04 -1.018783682761401188e+00
-6.906253157187590202e-04 -1.020627987908805379e+00
-2.707204951359189291e-03 -1.022261552148708619e+00
-5.301539393335196956e-03 -1.023692714542963955e+00
-8.550875253134788620e-03 -1.024929814153423102e+00
-1.253245914224596774e-02 -1.025981190041939772e+00
-1.732353767215681628e-02 -1.026855181270365902e+00
-2.300135745435528609e-02 -1.027560126900554316e+00
-2.964316510032937932e-02 -1.028104365994357394e+00
-3.732620722156712589e-02 -1.028496237613627962e+00
-4.612773042955652103e-02 -1.028744080820218620e+00
-5.612498133578564669e-02 -1.028856234675982195e+00
-6.739086564108283384e-02 -1.028847856987175735e+00
-7.997102456978198715e-02 -1.028776932863160409e+00
-9.390053891806775244e-02 -1.028718035835866074e+00
-1.092144664498033158e-01 -1.028745775616616065e+00
-1.259478649288519880e-01 -1.028934761916732610e+00
-1.441357921190772606e-01 -1.029359604447539711e+00
-1.638133057843422502e-01 -1.030094912920359373e+00
-1.850154636885105452e-01 -1.031215297046515600e+00
-2.077773235954453734e-01 -1.032795366537330617e+00
-2.321339432690100735e-01 -1.034909731104127761e+00
-2.581203804730679563e-01 -1.037633000458229482e+00
-2.857716929714824161e-01 -1.041039784310959115e+00
-3.151229385281169026e-01 -1.045204692373639999e+00
-3.462091749068345048e-01 -1.050202334357594358e+00
-3.788422415741258820e-01 -1.056052587578414581e+00
-4.105175336102489525e-01 -1.062207332605853871e+00
-4.382439069356333095e-01 -1.067980054129106682e+00
-4.616914917218014058e-01 -1.073279028463316020e+00
-4.810348252923193346e-01 -1.078125339710045649e+00
-4.964484449707532998e-01 -1.082540071970859996e+00
-5.081068880806688393e-01 -1.086544309347322157e+00
-5.161846919456322125e-01 -1.090159135940996560e+00
-5.208563938892097900e-01 -1.093405635853446300e+00
-5.222965312349669986e-01 -1.096304893186235807e+00
-5.206796413064702644e-01 -1.098877992040928397e+00
-5.161802614272852363e-01 -1.101146016519088056e+00
-5.089729289209780072e-01 -1.103130050722278321e+00
-4.992321811111146146e-01 -1.104851178752063623e+00
-4.871325553212612069e-01 -1.106330484710007056e+00
-4.728485888749836552e-01 -1.107589052697673049e+00
-4.565548190958477748e-01 -1.108647966816624253e+00
-4.384257833074198252e-01 -1.109528311168425985e+00
-4.186360188332655663e-01 -1.110251169854640674e+00
-3.973600629969513132e-01 -1.110837626976833192e+00
-3.747724531220429367e-01 -1.111308766636566858e+00
-3.510477265321062523e-01 -1.111685672935404989e+00
-3.263604205507075195e-01 -1.111989429974911792e+00
-3.008850725014125538e-01 -1.112241121856651249e+00
-2.747962197077874480e-01 -1.112461832682187346e+00
-2.482683994933981841e-01 -1.112672646553082956e+00
-2.214761491818107164e-01 -1.112894647570902507e+00
-1.945940060965911933e-01 -1.113148919837209982e+00
-1.677965075613054025e-01 -1.113456547453568479e+00
-1.412581908995193536e-01 -1.113838614521542425e+00
-1.151535934347992507e-01 -1.114316205142695138e+00
-8.965725249071103409e-02 -1.114910403418590823e+00
-6.494370539082111593e-02 -1.115642293450793021e+00
-4.118748945869441652e-02 -1.116532959340865272e+00
-1.856314201789757354e-02 -1.117603485190372004e+00
2.754801162168837685e-03 -1.118874955029355522e+00
2.263148290622188363e-02 -1.120366626921305730e+00
4.107489566637335943e-02 -1.122091185142320091e+00
5.812516746974086962e-02 -1.124059835123632833e+00
7.382242634344186871e-02 -1.126283782296477520e+00
8.820680031459389447e-02 -1.128774232092088603e+00
1.013184174103144014e-01 -1.131542389941698756e+00
1.131974056577209620e-01 -1.134599461276542876e+00
1.238838930839310515e-01 -1.137956651527854079e+00
1.334180077160622424e-01 -1.141625166126866597e+00
1.418398775812319823e-01 -1.145616210504813992e+00
1.491896307065578020e-01 -1.149940990092930271e+00
1.555073951191571768e-01 -1.154610710322449219e+00
1.608332988461477209e-01 -1.159636576624604620e+00
1.652074699146467707e-01 -1.165029794430630039e+00
1.686700363517720513e-01 -1.170801569171759704e+00
1.712611261846409272e-01 -1.176963106279227178e+00
1.730208674403709845e-01 -1.183525611184266246e+00
1.739893881460796987e-01 -1.190500289318110916e+00
1.742068163288846006e-01 -1.197898346111995194e+00
1.737132800159031376e-01 -1.205730986997152421e+00
1.725489072342529240e-01 -1.214009417404816604e+00
1.707538260110513795e-01 -1.222744842766221529e+00
1.683681643734160904e-01 -1.231948468512600758e+00
1.654320503484645044e-01 -1.241631500075188521e+00
1.619856119633141800e-01 -1.251805142885218824e+00
1.580689772450826203e-01 -1.262480602373925009e+00
1.537222742208873005e-01 -1.273669083972541083e+00
1.489856309178457239e-01 -1.285381793112300830e+00
1.438991753630755044e-01 -1.297629935224438258e+00
1.385030355836940619e-01 -1.310424715740186929e+00
1.328373396068189549e-01 -1.323777340090780852e+00
1.269422154595676033e-01 -1.337699013707453366e+00
1.208577911690576212e-01 -1.352200942021438923e+00
1.146241947624064839e-01 -1.367294330463970642e+00
1.082815542667317082e-01 -1.382990384466283196e+00
1.018278299359988842e-01 -1.399306436332574233e+00
9.481984304197510482e-02 -1.416323914768190528e+00
8.655149612395489356e-02 -1.434162449918900073e+00
7.631318858442519282e-02 -1.452942180927570659e+00
6.339531982587273684e-02 -1.472783246937068968e+00
4.708828925078444028e-02 -1.493805787090262571e+00
2.668534713623846658e-02 -1.516128305340720406e+00
2.108204747616625099e-03 -1.539508836372154077e+00
-2.530723534440083161e-02 -1.562894270633794491e+00
-5.403184565380934196e-02 -1.585120669668319326e+00
-8.253649869460442934e-02 -1.605024095018406038e+00
-1.092920669807815742e-01 -1.621440608226731417e+00
-1.327694230263357922e-01 -1.633206270835973140e+00
-1.514394393452636045e-01 -1.639157144388808884e+00
-1.637729884515599088e-01 -1.638129290427915663e+00
-1.682409428592202549e-01 -1.628958770495971153e+00
-1.633141750822400540e-01 -1.610481646135652367e+00
-1.474635576346148558e-01 -1.581533978889637204e+00
-1.191599630303400992e-01 -1.540951830300602454e+00
-7.687426378341130628e-02 -1.487571261911225795e+00
-1.907733240782390205e-02 -1.420228335264184905e+00
