1.855314929933449264e-01 1.134038007191868758e+00
-4.507348897213175887e-02 9.429871845696413679e-01
-2.347957187061827378e-01 7.876032634888729955e-01
-3.873866410537436522e-01 6.646026267075048066e-01
-5.065977008597495335e-01 5.707016569834777453e-01
-5.961803429691360234e-01 5.026167370747333107e-01
-6.598860122268381811e-01 4.570642497392123915e-01
-7.014661534777920648e-01 4.307605777348559317e-01
-7.246722115669321784e-01 4.204221038196052085e-01
-7.332556313391946912e-01 4.227652107514013879e-01
-7.309678576395144400e-01 4.345062812881854142e-01
-7.215603353128269282e-01 4.523616981878984533e-01
-7.087845092040675476e-01 4.730478442084816715e-01
-6.962052743216196049e-01 4.934447794482936245e-01
-6.852141467346194448e-01 5.123394693724809823e-01
-6.757982099155293021e-01 5.297511174179180271e-01
-6.679210387130806170e-01 5.457195533006550248e-01
-6.615462079760052738e-01 5.602846067367430738e-01
-6.566372925530343796e-01 5.734861074422326066e-01
-6.531578672928993745e-01 5.853638851331739446e-01
-6.510715070443320318e-01 5.959577695256180752e-01
-6.503417866560639027e-01 6.053075903356155418e-01
-6.509322809768264273e-01 6.134531772792168880e-01
-6.528065648553508238e-01 6.204343600724727681e-01
-6.559282131403689764e-01 6.262909684314337255e-01
-6.602608006806123253e-01 6.310628320721508588e-01
-6.657679023248125327e-01 6.347897807106742674e-01
-6.724130929217008168e-01 6.375116440630548276e-01
-6.801599473200089507e-01 6.392682518453431939e-01
-6.889720403684680416e-01 6.400994337735894657e-01
-6.988129469158100848e-01 6.400450195638454076e-01
-7.096462418107664094e-01 6.391448389321605639e-01
-7.214354999020686776e-01 6.374387215945861440e-01
-7.341442960384479965e-01 6.349664972671726915e-01
-7.477362050686365835e-01 6.317679956659706386e-01
-7.621748018413652126e-01 6.278830465070307509e-01
-7.774236612053657680e-01 6.233514795064039049e-01
-7.934463580093699120e-01 6.182131243801401999e-01
-8.102064671021087516e-01 6.125078108442906233e-01
-8.276675633323140602e-01 6.062753686149057186e-01
-8.457932215487173888e-01 5.995556274080361403e-01
-8.645470166000501777e-01 5.923884169397325428e-01
-8.838925233350437560e-01 5.848135669260456915e-01
-9.037933166024302301e-01 5.768709070830257968e-01
-9.242129712509405959e-01 5.686002671267240682e-01
-9.451150621293065157e-01 5.600414767731907162e-01
-9.664631640862592077e-01 5.512343657384762841e-01
-9.882208519705304450e-01 5.422187637386315373e-01
-1.010351700630852223e+00 5.330345004897073524e-01
-1.032819284915955427e+00 5.237214057077541618e-01
-1.055587179674571718e+00 5.143193091088226199e-01
-1.078618959755432760e+00 5.048680404089632701e-01
-1.101878200007269770e+00 4.954074293242269889e-01
-1.125328475278814633e+00 4.859773055706640976e-01
-1.148933360418799010e+00 4.766174988643254729e-01
-1.172656430275953898e+00 4.673678389212617135e-01
-1.196461259699010737e+00 4.582681554575232519e-01
-1.220311423536701856e+00 4.493582781891609090e-01
-1.244170496637757584e+00 4.406780368322253394e-01
-1.268002053850910027e+00 4.322672611027670864e-01
-1.291769670024891514e+00 4.241657807168367489e-01
-1.315436920008432375e+00 4.164134253904849814e-01
-1.338967378650264717e+00 4.090500248397624938e-01
-1.362324620799120201e+00 4.021154087807198296e-01
-1.385472221303729823e+00 3.956494069294076987e-01
-1.408373755012825024e+00 3.896918490018766446e-01
-1.430992796775138354e+00 3.842825647141773771e-01
-1.453292921439400587e+00 3.794613837823605507e-01
-1.475237703854342941e+00 3.752681359224767088e-01
-1.496790718868697301e+00 3.717426508505765059e-01
-1.517915541331195328e+00 3.689247582827105965e-01
-1.538575746090567797e+00 3.668542879349296348e-01
-1.558734907995547259e+00 3.655710695232842755e-01
-1.578356601894864930e+00 3.651149327638249509e-01
-1.597404402637251808e+00 3.655257073726025374e-01
-1.615841885071439776e+00 3.668432230656675230e-01
-1.633632624046160942e+00 3.691073095590706732e-01
-1.650740194410145412e+00 3.723577965688624758e-01
-1.667128171012126181e+00 3.766345138110935853e-01
-1.682760128700834246e+00 3.819772910018148226e-01
-1.697599642325000158e+00 3.884259578570764537e-01
-1.711610286733356689e+00 3.960203440929295216e-01
-1.724755636774635503e+00 4.048002794254244030e-01
-1.736999267297566707e+00 4.148055935706117525e-01
-1.748304753150882851e+00 4.260761162445420580e-01
-1.758635669183315153e+00 4.386516771632663070e-01
-1.767955590243595720e+00 4.525721060428349873e-01
-1.776228091180455548e+00 4.678772325992988090e-01
-1.783416746842625855e+00 4.846068865487080379e-01
-1.789485132078838747e+00 5.028008976071137726e-01
-1.794396821737825221e+00 5.224990954905663898e-01
-1.798115390668317382e+00 5.437413099151165996e-01
-1.800604413719046448e+00 5.665673705968150564e-01
-1.801827465738743639e+00 5.910171072517121926e-01
-1.801748121576141282e+00 6.171303495958587737e-01
-1.800329956079969929e+00 6.449469273453054541e-01
-1.797536544098961464e+00 6.745066702161025551e-01
-1.793357693307717771e+00 7.058048200749300616e-01
-1.788137012211263865e+00 7.382352646601473278e-01
-1.782471928747100032e+00 7.707604756408399371e-01
-1.776965413440608987e+00 8.023335039673787916e-01
-1.772211377324151904e+00 8.319233512027787159e-01
-1.768522385598393143e+00 8.589943709533274241e-01
-1.765881923469603487e+00 8.835903121077716138e-01
-1.764254796257155089e+00 9.057878123312391727e-01
-1.763605809280419212e+00 9.256635092888575445e-01
-1.763899767858766232e+00 9.432940406457541727e-01
-1.765101477311567635e+00 9.587560440670560569e-01
-1.767175742958194906e+00 9.721261572178908628e-01
-1.770087370118019754e+00 9.834810177633867001e-01
-1.773801164110411888e+00 9.928972633686703464e-01
-1.778281930254743459e+00 1.000451531698868690e+00
-1.783494473870386177e+00 1.006220460419110507e+00
-1.789403600276710193e+00 1.010280687194522464e+00
-1.795974114793086995e+00 1.012708849690231894e+00
-1.803170822738888290e+00 1.013581585571366572e+00
-1.810958529433484676e+00 1.012975532503054055e+00
-1.819302040196247860e+00 1.010967328150421451e+00
-1.828166160346548885e+00 1.007633610178596095e+00
-1.837515695203758570e+00 1.003051016252705763e+00
-1.847315450087249067e+00 9.972961840378780085e-01
-1.857530230316390085e+00 9.904457511992399432e-01
-1.868124841210554443e+00 9.825763554019192325e-01
-1.879064088089112516e+00 9.737646343110430980e-01
-1.890312776271435125e+00 9.640872255917389833e-01
-1.901835711076894420e+00 9.536207669091348871e-01
-1.913597697824860555e+00 9.424418959283573649e-01
-1.925563541834706127e+00 9.306272503145347486e-01
-1.937698048425801067e+00 9.182534677327937045e-01
-1.949966022917516861e+00 9.053971858482621204e-01
-1.962332270629225439e+00 8.921350423260676621e-01
-1.974761596880296954e+00 8.785436748313368849e-01
-1.987218806990103337e+00 8.646997210291983427e-01
-1.999668706278015629e+00 8.506798185847787019e-01
-2.012076100063405093e+00 8.365606051632057394e-01
-2.024405793665641884e+00 8.224187184296065656e-01
-2.036622592404099041e+00 8.083307960491090682e-01
-2.048691301598146719e+00 7.943734756868405800e-01
-2.060576726567156403e+00 7.806233950079285444e-01
-2.072243672630499134e+00 7.671571916775000721e-01
-2.083656945107545955e+00 7.540515033606829398e-01
-2.094781349317667463e+00 7.413829677226048132e-01
-2.105581690580236920e+00 7.292282224283926917e-01
-2.116022774214624036e+00 7.176639051431742411e-01
-2.126069405540199853e+00 7.067666535320765719e-01
-2.135686389876335856e+00 6.966131052602274609e-01
-2.144838532542403975e+00 6.872798979927543517e-01
-2.153490638857774808e+00 6.788436693947846878e-01
-2.161607514141819397e+00 6.713810571314455800e-01
-2.169153963713908784e+00 6.649686988678650268e-01
-2.176094792893414898e+00 6.596832322691701389e-01
-2.182394806999708337e+00 6.556012950004882489e-01
-2.188018811352160142e+00 6.527995247269471335e-01
-2.192931611270142689e+00 6.513545591136741253e-01
-2.197098012073025686e+00 6.513430358257963348e-01
-2.200482819080181951e+00 6.528415925284417609e-01
-2.203050837610981638e+00 6.559268668867376251e-01
-2.204766872984794901e+00 6.606754965658110379e-01
-2.205595730520994557e+00 6.671641192307897761e-01
-2.205502215538951649e+00 6.754693725468013943e-01
-2.204451133358037218e+00 6.856678941789731141e-01
-2.202407289297622306e+00 6.978363217924323791e-01
-2.199335488677077954e+00 7.120512930523067441e-01
-2.195200536815776093e+00 7.283894456237236525e-01
-2.189967239033087321e+00 7.469274171718106592e-01
-2.183600400648382678e+00 7.677418453616948746e-01
-2.176064826981033207e+00 7.909093678585037424e-01
-2.167325323350411725e+00 8.165066223273647061e-01
-2.157346695075887943e+00 8.446102464334057647e-01
-2.146093747476832903e+00 8.752968778417539175e-01
-2.133531285872618533e+00 9.086431542175368303e-01
-2.119624115582837032e+00 9.447257132258887191e-01
-2.105231001327877216e+00 9.836488908690605992e-01
-2.093048932470273460e+00 1.025392215710311250e+00
-2.083288134831903005e+00 1.069503509002118324e+00
-2.075781850340090884e+00 1.115479324545642692e+00
-2.070363320922159911e+00 1.162816216142044778e+00
-2.066865788505433787e+00 1.211010737592484343e+00
-2.065122495017235327e+00 1.259559442698122034e+00
-2.064966682384887786e+00 1.307958885260117832e+00
-2.066231592535715311e+00 1.355705619079632385e+00
-2.068750467397040271e+00 1.402296197957826118e+00
-2.072356548896186368e+00 1.447227175695858570e+00
-2.076883078960477746e+00 1.489995106094891053e+00
-2.082163299517236332e+00 1.530096542956082661e+00
-2.088030452493787159e+00 1.567028040080595153e+00
-2.094317779817452596e+00 1.600286151269587842e+00
-2.100858523415555457e+00 1.629367430324221155e+00
-2.107485925215419886e+00 1.653768431045655074e+00
-2.114033227144368698e+00 1.672985707235050246e+00
-2.120333671129726483e+00 1.686515812693567540e+00
-2.126220499098815164e+00 1.693855301222366494e+00
-2.131526952978958889e+00 1.694500726622607756e+00
-2.136086274697480469e+00 1.687948642695451307e+00
-2.139731706181704052e+00 1.673695603242058016e+00
-2.142296489358952449e+00 1.651238162063587867e+00
-2.143613866156548475e+00 1.620072872961200616e+00
-2.143517078501816719e+00 1.579696289736057357e+00
-2.141839368322079995e+00 1.529604966189318294e+00
-2.138413977544660671e+00 1.469295456122142740e+00
-2.133074148096883782e+00 1.398264313335692233e+00
