-4.406508895734800868e-01 1.995289406667142496e+00
-3.269424926916407736e-01 1.863228226986783476e+00
-2.277270863506378473e-01 1.727081957842335536e+00
-1.421561946998260162e-01 1.587820606853058258e+00
-6.938134188855983597e-02 1.446414181638211005e+00
-8.554052066194207590e-03 1.303832689817054469e+00
4.117415061791637743e-02 1.161046139008846456e+00
8.065174201441738244e-02 1.019024536832846994e+00
1.107271979739538198e-01 8.787378909083166656e-01
1.322489943471713281e-01 7.411562088545143867e-01
1.460656069847151295e-01 6.072494982906991856e-01
1.530255117372305573e-01 4.779877668361316445e-01
1.539771844553629032e-01 3.543410221100699031e-01
1.497691009897576253e-01 2.372792717317747102e-01
1.412497371910600430e-01 1.277725233205049826e-01
1.292675689099154202e-01 2.679078449552075095e-02
1.146710719969690900e-01 -6.469593712391880080e-02
9.830872230286652469e-02 -1.457176339185541347e-01
8.102899567825290472e-02 -2.153042982691255325e-01
6.368036797377366054e-02 -2.724859225563735499e-01
4.711131504007413928e-02 -3.162924991610385761e-01
3.217031272779969503e-02 -3.457540204638611669e-01
1.970583688759554308e-02 -3.599004788455816839e-01
1.056636337010713987e-02 -3.577618666869406550e-01
5.600368025979811717e-03 -3.383681763686786081e-01
5.656326705858878874e-03 -3.007494002715356829e-01
1.158271526038968588e-02 -2.439355307762526570e-01
2.402044711454733028e-02 -1.671175761185075825e-01
3.984657343412814634e-02 -7.240634804645411371e-02
5.266228914807249972e-02 3.554610721288574415e-02
5.595941834990920266e-02 1.520028993740728251e-01
4.322978513316683841e-02 2.722271381516663258e-01
7.965213591374047455e-03 3.914819332602259561e-01
-4.102622684325207131e-02 4.963788174279780696e-01
-8.426058067628246218e-02 5.734762865571483292e-01
-1.226305521028289158e-01 6.250043670717932986e-01
-1.573007228699541959e-01 6.533772515496356625e-01
-1.894356747247217254e-01 6.610091325683986607e-01
-2.201999894141944414e-01 6.503142027058051999e-01
-2.507582486854352255e-01 6.237066545395781869e-01
-2.822750342855071537e-01 5.836006806474404174e-01
-3.159149279614733019e-01 5.324104736071151311e-01
-3.528425114603964130e-01 4.725502259963254570e-01
-3.942223665293399515e-01 4.064341303927936910e-01
-4.412190749153668268e-01 3.364763793742434617e-01
-4.949972183655400038e-01 2.650911655183973981e-01
-5.564034856873729673e-01 1.945249760944636752e-01
-6.239768590144288973e-01 1.258068612676198628e-01
-6.952381023951634820e-01 5.942870740714358002e-02
-7.677035121295989750e-01 -4.119956090859086019e-03
-8.388893845177569641e-01 -6.434959983028072650e-02
-9.063120158596592590e-01 -1.207706944150144929e-01
-9.674877024553277804e-01 -1.728937104489534637e-01
-1.019932740604784227e+00 -2.202291185359906145e-01
-1.061163426608050298e+00 -2.622873892800190454e-01
-1.088696056765148024e+00 -2.985789932849318706e-01
-1.100046927376098882e+00 -3.286144011546221488e-01
-1.092732334740925237e+00 -3.519040834929829109e-01
-1.064268575159648789e+00 -3.679585109039070767e-01
-1.012171944932291012e+00 -3.762881539912881768e-01
-9.339587403588734960e-01 -3.764034833590187978e-01
-8.381424148354317261e-01 -3.720795510334929945e-01
-7.748429820212958674e-01 -3.829108776343857490e-01
-7.469839888357209245e-01 -4.097323634837742867e-01
-7.501444258336626980e-01 -4.505015896927345165e-01
-7.799032835700780986e-01 -5.031761373723425690e-01
-8.318395525999228157e-01 -5.657135876336740754e-01
-9.015322234781535382e-01 -6.360715215878050000e-01
-9.845602867597259555e-01 -7.122075203458109183e-01
-1.076502732999596867e+00 -7.920791650187681832e-01
-1.172938552752722075e+00 -8.736440367177522592e-01
-1.269446736574057821e+00 -9.548597165538387221e-01
-1.361606275018561796e+00 -1.033683785638104702e+00
-1.444996320751993357e+00 -1.108073887964665660e+00
-1.516174586133773428e+00 -1.176367252397655383e+00
-1.574988929445715558e+00 -1.238177360665884574e+00
-1.621977942686912311e+00 -1.293385631211671161e+00
-1.657680217856456029e+00 -1.341873482477333512e+00
-1.682634346953440385e+00 -1.383522332905190444e+00
-1.697378921976957500e+00 -1.418213600937559660e+00
-1.702452534926099714e+00 -1.445828705016759308e+00
-1.698393821729248021e+00 -1.466249164630609947e+00
-1.685798240296398021e+00 -1.479487200353847731e+00
-1.665429623668295722e+00 -1.485942326762100807e+00
-1.638082845683141997e+00 -1.486085458017053718e+00
-1.604552780179137272e+00 -1.480387508280389675e+00
-1.565634300994484196e+00 -1.469319391713793443e+00
-1.522122281967382529e+00 -1.453352022478948902e+00
-1.474811596936034253e+00 -1.432956314737540149e+00
-1.424497119738640460e+00 -1.408603182651251062e+00
-1.371973724213401802e+00 -1.380763540381765964e+00
-1.318036284198520480e+00 -1.349908302090769174e+00
-1.263479673532196701e+00 -1.316508381939943906e+00
-1.209098766052631779e+00 -1.281034694090974480e+00
-1.155688435598027919e+00 -1.243958152705545883e+00
-1.104043556006585325e+00 -1.205749671945341550e+00
-1.054959001116505757e+00 -1.166880165972045580e+00
-1.009229644765989864e+00 -1.127820548947342072e+00
-9.676503607932387396e-01 -1.089041735032914682e+00
-9.310160230364542544e-01 -1.051014638390448175e+00
-9.001215053338372796e-01 -1.014210173181626429e+00
-8.757360987822956355e-01 -9.790927506159297078e-01
-8.576930907294196826e-01 -9.458888563586496101e-01
-8.446426807901276090e-01 -9.145242435269170800e-01
-8.351592173455149037e-01 -8.849053843897914939e-01
-8.278170487766774999e-01 -8.569387512163332277e-01
-8.211905234647107754e-01 -8.305308162756013246e-01
-8.138546549166700839e-01 -8.055880722970190089e-01
-8.047780413613857542e-01 -7.820291193200274993e-01
-7.939860672220181437e-01 -7.598050658565030924e-01
-7.816796503333935942e-01 -7.388724201132702563e-01
-7.680597085303391136e-01 -7.191876902971535701e-01
-7.533271596476804888e-01 -7.007073846149771690e-01
-7.376829215202447276e-01 -6.833880112735652990e-01
-7.213279119828580610e-01 -6.671860784797424282e-01
-7.044630488703469418e-01 -6.520580944403329138e-01
-6.872892500175382668e-01 -6.379605673621614459e-01
-6.700074332592577120e-01 -6.248500054520516045e-01
-6.528185164303321741e-01 -6.126829169168281908e-01
-6.359234173655878841e-01 -6.014158099633153398e-01
-6.195230538998514058e-01 -5.910051927983374087e-01
-6.038183416570761519e-01 -5.814075738095141332e-01
-5.889679661620367268e-01 -5.725829147642411687e-01
-5.749802517651986244e-01 -5.645034732627156604e-01
-5.618300724547254932e-01 -5.571442423191385052e-01
-5.494923022187803152e-01 -5.504802149477112660e-01
-5.379418150455269609e-01 -5.444863841626350620e-01
-5.271534849231288566e-01 -5.391377429781112340e-01
-5.171021858397496507e-01 -5.344092844083411231e-01
-5.077627917835527693e-01 -5.302760014675260702e-01
-4.991101767427015834e-01 -5.267128871698671944e-01
-4.911192147053597412e-01 -5.236949345295658365e-01
-4.837647796596907801e-01 -5.211971365608234485e-01
-4.770217455938579598e-01 -5.191944862778410386e-01
-4.708649864960252618e-01 -5.176619766948202805e-01
-4.652693763543557237e-01 -5.165746008259620714e-01
-4.602097891570130495e-01 -5.159073516854680852e-01
-4.556610988921607763e-01 -5.156352222875393299e-01
-4.515981795479622196e-01 -5.157332056463771464e-01
-4.479959051125813052e-01 -5.161762947761829867e-01
-4.448291495741811263e-01 -5.169394826911579699e-01
-4.420727869209253313e-01 -5.179977624055033258e-01
-4.397016911409774020e-01 -5.193261269334206176e-01
-4.376907362225009313e-01 -5.208995692891109641e-01
-4.360147961536592898e-01 -5.226930824867755954e-01
-4.346487449226161259e-01 -5.246816595406159633e-01
-4.335674565175348660e-01 -5.268402934648332980e-01
-4.327458049265791029e-01 -5.291439772736289404e-01
-4.321586641379120963e-01 -5.315677039812037874e-01
-4.317809081396977722e-01 -5.340864666017597351e-01
-4.315874109200993347e-01 -5.366752581494979024e-01
-4.315530464672802657e-01 -5.393090716386192973e-01
-4.316526887694042691e-01 -5.419629000833254828e-01
-4.318612118146347156e-01 -5.446117364978176889e-01
-4.321534895911350871e-01 -5.472305738962971455e-01
-4.325043960870690318e-01 -5.497944052929651937e-01
-4.328888052905999761e-01 -5.522782237020232854e-01
-4.332815911898914019e-01 -5.546570221376723175e-01
-4.336576277731067908e-01 -5.569057936141138532e-01
-4.339917890284098467e-01 -5.589995311455493443e-01
-4.342589489439638295e-01 -5.609132277461797988e-01
-4.344339815079324429e-01 -5.626218764302065578e-01
-4.344917607084789468e-01 -5.641004702118309622e-01
-4.344071605337671560e-01 -5.653240021052542419e-01
-4.341550549719602747e-01 -5.662674651246777380e-01
-4.337103180112221179e-01 -5.669058522843029024e-01
-4.330478236397159453e-01 -5.672141565983307432e-01
-4.321424458456054607e-01 -5.671673710809627122e-01
-4.309690586170540350e-01 -5.667404887464001506e-01
-4.295090877978841037e-01 -5.659219154579508970e-01
-4.277741875431445018e-01 -5.647619399710884780e-01
-4.257847239069413869e-01 -5.633286858950394826e-01
-4.235610637568295034e-01 -5.616902785043093038e-01
-4.211235739603645389e-01 -5.599148430734042226e-01
-4.184926213851010712e-01 -5.580705048768294096e-01
-4.156885728985945661e-01 -5.562253891890909241e-01
-4.127317953683998231e-01 -5.544476212846943808e-01
-4.096426556620721970e-01 -5.528053264381455056e-01
-4.064415206471665432e-01 -5.513666299239496915e-01
-4.031487571912381607e-01 -5.501996570166131084e-01
-3.997847321618420158e-01 -5.493725329906411492e-01
-3.963698124265332967e-01 -5.489533831205396508e-01
-3.929243648528669697e-01 -5.490103326808142281e-01
-3.894687563083982229e-01 -5.496115069459706071e-01
-3.860233536606822446e-01 -5.508250311905145136e-01
-3.826085237772739456e-01 -5.527190306889516735e-01
-3.792446335257285694e-01 -5.553616307157878129e-01
-3.759520497736010824e-01 -5.588209565455285466e-01
-3.727511393884466728e-01 -5.631651334526796004e-01
-3.696622692378204178e-01 -5.684622867117465894e-01
-3.667058061892773946e-01 -5.747805415972354615e-01
-3.639021171103727359e-01 -5.821880233836517204e-01
-3.612715688686615190e-01 -5.907528573455008702e-01
-3.588345283316988210e-01 -6.005431687572890809e-01
-3.566113623670397748e-01 -6.116270828935218562e-01
-3.546224378422394574e-01 -6.240727250287048111e-01
-3.528881216248528352e-01 -6.379482204373436716e-01
-3.514287805824353184e-01 -6.533216943939443855e-01
-3.502647815825417066e-01 -6.702612721730123457e-01
-3.494164914927272436e-01 -6.888350790490532782e-01
-3.489042771805470067e-01 -7.091112402965730199e-01
