-1.180759940289290766e+00 5.378536684106266508e-01
-1.178778918665597919e+00 3.364061319135784878e-01
-1.170527720078167855e+00 1.527253189257946620e-01
-1.156367806483208582e+00 -1.383468397883016662e-02
-1.136660639836927444e+00 -1.639197902264009077e-01
-1.111767682095531562e+00 -2.981759132430229498e-01
-1.082050395215228500e+00 -4.172489664548011401e-01
-1.047870241152226489e+00 -5.217848632878412385e-01
-1.009588681862733095e+00 -6.124295171682478944e-01
-9.675671793029561041e-01 -6.898288415221262015e-01
-9.221671954291021933e-01 -7.546287497755815865e-01
-8.737501921973795938e-01 -8.074751553547185878e-01
-8.226776315639958703e-01 -8.490139716856431873e-01
-7.693109754851589210e-01 -8.798911121944605895e-01
-7.140116859170759778e-01 -9.007524903072752220e-01
-6.571412248159546055e-01 -9.122440194501919564e-01
-5.990610541380025911e-01 -9.150116130493173294e-01
-5.401326358394277216e-01 -9.097011845307553246e-01
-4.807174318764375065e-01 -8.969586473206117017e-01
-4.211769042052393441e-01 -8.774299148449913321e-01
-3.618725147820407440e-01 -8.517609005299990876e-01
-3.031657255630499925e-01 -8.205975178017407279e-01
-2.454179985044740164e-01 -7.845856800863207914e-01
-1.889907955625206304e-01 -7.443713008098448158e-01
-1.342455786933978157e-01 -7.006002933984180059e-01
-8.154380985331265153e-02 -6.539185712781452331e-01
-3.124695099847280347e-02 -6.049720478751315911e-01
1.628353591491370558e-02 -5.544066366154827286e-01
6.068618893063957437e-02 -5.028682509253031840e-01
1.015995460924968147e-01 -4.510028042306988838e-01
1.386621454442782397e-01 -3.994562099577740888e-01
1.715125250297762638e-01 -3.488743815326343367e-01
1.997892228927831415e-01 -2.999032323813847767e-01
2.231307770770912247e-01 -2.531886759301306133e-01
2.411757256264925875e-01 -2.093766256049768570e-01
2.535626065847801924e-01 -1.691129948320288789e-01
2.599365819779707043e-01 -1.330371876611826376e-01
2.603337372483890966e-01 -1.014044483575672201e-01
2.553923721122380863e-01 -7.387822623061161831e-02
2.458021576520980633e-01 -5.007148803426774569e-02
2.322527649505498615e-01 -2.959720052248759892e-02
2.154338650901738705e-01 -1.206833044922318333e-02
1.960351291535509521e-01 2.902155431573442360e-03
1.747462282232615516e-01 1.570129036595049876e-02
1.522568333818861142e-01 2.671610759995586212e-02
1.292566157120054460e-01 3.633364037963757176e-02
1.064352462961999785e-01 4.494092195104363446e-02
8.448239621705046221e-02 5.292498556022206396e-02
6.408773655713762007e-02 6.067286445322082195e-02
4.594093839904165449e-02 6.857159187608803663e-02
3.073167282534350689e-02 7.700820107487166277e-02
1.914961091862359480e-02 8.636972529561973144e-02
1.188442376146257515e-02 9.704319778438021127e-02
9.609874525148639005e-03 1.094075234666547075e-01
1.252177040555657594e-02 1.235973904563323067e-01
2.026591166375604422e-02 1.394664548331975840e-01
3.245769133815152446e-02 1.568528357754137570e-01
4.871250246714726312e-02 1.755946524611440296e-01
6.864573808914750663e-02 1.955300240685514668e-01
9.187279124255692819e-02 2.164970697757996609e-01
1.180090549657798610e-01 2.383339087610517049e-01
1.466699222972205896e-01 2.608786602024707468e-01
1.774707862752834542e-01 2.839694432782201572e-01
2.100270399383727671e-01 3.074443771664630010e-01
2.439540763248930211e-01 3.311415810453625652e-01
2.788672884732486534e-01 3.548991740930821925e-01
3.143820694218438239e-01 3.785552754877848924e-01
3.501138122090829419e-01 4.019480044076340630e-01
3.856779098733704725e-01 4.249154800307929358e-01
4.206897554531108252e-01 4.472958215354246869e-01
4.547647419867082430e-01 4.689271480996925479e-01
4.875182625125667468e-01 4.896475789017595281e-01
5.185657100690914678e-01 5.092952331197893034e-01
5.475224776946864269e-01 5.277082299319447722e-01
5.740039584277560891e-01 5.447246885163895547e-01
5.976952159790995811e-01 5.602144433773905696e-01
6.186041804459703197e-01 5.741943035263131767e-01
6.368322414908992313e-01 5.867236224267061706e-01
6.524807982984670574e-01 5.978617578767247975e-01
6.656512500532555388e-01 6.076680676745240817e-01
6.764449959398458612e-01 6.162019096182597133e-01
6.849634351428196544e-01 6.235226415060870497e-01
6.913079668467582151e-01 6.296896211361610041e-01
6.955799902362431730e-01 6.347622063066374887e-01
6.978809044958554919e-01 6.387997548156713057e-01
6.983121088101770235e-01 6.418616244614179234e-01
6.969750023637889536e-01 6.440071730420325880e-01
6.939709843412728008e-01 6.452957583556707677e-01
6.894014539272100839e-01 6.457867382004878198e-01
6.833678103061818776e-01 6.455394703746387686e-01
6.759714526627701447e-01 6.446133126762791932e-01
6.673137801815556269e-01 6.430676229035642288e-01
6.574961920471203980e-01 6.409617588546493439e-01
6.466200874440455326e-01 6.383550783276898954e-01
6.347868655569122165e-01 6.353069391208407968e-01
6.220979255703021904e-01 6.318766990322577382e-01
6.086546666687971952e-01 6.281237158600961878e-01
5.945584880369778613e-01 6.241073474025111700e-01
5.799107888594263738e-01 6.198869514576578199e-01
5.648129683207233631e-01 6.155218858236917168e-01
5.493664256054509032e-01 6.110715082987682178e-01
5.336725598981901797e-01 6.065951766810425694e-01
5.178327703835226004e-01 6.021522487686700176e-01
5.019484562460295729e-01 5.978020823598060307e-01
4.861210166702925606e-01 5.936040352526057440e-01
4.704518508408930821e-01 5.896174652452246256e-01
4.550423579424121567e-01 5.859017301358176999e-01
4.399939371594316362e-01 5.825161877225406570e-01
4.254079876765327617e-01 5.795201958035486323e-01
4.113859086782969410e-01 5.769731121769969828e-01
3.980289162450107443e-01 5.749341919887067665e-01
3.853984819925128091e-01 5.734404087550647455e-01
3.734669430884886010e-01 5.724787652412810512e-01
3.621945047201625134e-01 5.720294627548856425e-01
3.515413720747585513e-01 5.720727026034087004e-01
3.414677503395008862e-01 5.725886860943805168e-01
3.319338447016135785e-01 5.735576145353312727e-01
3.228998603483204666e-01 5.749596892337907050e-01
3.143260024668458330e-01 5.767751114972893278e-01
3.061724762444136827e-01 5.789840826333572110e-01
2.983994868682480761e-01 5.815668039495243136e-01
2.909672395255731292e-01 5.845034767533210385e-01
2.838359394036129024e-01 5.877743023522772337e-01
2.769657916895914562e-01 5.913594820539233021e-01
2.703170015707327956e-01 5.952392171657892028e-01
2.638497742342612029e-01 5.993937089954052277e-01
2.575243148674004612e-01 6.038031588503011138e-01
2.513008286573749639e-01 6.084477680380075970e-01
2.451395207914085217e-01 6.133077378660544143e-01
2.390005964567253061e-01 6.183632696419717467e-01
2.328442608405494052e-01 6.235945646732898862e-01
2.266307191301048796e-01 6.289818242675386806e-01
2.203201765126157341e-01 6.345052497322484220e-01
2.138728381753061125e-01 6.401450423749494023e-01
2.072489093054001030e-01 6.458814035031716916e-01
2.004085950901217106e-01 6.516945344244451377e-01
1.933121007166950789e-01 6.575646364463003657e-01
1.859196313723442684e-01 6.634719108762671125e-01
1.781913922442932563e-01 6.693965590218755590e-01
1.700875885197661863e-01 6.753187821906557753e-01
1.615684253859871744e-01 6.812187816901382753e-01
1.525941080301804476e-01 6.870767588278527960e-01
1.431248416395696776e-01 6.928729149113297403e-01
1.331208314013791472e-01 6.985874512480990672e-01
1.225422825028329027e-01 7.042005691456909577e-01
1.113494001311550047e-01 7.096924699116357038e-01
9.950238947356958297e-02 7.150433548534631534e-01
8.696145571730071189e-02 7.202334252787037094e-01
7.368680404957241026e-02 7.252428824948873309e-01
5.963863965760868302e-02 7.300519278095440878e-01
4.477716772863380573e-02 7.346407625302044941e-01
2.906259344987170701e-02 7.389895879643982868e-01
1.245512200854645597e-02 7.430786054196557577e-01
-5.085041408117755082e-03 7.468880162035071990e-01
-2.359769161289707040e-02 7.503980216234823475e-01
-4.312262341856722830e-02 7.535888229871117172e-01
-6.369963163790419436e-02 7.564406216019250451e-01
-8.536851108368398444e-02 7.589336187754528451e-01
-1.081690565686823785e-01 7.610480158152251873e-01
-1.321410629056755104e-01 7.627640140287720305e-01
-1.572911306909855478e-01 7.640690478550319353e-01
-1.834769991361078489e-01 7.649829891293681294e-01
-2.105146954968507289e-01 7.655347988625781364e-01
-2.382202449691065982e-01 7.657534385143224265e-01
-2.664096727487676453e-01 7.656678695442623583e-01
-2.948990040317261974e-01 7.653070534120586244e-01
-3.235042640138744430e-01 7.646999515773712508e-01
-3.520414778911041820e-01 7.638755254998618183e-01
-3.803266708593086021e-01 7.628627366391904641e-01
-4.081758681143797807e-01 7.616905464550179916e-01
-4.354050948522095732e-01 7.603879164070050933e-01
-4.618303762686908343e-01 7.589838079548129057e-01
-4.872677375597151972e-01 7.575071825581017881e-01
-5.115332039211750725e-01 7.559870016765323220e-01
-5.344428005489630928e-01 7.544522267697656437e-01
-5.558125526389712245e-01 7.529318192974620016e-01
-5.754584853870916561e-01 7.514547407192824213e-01
-5.931966239892170201e-01 7.500499524948877061e-01
-6.088429936412391719e-01 7.487464160839383265e-01
-6.222136195390507440e-01 7.475730929460950858e-01
-6.331245268785434810e-01 7.465589445410184544e-01
-6.413917408556103483e-01 7.457329323283699019e-01
-6.468312866661432015e-01 7.451240177678093435e-01
-6.492591895060342289e-01 7.447611623189978047e-01
-6.484914745711760631e-01 7.446733274415959780e-01
-6.443441670574607816e-01 7.448894745952647778e-01
-6.366332921607803508e-01 7.454385652396646744e-01
-6.251748750770274032e-01 7.463495608344562493e-01
-6.097849410020940164e-01 7.476514228393006389e-01
-5.902795151318728228e-01 7.493731127138580916e-01
-5.664746226622557890e-01 7.515435919177899660e-01
-5.381862887891351033e-01 7.541918219107563992e-01
-5.052305387084040644e-01 7.573467641524183058e-01
-4.674233976159533066e-01 7.610373801024363782e-01
-4.245808907076757954e-01 7.652926312204714199e-01
-3.765190431794639414e-01 7.701414789661841231e-01
-3.230538802272098220e-01 7.756128847992349584e-01
-2.640014270468058477e-01 7.817358101792851732e-01
-1.991777088341441793e-01 7.885392165659949049e-01
-1.283987507851171717e-01 7.960520654190251788e-01
-5.148057809561706194e-02 8.043033181980369095e-01
