-1.928095127105879714e+00 -1.435575583533059918e+00
-1.778442811965225800e+00 -1.377933045276149793e+00
-1.635879465139887579e+00 -1.322501939489508560e+00
-1.500235921816523765e+00 -1.269234303941656705e+00
-1.371343017181793522e+00 -1.218082176401114713e+00
-1.249031586422354678e+00 -1.168997594636401072e+00
-1.133132464724866617e+00 -1.121932596416037375e+00
-1.023476487275988278e+00 -1.076839219508543000e+00
-9.198944892623776015e-01 -1.033669501682437764e+00
-8.222173058706941928e-01 -9.923754807062423744e-01
-7.302757722875963253e-01 -9.529091943484760963e-01
-6.439007236997429384e-01 -9.152226803776599695e-01
-5.629229952937926384e-01 -8.792679765623131471e-01
-4.871734222564039207e-01 -8.449971206709561145e-01
-4.164828397742361688e-01 -8.123621504721089126e-01
-3.506820830339477113e-01 -7.813151037342913607e-01
-2.896019872221972657e-01 -7.518080182260237221e-01
-2.330733875256435772e-01 -7.237929317158259268e-01
-1.809271191309458626e-01 -6.972218819722182381e-01
-1.329940172247621455e-01 -6.720469067637203642e-01
-8.910491699375146235e-02 -6.482200438588525682e-01
-4.909065362457274567e-02 -6.256933310261348913e-01
-1.278206230388431383e-02 -6.044188060340875968e-01
1.999002178165482091e-02 -5.843485066512300596e-01
4.939476344538593078e-02 -5.654344706460827652e-01
7.560132750065023943e-02 -5.476287357871657546e-01
9.877887876078907115e-02 -5.308833398429990691e-01
1.190965820391437502e-01 -5.151503205821027498e-01
1.367236021490554065e-01 -5.003817157729969489e-01
1.518291039038651979e-01 -4.865295631842015966e-01
1.645822521169147401e-01 -4.735459005842366231e-01
1.751522116015449548e-01 -4.613827657416222916e-01
1.837081471710973746e-01 -4.499921964248785877e-01
1.904192236389129766e-01 -4.393262304025254417e-01
1.954546058183332102e-01 -4.293369054430830056e-01
1.989834585226993580e-01 -4.199762593150713208e-01
2.011749465653523972e-01 -4.111963297870104284e-01
2.021982347596339435e-01 -4.029491546274203695e-01
2.022224879188851132e-01 -3.951867716048211854e-01
2.014168708564471888e-01 -3.878612184877329727e-01
1.999505483856613142e-01 -3.809245330446756617e-01
1.979926853198689107e-01 -3.743287530441694599e-01
1.957124464724111501e-01 -3.680259162547343532e-01
1.932789966566293427e-01 -3.619680604448903272e-01
1.908615006858647156e-01 -3.561072233831574785e-01
1.886291233734585238e-01 -3.503954428380559039e-01
1.867510295327519665e-01 -3.447847565781054224e-01
1.853963839770864375e-01 -3.392272023718264085e-01
1.847343515198031083e-01 -3.336748179877386811e-01
1.849340969742431784e-01 -3.280796411943623370e-01
1.861647851537480136e-01 -3.223937097602174728e-01
1.885795536953637219e-01 -3.165730146971224568e-01
1.922001719722713498e-01 -3.106059501488743768e-01
1.969840656618010444e-01 -3.044967811949689795e-01
2.028882195942411371e-01 -2.982498816536833242e-01
2.098696185998798480e-01 -2.918696253432940813e-01
2.178852475090054253e-01 -2.853603860820781990e-01
2.268920911519061445e-01 -2.787265376883125145e-01
2.368471343588700873e-01 -2.719724539802741425e-01
2.477073619601857513e-01 -2.651025087762394761e-01
2.594297587861413845e-01 -2.581210758944857964e-01
2.719713096670251518e-01 -2.510325291532897740e-01
2.852889994331251899e-01 -2.438412423709283017e-01
2.993398129147299969e-01 -2.365515893656783553e-01
3.140807349421277928e-01 -2.291679439558166886e-01
3.294687503456066313e-01 -2.216946799596203055e-01
3.454608439554548993e-01 -2.141361711953659319e-01
3.620140006019608170e-01 -2.064967914813305161e-01
3.790852051154127711e-01 -1.987809146357908674e-01
3.966314423260988709e-01 -1.909929144770239895e-01
4.146096970643074475e-01 -1.831371648233066085e-01
4.329769541603264993e-01 -1.752180394929157836e-01
4.516901984444446905e-01 -1.672399123041281854e-01
4.707064147469500748e-01 -1.592071570752207066e-01
4.899825878981308724e-01 -1.511241476244703230e-01
5.094757027282754702e-01 -1.429952577701538163e-01
5.291427440676720328e-01 -1.348248613305481625e-01
5.489406967466088361e-01 -1.266173321239301430e-01
5.688265455953741556e-01 -1.183770439685766646e-01
5.887572754442560452e-01 -1.101083706827645642e-01
6.086898711235431136e-01 -1.018156860847707068e-01
6.285813174635233036e-01 -9.350336399287205447e-02
6.483885992944852239e-01 -8.517577822534540266e-02
6.680687014467167062e-01 -7.683730260046765792e-02
6.875786087505060262e-01 -6.849231093651574065e-02
7.068753060361417928e-01 -6.014517705176638390e-02
7.259157781339122817e-01 -5.180027476449650808e-02
7.446570098741053245e-01 -4.346197789298303360e-02
7.630559860870094191e-01 -3.513466025550280453e-02
7.810696916029128412e-01 -2.682269567033267188e-02
7.986551112521037554e-01 -1.853045795574955606e-02
8.157694128826497026e-01 -1.026270427909498073e-02
8.323719509584709408e-01 -2.028771893570143186e-03
8.484235192106561740e-01 6.158987258420959426e-03
8.638849366738743374e-01 1.428816823358999670e-02
8.787170223827946991e-01 2.234636608864861915e-02
8.928805953720867494e-01 3.032117588030842220e-02
9.063364746764202007e-01 3.820019266528125457e-02
9.190454793304639880e-01 4.597101150027869954e-02
9.309684283688874906e-01 5.362122744201238550e-02
9.420661408263604208e-01 6.113843554719403106e-02
9.522994357375516028e-01 6.851023087253525767e-02
9.616291321371306378e-01 7.572420847474778394e-02
9.700160490597667939e-01 8.276796341054319661e-02
9.774210055401300057e-01 8.962909073663329063e-02
9.838048206128887641e-01 9.629518550972961111e-02
9.891283133127128924e-01 1.027538427865438697e-01
9.933523026742715478e-01 1.089926576237877365e-01
9.964376077322341096e-01 1.149992250781729092e-01
9.983450475212701791e-01 1.207611402064110023e-01
9.990354410760490245e-01 1.262659980652137415e-01
9.984696074312398029e-01 1.315013937112927134e-01
9.966083656215117825e-01 1.364549222013596297e-01
9.934125346815343427e-01 1.411141785921261604e-01
9.888429336459774177e-01 1.454667579403040034e-01
9.828742610385994283e-01 1.495040248429566621e-01
9.755746579795547824e-01 1.532427220386210487e-01
9.670508213875006476e-01 1.567100636626788390e-01
9.574095691581869794e-01 1.599332967067663702e-01
9.467577191873634002e-01 1.629396681625200072e-01
9.352020893707794214e-01 1.657564250215760038e-01
9.228494976041852205e-01 1.684108142755709470e-01
9.098067617833296428e-01 1.709300829161410629e-01
8.961806998039630878e-01 1.733414779349227441e-01
8.820781295618347340e-01 1.756722463235523835e-01
8.676058689526946477e-01 1.779496350736663179e-01
8.528707358722920073e-01 1.802008911769009403e-01
8.379795482163767684e-01 1.824532616248926709e-01
8.230391238806986642e-01 1.847339934092777636e-01
8.081562807610070953e-01 1.870703335216926666e-01
7.934378367530517950e-01 1.894895289537737448e-01
7.789906097525827189e-01 1.920188266971573632e-01
7.649214176553491562e-01 1.946854737434798865e-01
7.513370783571009515e-01 1.975167170843777353e-01
7.383444097535876161e-01 2.005398037114871634e-01
7.260502297405592165e-01 2.037819806164446745e-01
7.145613562137647090e-01 2.072704947908865503e-01
7.039846070689544932e-01 2.110325932264492388e-01
6.944268002018777475e-01 2.150955229147690217e-01
6.859947535082840941e-01 2.194865308474822641e-01
6.787952848839235998e-01 2.242328640162254416e-01
6.729352122245461088e-01 2.293617694126348083e-01
6.685213534259001333e-01 2.349004940283467568e-01
6.656605263837364062e-01 2.408762848549978186e-01
6.644552223234416743e-01 2.473146563564659617e-01
6.649216997593028200e-01 2.542065928491644144e-01
6.669967747817373560e-01 2.615112675354155924e-01
6.706142977326482457e-01 2.691866660434502623e-01
6.757081189539392296e-01 2.771907740014993848e-01
6.822120887875130490e-01 2.854815770377936990e-01
6.900600575752732224e-01 2.940170607805641101e-01
6.991858756591231572e-01 3.027552108580415235e-01
7.095233933809655946e-01 3.116540128984567892e-01
7.210064610827040532e-01 3.206714525300407570e-01
7.335689291062419404e-01 3.297655153810242767e-01
7.471446477934822195e-01 3.388941870796382538e-01
7.616674674863280758e-01 3.480154532541134271e-01
7.770712385266830280e-01 3.570872995326807575e-01
7.932898112564502613e-01 3.660677115435712059e-01
8.102570360175327391e-01 3.749146749150154556e-01
8.279067631518338688e-01 3.835861752752443010e-01
8.461728430012571689e-01 3.920401982524889251e-01
8.649891259077056027e-01 4.002347294749800111e-01
8.842894622130822446e-01 4.081277545709482979e-01
9.040077022592906131e-01 4.156772591686248020e-01
9.240776963882338935e-01 4.228412288962403176e-01
9.444332949418151602e-01 4.295776493820258057e-01
9.650083482619372655e-01 4.358445062542117832e-01
9.857367066905046160e-01 4.415997851410296549e-01
1.006542697819222676e+00 4.468067784548171995e-01
1.027299113714586820e+00 4.514574980325001263e-01
1.047861392992469165e+00 4.555536263433392352e-01
1.068084961125294274e+00 4.590968531811007725e-01
1.087825243585486712e+00 4.620888683395513730e-01
1.106937665845471042e+00 4.645313616124571721e-01
1.125277653377671605e+00 4.664260227935845271e-01
1.142700631654513410e+00 4.677745416766999620e-01
1.159062026148421243e+00 4.685786080555700006e-01
1.174217262331819223e+00 4.688399117239607228e-01
1.188021765677131913e+00 4.685601424756387079e-01
1.200330961656784545e+00 4.677409901043703133e-01
1.211000275743200794e+00 4.663841444039218409e-01
1.219885133408806110e+00 4.644912951680598701e-01
1.226840960126024394e+00 4.620641321905505361e-01
1.231723181367281095e+00 4.591043452651605294e-01
1.234387222604999890e+00 4.556136241856558744e-01
1.234688509311605786e+00 4.515936587458033169e-01
1.232482466959523570e+00 4.470461387393689368e-01
1.227624521021177584e+00 4.419727539601194244e-01
1.219970096968992390e+00 4.363751942018208596e-01
1.209374620275392775e+00 4.302551492582398773e-01
1.195693516412803081e+00 4.236143089231427239e-01
1.178782210853648760e+00 4.164543629902960897e-01
1.158496129070353264e+00 4.087770012534658881e-01
1.134690696535341603e+00 4.005839135064186984e-01
1.107221338721038340e+00 3.918767895429209891e-01
1.075943481099868260e+00 3.826573191567390619e-01
1.040712549144255927e+00 3.729271921416393298e-01
1.001383968326625684e+00 3.626880982913882057e-01
9.578131641194025381e-01 3.519417273997521023e-01
9.098555619950107198e-01 3.406897692604973216e-01
