-1.698623260574535054e+00 -6.070519045714087847e-01
-1.365387584136669608e+00 -5.454677808870926903e-01
-1.059550869686870067e+00 -4.903166484602681785e-01
-7.800446901268778266e-01 -4.413745762419645779e-01
-5.258006183584368332e-01 -3.984176331832126605e-01
-2.957502272832874812e-01 -3.612218882350416993e-01
-8.882508980317239955e-02 -3.295634103484818000e-01
9.604322118016500598e-02 -3.032182684745632906e-01
2.599231327649828560e-01 -2.819625315643157770e-01
4.038830720495393267e-01 -2.655722685687696427e-01
5.289914661320918032e-01 -2.538235484389544383e-01
6.363167421108975041e-01 -2.464924401259003528e-01
7.269273270842148138e-01 -2.433550125806374087e-01
8.018916481503012283e-01 -2.441873347541954897e-01
8.622781324074142439e-01 -2.487654755976047294e-01
9.091552069538109127e-01 -2.568655040618949004e-01
9.435912988877500629e-01 -2.682634890980961084e-01
9.666548353074890798e-01 -2.827354996572384316e-01
9.794142433112854595e-01 -3.000576046903515870e-01
9.829379499973965872e-01 -3.200058731484657915e-01
9.782943824640807362e-01 -3.423563739826109842e-01
9.665519678095949585e-01 -3.668851761438170489e-01
9.487791331321973054e-01 -3.933683485831139803e-01
9.260443055301454951e-01 -4.215819602515320508e-01
8.994159121016966907e-01 -4.513020801001006999e-01
8.699623799451091655e-01 -4.823047770798503664e-01
8.387521361586406377e-01 -5.143661201418109341e-01
8.068536078405480483e-01 -5.472621782370123977e-01
7.753352220890897817e-01 -5.807690203164844744e-01
7.452654060025235561e-01 -6.146627153312572700e-01
7.177125866791064235e-01 -6.487193322323611122e-01
6.937451912170964352e-01 -6.827149399708255517e-01
6.744316467147513094e-01 -7.164256074976805833e-01
6.608403802703286534e-01 -7.496274037639567567e-01
6.539466038364732947e-01 -7.821112385759330099e-01
6.536357765309305234e-01 -8.138415221294902357e-01
6.590873709231089839e-01 -8.448950652835458541e-01
6.694689612440026805e-01 -8.753505732406576811e-01
6.839481217246049516e-01 -9.052867512033814235e-01
7.016924265959098017e-01 -9.347823043742745641e-01
7.218694500889104582e-01 -9.639159379558936980e-01
7.436467664346004813e-01 -9.927663571507950868e-01
7.661919498639729875e-01 -1.021412267161535325e+00
7.886725746080225363e-01 -1.049932373190672008e+00
8.102562148977424661e-01 -1.078405380440761618e+00
8.301104449641262262e-01 -1.106909994114360973e+00
8.474028390381671549e-01 -1.135524919414026446e+00
8.613009713508591458e-01 -1.164328861542314852e+00
8.709724161331956482e-01 -1.193400525701783010e+00
8.755847476161701115e-01 -1.222818617094987514e+00
8.743055400307763181e-01 -1.252661840924485404e+00
8.663023676080079394e-01 -1.283008902392833495e+00
8.507428045788584248e-01 -1.313938506702588382e+00
8.267974997119391656e-01 -1.345528722985480208e+00
7.942558032005628821e-01 -1.377729621312718811e+00
7.542715580431603728e-01 -1.410208980831057390e+00
7.081807909315895877e-01 -1.442596889903505319e+00
6.573195285577076996e-01 -1.474523436893071082e+00
6.030237976133736577e-01 -1.505618710162763163e+00
5.466296247904436356e-01 -1.535512798075591157e+00
4.894730367807758609e-01 -1.563835788994563547e+00
4.328900602762282834e-01 -1.590217771282689707e+00
3.782167219686586868e-01 -1.614288833302978343e+00
3.267890485499245212e-01 -1.635679063418437940e+00
2.799407261903270050e-01 -1.654019263098122305e+00
2.385235423712817326e-01 -1.669087057867037815e+00
2.023210402248491191e-01 -1.680985544084078409e+00
1.709732911885845363e-01 -1.689861530814952273e+00
1.441203667000429678e-01 -1.695861827125368926e+00
1.214023381967797161e-01 -1.699133242081036554e+00
1.024592771163499033e-01 -1.699822584747664678e+00
8.693125489630867953e-02 -1.698076664190961038e+00
7.445834297421104198e-02 -1.694042289476634711e+00
6.468061278761212674e-02 -1.687866269670394104e+00
5.723813577406719477e-02 -1.679695413837948959e+00
5.177098337113140991e-02 -1.669676531045007017e+00
4.791922701635980414e-02 -1.657956430357276689e+00
4.532293814730766618e-02 -1.644681920840468381e+00
4.362218820153001414e-02 -1.629999811560289391e+00
4.245704861658202572e-02 -1.614056911582448350e+00
4.146759083001880231e-02 -1.597000029972654556e+00
4.029388627939556322e-02 -1.578975975796616860e+00
3.857600640226746536e-02 -1.560131558120043449e+00
3.595402263618954763e-02 -1.540613586008643621e+00
3.206800641871704327e-02 -1.520568868528125561e+00
2.655802918740512303e-02 -1.500144214744198123e+00
1.906416237980878420e-02 -1.479486433722570160e+00
9.226477433483353668e-03 -1.458742334528950968e+00
-3.314954214016246729e-03 -1.438058726229047846e+00
-1.892006112513470312e-02 -1.417582417888570312e+00
-3.794877186231693927e-02 -1.397460218573227442e+00
-6.076101498800772632e-02 -1.377838937348727200e+00
-8.771671906465210167e-02 -1.358865383280779104e+00
-1.191758126546947766e-01 -1.340686365435091343e+00
-1.554982243205806081e-01 -1.323448692877372768e+00
-1.970433609903525507e-01 -1.307299089832154593e+00
-2.438667581693803321e-01 -1.292334857385574187e+00
-2.952099217640822282e-01 -1.278520898857721244e+00
-3.501794796894719397e-01 -1.265800180350712179e+00
-4.078820598605642500e-01 -1.254115667966662739e+00
-4.674242901923737481e-01 -1.243410327807689564e+00
-5.279127985999150230e-01 -1.233627125975908401e+00
-5.884542129982023306e-01 -1.224709028573435443e+00
-6.481551613022503711e-01 -1.216599001702386218e+00
-7.061222714270737333e-01 -1.209240011464877140e+00
-7.614621712876868953e-01 -1.202575023963023737e+00
-8.132814887991043351e-01 -1.196547005298942645e+00
-8.606868518763406417e-01 -1.191098921574749614e+00
-9.027848884344101821e-01 -1.186173738892560392e+00
-9.386822263883279893e-01 -1.181714423354491394e+00
-9.674854936531079863e-01 -1.177663941062658370e+00
-9.883013181437652062e-01 -1.173965258119177735e+00
-1.000236327775313683e+00 -1.170561340626164570e+00
-1.002397150462768227e+00 -1.167395154685735958e+00
-9.938904141211436505e-01 -1.164409666400007204e+00
-9.738227466654537645e-01 -1.161547841871094500e+00
-9.413016307726842502e-01 -1.158752596486195330e+00
-9.007854168985657273e-01 -1.155658396889907902e+00
-8.603724403707373458e-01 -1.151782092172812355e+00
-8.203425795054503089e-01 -1.147164859965587924e+00
-7.807834464961689314e-01 -1.141860165855067333e+00
-7.417826535363573059e-01 -1.135921475428083749e+00
-7.034278128194795254e-01 -1.129402254271469452e+00
-6.658065365389995716e-01 -1.122355967972057611e+00
-6.290064368883813151e-01 -1.114836082116680505e+00
-5.931151260610891818e-01 -1.106896062292171523e+00
-5.582202162505873755e-01 -1.098589374085363612e+00
-5.244093196503393228e-01 -1.089969483083089052e+00
-4.917700484538096717e-01 -1.081089854872180789e+00
-4.603900148544622373e-01 -1.072003955039471546e+00
-4.303568310457611679e-01 -1.062765249171794268e+00
-4.017581092211705562e-01 -1.053427202855981903e+00
-3.746814615741543841e-01 -1.044043281678866952e+00
-3.492145002981767443e-01 -1.034666951227282583e+00
-3.254448375867017296e-01 -1.025351677088061075e+00
-3.034600856331932661e-01 -1.016150924848035597e+00
-2.833478566311157243e-01 -1.007118160094038872e+00
-2.651957627739329748e-01 -9.983068484129035136e-01
-2.490914162551090549e-01 -9.897704553914629111e-01
-2.351224292681081129e-01 -9.815624466165491224e-01
-2.233764140063941861e-01 -9.737362876749953156e-01
-2.139409826634315059e-01 -9.663454441536344364e-01
-2.069037474326838322e-01 -9.594433816392990977e-01
-2.023523205076153131e-01 -9.530835657188218013e-01
-2.003743140816900969e-01 -9.473194619790358262e-01
-2.010573403483723043e-01 -9.422045360067737851e-01
-2.044890115011258891e-01 -9.377922533888686241e-01
-2.107569397334150274e-01 -9.341360797121528448e-01
-2.199487372387036455e-01 -9.312894805634595041e-01
-2.321520162104560303e-01 -9.293059215296211040e-01
-2.474543888421359694e-01 -9.282388681974708122e-01
-2.659434673272078054e-01 -9.281417861538413527e-01
-2.877068638591354088e-01 -9.290681409855653383e-01
-3.128321906313830669e-01 -9.310713982794758259e-01
-3.414070598374144838e-01 -9.342050236224052062e-01
-3.735190836706941409e-01 -9.385224826011865362e-01
-4.092558743246859088e-01 -9.440772408026528728e-01
-4.487050439928537693e-01 -9.509227638136368288e-01
-4.918926727499657869e-01 -9.590967036988258254e-01
-5.352477999856938284e-01 -9.677122866501209897e-01
-5.696779379202140392e-01 -9.744637272274635498e-01
-5.856218713644987250e-01 -9.769247788166566249e-01
-5.735218524959571074e-01 -9.726700311223821505e-01
-5.279577804437430855e-01 -9.602720624743299460e-01
-4.556622905587164873e-01 -9.412346564629148205e-01
-3.655878310641177964e-01 -9.175970092021720204e-01
-2.666868501831871630e-01 -8.913983168061359041e-01
-1.679117961391673186e-01 -8.646777753888419404e-01
-7.821511715529413933e-02 -8.394745810643233774e-01
-6.549261454810273442e-03 -8.178279299466159058e-01
3.814908274355869461e-02 -8.017737012700306698e-01
5.213448478194016023e-02 -7.922552125931056066e-01
4.432013232699964778e-02 -7.875516252294789687e-01
2.551177713933301672e-02 -7.855437799540846422e-01
4.364980003072904853e-03 -7.845300643648318584e-01
-1.754550070234880965e-02 -7.841838911530105705e-01
-4.010035262469346246e-02 -7.844613069114201309e-01
-6.318026341172237881e-02 -7.853183582328592260e-01
-8.666592071119687268e-02 -7.867110917101266532e-01
-1.104380121708783136e-01 -7.885955539360216537e-01
-1.343772254385279807e-01 -7.909277915033429140e-01
-1.583642481619072506e-01 -7.936638510048894535e-01
-1.822797679887773747e-01 -7.967597790334600694e-01
-2.060044725668996879e-01 -8.001716221818535590e-01
-2.294190495440356359e-01 -8.038554270428692750e-01
-2.524041865679464425e-01 -8.077672402093056814e-01
-2.748405712863934980e-01 -8.118631082739621307e-01
-2.966088913471379707e-01 -8.160990778296369763e-01
-3.175898343979413618e-01 -8.204311954691295705e-01
-3.376640880865650063e-01 -8.248155077852388217e-01
-3.567123400607700168e-01 -8.292080613707630832e-01
-3.746152779683179501e-01 -8.335649028185019294e-01
-3.912535894569697525e-01 -8.378420787212541576e-01
-4.065079621744873695e-01 -8.419956356718183432e-01
-4.202590837686318581e-01 -8.459816202629938386e-01
-4.323876418871643867e-01 -8.497560790875792192e-01
-4.427743241778464567e-01 -8.532750587383735041e-01
-4.512998182884393472e-01 -8.564946058081757130e-01
-4.578448118667043376e-01 -8.593707668897844210e-01
-4.622899925604028182e-01 -8.618595885759989805e-01
-4.645160480172960682e-01 -8.639171174596180780e-01
