-5.631350589638103171e-02 1.771150541171859494e-01
2.053978012119083568e-02 9.112339867953095363e-02
9.109926197074584564e-02 1.177494110837603788e-02
1.555566558581628345e-01 -6.114404371485189504e-02
2.141036779893204511e-01 -1.278472809087256024e-01
2.669320445700976152e-01 -1.885484955918180772e-01
3.142334718063728438e-01 -2.434614128827022606e-01
3.561996759040251814e-01 -2.927997578999511630e-01
3.930223730689329509e-01 -3.367772557621374063e-01
4.248932795069755852e-01 -3.756076315878342786e-01
4.520041114240313518e-01 -4.095046104956146515e-01
4.745465850259791285e-01 -4.386819176040511747e-01
4.927124165186975713e-01 -4.633532780317170530e-01
5.066933221080656136e-01 -4.837324168971852134e-01
5.166810179999620223e-01 -5.000330593190285278e-01
5.228672204002654533e-01 -5.124689304158197567e-01
5.254436455148544516e-01 -5.212537553061318274e-01
5.246020095496084501e-01 -5.266012591085382777e-01
5.205340287104055497e-01 -5.287251669416113131e-01
5.134314192031250723e-01 -5.278392039239244715e-01
5.034858972336451188e-01 -5.241570951740497364e-01
4.908891790078450668e-01 -5.178925658105613117e-01
4.758329807316035165e-01 -5.092593409520312919e-01
4.585090186107986798e-01 -4.984711457170324933e-01
4.391090088513100453e-01 -4.857417052241382871e-01
4.178246676590158248e-01 -4.712847445919213230e-01
3.948477112397952848e-01 -4.553139889389547501e-01
3.703698557995269702e-01 -4.380431633838116068e-01
3.445828175440895924e-01 -4.196859930450644316e-01
3.176783126793619738e-01 -4.004562030412863738e-01
2.898480574112227148e-01 -3.805675184910503606e-01
2.612837679455509154e-01 -3.602336645129293746e-01
2.321771604882249262e-01 -3.396683662254960101e-01
2.027199512451239027e-01 -3.190853487473237493e-01
1.731038564221263620e-01 -2.986983371969851309e-01
1.435205922251110155e-01 -2.787210566930530820e-01
1.141618748599570049e-01 -2.593672323541008629e-01
8.521942053254263905e-02 -2.408505892987010955e-01
5.688494544874683756e-02 -2.233848526454266514e-01
2.935016581444841594e-02 -2.071837475128506800e-01
2.806797835526056092e-03 -1.924609990195459974e-01
-2.255344228214133454e-02 -1.794303322840856418e-01
-4.653883833267499770e-02 -1.683054724250424572e-01
-6.895767411019636250e-02 -1.593001445609893985e-01
-8.961823340882663080e-02 -1.526280738104993095e-01
-1.083288000226868969e-01 -1.485029852921452564e-01
-1.248976577458984910e-01 -1.471386041245000831e-01
-1.391330903725826740e-01 -1.487486554261367444e-01
-1.508433816968605401e-01 -1.535468643156281676e-01
-1.598647190458599154e-01 -1.617027202476221948e-01
-1.663703448471775259e-01 -1.728513768940835860e-01
-1.707571311209269693e-01 -1.862734663867832707e-01
-1.734259645441811049e-01 -2.012432563940392272e-01
-1.747777317940127917e-01 -2.170350145841696554e-01
-1.752133195474947502e-01 -2.329230086254924781e-01
-1.751336144816999507e-01 -2.481815061863258398e-01
-1.749395032737011135e-01 -2.620847749349877742e-01
-1.750318726005712366e-01 -2.739070825397964537e-01
-1.758098450548666591e-01 -2.829264690495394974e-01
-1.775242370839418271e-01 -2.887381175979896741e-01
-1.801675393373829426e-01 -2.914896243043945123e-01
-1.837063270842897722e-01 -2.913840036505036535e-01
-1.881071755937618051e-01 -2.886242701180669057e-01
-1.933366601348986691e-01 -2.834134381888339660e-01
-1.993613559767999921e-01 -2.759545223445545870e-01
-2.061478383885653742e-01 -2.664505370669784656e-01
-2.136626826392943601e-01 -2.551044968378552991e-01
-2.218724639980866054e-01 -2.421194161389348398e-01
-2.307437577340417378e-01 -2.276983094519668405e-01
-2.402431391162592744e-01 -2.120441912587008870e-01
-2.503371834138389262e-01 -1.953600760408868708e-01
-2.609924658958800991e-01 -1.778489782802746833e-01
-2.721755618314826153e-01 -1.597139124586134939e-01
-2.838530464897460193e-01 -1.411578930576534441e-01
-2.959914951397699112e-01 -1.223839345591441613e-01
-3.085574830506538357e-01 -1.035950514448353149e-01
-3.215175854914975040e-01 -8.499425819647669911e-02
-3.348383777314003495e-01 -6.678456929581801094e-02
-3.484864350394621946e-01 -4.916899922460898908e-02
-3.624283326847824727e-01 -3.235056246459934448e-02
-3.766306459364607839e-01 -1.653227349753876030e-02
-3.910599500635968950e-01 -1.917146805177030950e-03
-4.056828203352902396e-01 1.129180313073614023e-02
-4.204658320206404731e-01 2.289156182845103471e-02
-4.353755603887470849e-01 3.267911480621785159e-02
-4.503785807087098969e-01 4.045144758228704646e-02
-4.654414682496284539e-01 4.600554567490881125e-02
-4.805307982806023004e-01 4.913839460233340728e-02
-4.956131460707310921e-01 4.964697988281111668e-02
-5.106550868891143180e-01 4.732828703459222158e-02
-5.256231960048517449e-01 4.197930157592694861e-02
-5.404429702061992469e-01 3.361510724601631667e-02
-5.548740564906008421e-01 2.313133505791495695e-02
-5.686342518587580441e-01 1.164581045954770321e-02
-5.814413533101361331e-01 2.763589054053899700e-04
-5.930131578441993900e-01 -9.859194150021134348e-03
-6.030674624604127620e-01 -1.764302325224092333e-02
-6.113220641582409742e-01 -2.195730294676336361e-02
-6.174947599371489737e-01 -2.168420777909749880e-02
-6.213033467966014856e-01 -1.570591229475250608e-02
-6.224656217360631238e-01 -2.904591039237524892e-03
-6.206993817549990577e-01 1.783758144193827930e-02
-6.157224238528734572e-01 4.763843060326573148e-02
-6.074183675583514352e-01 8.725284639547523091e-02
-5.996115003466565563e-01 1.288107851535796322e-01
-5.989292341619576465e-01 1.580579492226248106e-01
-6.068466585947104308e-01 1.709186492550774372e-01
-6.233694636455077154e-01 1.662306333019901994e-01
-6.485032935573614710e-01 1.428317401398014885e-01
-6.822537925732844455e-01 9.955980854494987653e-02
-7.246266049362888317e-01 3.525267729387382420e-02
-7.756273748893874886e-01 -5.125181483698813822e-02
-8.352082058924141794e-01 -1.609896921229330702e-01
-8.993711441044217603e-01 -2.856910228219565751e-01
-9.575290245107225262e-01 -4.015623258603980839e-01
-9.996498766463335350e-01 -4.859208563917148394e-01
-1.025159641540472011e+00 -5.367852017211185434e-01
-1.038028980387234013e+00 -5.621213632026477169e-01
-1.042257420693460279e+00 -5.699585243345677288e-01
-1.041844489965992215e+00 -5.683258686151458905e-01
-1.040380152226122901e+00 -5.644302932189746436e-01
-1.038873882119933034e+00 -5.602978108021325898e-01
-1.037332752515491396e+00 -5.559418979866735944e-01
-1.035761610721607662e+00 -5.513715631082790614e-01
-1.034165304047091283e+00 -5.465958145026306170e-01
-1.032548679800753044e+00 -5.416236605054101094e-01
-1.030916585291401733e+00 -5.364641094522992759e-01
-1.029273867827848132e+00 -5.311261696789796316e-01
-1.027625374718901474e+00 -5.256188495211328027e-01
-1.025975953273371877e+00 -5.199511573144408594e-01
-1.024330450800069237e+00 -5.141321013945850948e-01
-1.022693714607803672e+00 -5.081706900972474683e-01
-1.021070592005384192e+00 -5.020759317581094949e-01
-1.019465930301621803e+00 -4.958568347128529119e-01
-1.017884576805325514e+00 -4.895224072971594564e-01
-1.016331378825305221e+00 -4.830816578467106992e-01
-1.014811183670371486e+00 -4.765435946971884884e-01
-1.013328838649333541e+00 -4.699172261842745058e-01
-1.011889191071001504e+00 -4.632115606436502664e-01
-1.010497088244184827e+00 -4.564356064109975630e-01
-1.009157377477694073e+00 -4.495983718219980774e-01
-1.007874906080338473e+00 -4.427088652123337131e-01
-1.006654521360928589e+00 -4.357760949176858745e-01
-1.005501070628273208e+00 -4.288090692737361320e-01
-1.004419401191183336e+00 -4.218167966161665561e-01
-1.003414360358468427e+00 -4.148082852806586063e-01
-1.002490795438937932e+00 -4.077925436028938533e-01
-1.001653553741402192e+00 -4.007785799185543674e-01
-1.000907482574670881e+00 -3.937754025633214972e-01
-1.000257429247553898e+00 -3.867920198728770909e-01
-9.997082410688611365e-01 -3.798374401829028302e-01
-9.992647653474023839e-01 -3.729206718290802858e-01
-9.989318493919877584e-01 -3.660507231470913059e-01
-9.987143405114267125e-01 -3.592366024726175167e-01
-9.986170860145293648e-01 -3.524873181413405998e-01
-9.986449332101053900e-01 -3.458118784889422370e-01
-9.988027294069652395e-01 -3.392192918511041100e-01
-9.990953219139182551e-01 -3.327185665635079559e-01
-9.995275580397741111e-01 -3.263187109618354564e-01
-1.000104285093343037e+00 -3.200287333817681823e-01
-1.000830350383434819e+00 -3.138576421589878707e-01
-1.001710601218859242e+00 -3.078144456291763698e-01
-1.002749884908426425e+00 -3.019081521280152502e-01
-1.003953048760945821e+00 -2.961477699911861938e-01
-1.005324940085227770e+00 -2.905423075543709377e-01
-1.006870406190081724e+00 -2.851007731532510525e-01
-1.008594294384317580e+00 -2.798321751235083310e-01
-1.010501451976745679e+00 -2.747455218008245659e-01
-1.012596726276175252e+00 -2.698498215208811613e-01
-1.014884964591416638e+00 -2.651540826193600209e-01
-1.017371014231279069e+00 -2.606673134319427154e-01
-1.020059722504573330e+00 -2.563985222943110931e-01
-1.022955936720108649e+00 -2.523567175421466691e-01
-1.026064504186695148e+00 -2.485509075111312638e-01
-1.029390272213142499e+00 -2.449901005369464480e-01
-1.032938088108260821e+00 -2.416833049552740420e-01
-1.036712799180859568e+00 -2.386395291017956444e-01
-1.040719252739748857e+00 -2.358677813121929367e-01
-1.044962296093738807e+00 -2.333770699221476841e-01
-1.049446776551638649e+00 -2.311764032673414848e-01
-1.054177541422258946e+00 -2.292747896834560761e-01
-1.059159438014408927e+00 -2.276812375061731397e-01
-1.064397313636899156e+00 -2.264047550711744128e-01
-1.069896015598538641e+00 -2.254543507141414938e-01
-1.075660391208138167e+00 -2.248390327707561753e-01
-1.081695287774506964e+00 -2.245678095767000282e-01
-1.088005552606455151e+00 -2.246496894676548728e-01
-1.094596033012792180e+00 -2.250936807793022243e-01
-1.101471576302328614e+00 -2.259087918473239309e-01
-1.108637029783873906e+00 -2.271040310074016466e-01
-1.116097240766237730e+00 -2.286884065952169975e-01
-1.123857056558230427e+00 -2.306709269464517764e-01
-1.131921324468661449e+00 -2.330606003967875262e-01
-1.140294891806340694e+00 -2.358664352819060117e-01
-1.148982605880078500e+00 -2.390974399374890258e-01
-1.157989313998684322e+00 -2.427626226992180836e-01
-1.167319863470968055e+00 -2.468709919027750332e-01
-1.176979101605739819e+00 -2.514315558838414177e-01
-1.186971875711809066e+00 -2.564533229780990298e-01
-1.197303033097985914e+00 -2.619453015212295233e-01
-1.207977421073080038e+00 -2.679164998489145244e-01
