2.144911330987226972e+00 7.765861174730879224e-01
1.769209172746352365e+00 8.280548579827020639e-01
1.445467004381726817e+00 8.714711355057216391e-01
1.169917687306409437e+00 9.074045173436845468e-01
9.387940829334611159e-01 9.364245707981285749e-01
7.483290526759441841e-01 9.591008631705933984e-01
5.947554579469198632e-01 9.760029617626164722e-01
4.743061601594486532e-01 9.877004338757369162e-01
3.832140207265917753e-01 9.947628468114926292e-01
3.177119010614107841e-01 9.977597678714225093e-01
2.740326625769663460e-01 9.972607643570646774e-01
2.484091666863200432e-01 9.938354035699578093e-01
2.370742748025328195e-01 9.880532528116405810e-01
2.362608483386657021e-01 9.804838793836502253e-01
2.422017487077801068e-01 9.716968505875267503e-01
2.511299056123541540e-01 9.622617234546795295e-01
2.600022688212577093e-01 9.526391687626765137e-01
2.682867178607304948e-01 9.429122355246704057e-01
2.759950904734596033e-01 9.330821662194579424e-01
2.831392244021322391e-01 9.231502033258359718e-01
2.897309573894354950e-01 9.131175893226012308e-01
2.957821271780565753e-01 9.029855666885500121e-01
3.013045715106824618e-01 8.927553779024787195e-01
3.063101281300004142e-01 8.824282654431846451e-01
3.108106347786975254e-01 8.720054717894639706e-01
3.148179291994610551e-01 8.614882394201137661e-01
3.183438491349779298e-01 8.508778108139298801e-01
3.214002323279354645e-01 8.401754284497097158e-01
3.239989165210207522e-01 8.293823348062494549e-01
3.261517394569207196e-01 8.184997723623459454e-01
3.278705388783228480e-01 8.075289835967959240e-01
3.291671525279141197e-01 7.964712109883956836e-01
3.300534181483815721e-01 7.853276970159421833e-01
3.305411734824124648e-01 7.740996841582317156e-01
3.306422562726939463e-01 7.627884148940610176e-01
3.303685042619131096e-01 7.513951317022270482e-01
3.297317551927569368e-01 7.399210770615261001e-01
3.287438468079129650e-01 7.283674934507552434e-01
3.274166168500677321e-01 7.167356233487098827e-01
3.257619030619091638e-01 7.050267092341885311e-01
3.237915431861235760e-01 6.932419935859860383e-01
3.215173749653988389e-01 6.813827188829005843e-01
3.189512361424214348e-01 6.694501276037275739e-01
3.161049644598790120e-01 6.574454622272641879e-01
3.129903976604584415e-01 6.453699652323069413e-01
3.096193734868469272e-01 6.332248790976524599e-01
3.060037296817315067e-01 6.210114463020975917e-01
3.021553039877994395e-01 6.087309093244385183e-01
2.980859341477378188e-01 5.963845106434724208e-01
2.938074579042337375e-01 5.839734927379954810e-01
2.893317129999744552e-01 5.714990980868044357e-01
2.846705371776470650e-01 5.589625691686961328e-01
2.798357681799386043e-01 5.463651484624670873e-01
2.748392437495362772e-01 5.337080784469139250e-01
2.696928016291272878e-01 5.209926016008332716e-01
2.644082795613987291e-01 5.082199604030217532e-01
2.589975152890376386e-01 4.953913973322758846e-01
2.534723465547312760e-01 4.825081548673925691e-01
2.478446111011668174e-01 4.695714754871683771e-01
2.421261466710313004e-01 4.565826016703996015e-01
2.363287910070117626e-01 4.435427758958831457e-01
2.304643818517954912e-01 4.304532406424156910e-01
2.245447569480695238e-01 4.173152383887936967e-01
2.185817540385211200e-01 4.041300116138139553e-01
2.125872108658373727e-01 3.908988027962731482e-01
2.065729651727054861e-01 3.776228544149676236e-01
2.005508547018124144e-01 3.643034089486942850e-01
1.945327171958453338e-01 3.509417088762495363e-01
1.885303903974915041e-01 3.375389966764302807e-01
1.825557120494380459e-01 3.240965148280330332e-01
1.766205198943719135e-01 3.106155058098541422e-01
1.707366516749805330e-01 2.970972121006909550e-01
1.649159451339508309e-01 2.835428761793393759e-01
1.591702380139699557e-01 2.699537405245963084e-01
1.535113680577251394e-01 2.563310476152584338e-01
1.479511730079034193e-01 2.426760399301223781e-01
1.425014906071919996e-01 2.289899599479845449e-01
1.371741585982780287e-01 2.152740501476418933e-01
1.319810147238485443e-01 2.015295530078909103e-01
1.269338967265908058e-01 1.877577110075282774e-01
1.220446423491918370e-01 1.739597666253504260e-01
1.173250893343387863e-01 1.601369623401543152e-01
1.127870754247188856e-01 1.462905406307362932e-01
1.084424383630192834e-01 1.324217439758932358e-01
1.043030158919270867e-01 1.185318148544216993e-01
1.003806457541292912e-01 1.046219957451181293e-01
9.668716569231308733e-02 9.069352912677930423e-02
9.323441344916577611e-02 7.674765747820182227e-02
9.003422676737427022e-02 6.278562327818230926e-02
8.709844338962589860e-02 4.880866900551752985e-02
8.443890105860775430e-02 3.481803713900397806e-02
8.206743751700688871e-02 2.081497015743834916e-02
7.999589050751047814e-02 6.800710539617154521e-03
7.823609777280567112e-02 -7.223499235662800451e-03
7.679989705557957458e-02 -2.125641668960494973e-02
7.569912609851942031e-02 -3.529679934341266312e-02
7.494562264431219034e-02 -4.934340471828922714e-02
7.455122443564519974e-02 -6.339499033543823103e-02
7.452776921520543052e-02 -7.745031371606288240e-02
7.488709472568005898e-02 -9.150813238136661087e-02
7.564103870975628918e-02 -1.055672038525528461e-01
7.680143891012117252e-02 -1.196262856508246847e-01
7.838013306946187142e-02 -1.336841352973857922e-01
8.038895893046571484e-02 -1.477395103134392651e-01
8.283975423581951825e-02 -1.617911682201888246e-01
8.574435672821051346e-02 -1.758378665388375672e-01
8.911460415032582127e-02 -1.898783627905888671e-01
9.296233424485293717e-02 -2.039114144966461539e-01
9.729938475447842683e-02 -2.179357791782128295e-01
1.021375934218898412e-01 -2.319502143564922403e-01
1.074887979897740237e-01 -2.459534775526876493e-01
1.133648362008183863e-01 -2.599443262880026251e-01
1.197775457977098973e-01 -2.739215180836404029e-01
1.267387645231359272e-01 -2.878838104608043569e-01
1.342603301197830834e-01 -3.018299609406978612e-01
1.423540803303390279e-01 -3.157587270445242345e-01
1.510318528974905206e-01 -3.296688662934866842e-01
1.603054855639251541e-01 -3.435591362087890843e-01
1.701868160723295498e-01 -3.574282943116345312e-01
1.806876821653914111e-01 -3.712750981232263436e-01
1.918199215857974982e-01 -3.850983051647679511e-01
2.035953720762346819e-01 -3.988966729574626169e-01
2.160258713793909158e-01 -4.126689590225138815e-01
2.291232572379524879e-01 -4.264139208811249526e-01
2.428993673946069909e-01 -4.401303160544993154e-01
2.573660395920414068e-01 -4.538169020638401774e-01
2.725351115729429674e-01 -4.674724364303510793e-01
2.884184210799988768e-01 -4.810956766752353397e-01
3.050278058558961725e-01 -4.946853803196963328e-01
3.223751036433216699e-01 -5.082403048849373217e-01
3.404721521849630728e-01 -5.217592078921617915e-01
3.593307892235073631e-01 -5.352408468625730054e-01
3.789628525016414673e-01 -5.486839793173744484e-01
3.993801797620525895e-01 -5.620873627777693837e-01
4.205946087474278783e-01 -5.754497547649612965e-01
4.426179772004545931e-01 -5.887699128001535609e-01
4.654621228638199382e-01 -6.020465944045494400e-01
4.891388834802105068e-01 -6.152785570993521969e-01
5.136600967923141692e-01 -6.284645584057654277e-01
5.390376005428174633e-01 -6.416033558449923957e-01
5.652832324744079262e-01 -6.546937069382364749e-01
5.924088303297717628e-01 -6.677343692067007064e-01
6.204262318515976204e-01 -6.807241001715891304e-01
6.493472747825718150e-01 -6.936616573541047881e-01
6.791837968653817725e-01 -7.065457982754510535e-01
7.099476358427142531e-01 -7.193752804568313008e-01
7.416506294572565716e-01 -7.321488614194487932e-01
7.743046154516960433e-01 -7.448652986845071267e-01
8.079214315687195391e-01 -7.575233497732094534e-01
8.425129155510142631e-01 -7.701217722067591476e-01
8.780909051412673083e-01 -7.826593235063595833e-01
9.146672380821659898e-01 -7.951347611932143566e-01
9.522537521163970675e-01 -8.075468427885263978e-01
9.908622849866483007e-01 -8.198943258134996359e-01
1.030504674435606116e+00 -8.321759677893367790e-01
1.071192758205958384e+00 -8.443905262372418674e-01
1.112850627517349089e+00 -8.565516551647656129e-01
1.153721077116023785e+00 -8.689584376664949428e-01
1.190533857515218230e+00 -8.821668222030629725e-01
1.220255612095728415e+00 -8.966921180060637431e-01
1.242178605452769924e+00 -9.126514413236928025e-01
1.256710494502400133e+00 -9.299709308738677294e-01
1.264265966785395712e+00 -9.485755215905810056e-01
1.265259709842534885e+00 -9.683901484078264454e-01
1.260106411214592992e+00 -9.893397462595953096e-01
1.249220758442348478e+00 -1.011349250079881967e+00
1.233017439066577348e+00 -1.034343594802678679e+00
1.211911140628058048e+00 -1.058247715361977592e+00
1.186316550667566139e+00 -1.082986546691772523e+00
1.156648356725879401e+00 -1.108485023726056395e+00
1.123321246343774060e+00 -1.134668081398821471e+00
1.086749907062027676e+00 -1.161460654644060231e+00
1.047349026421417584e+00 -1.188787678395766712e+00
1.005533291962720455e+00 -1.216574087587933173e+00
9.617173912267135139e-01 -1.244744817154552541e+00
9.163160117541732097e-01 -1.273224802029617297e+00
8.697438410858767677e-01 -1.301938977147120147e+00
8.224155667626019683e-01 -1.330812277441054903e+00
7.747458763251249270e-01 -1.359769637845413603e+00
7.271494573142229800e-01 -1.388735993294189175e+00
6.800409972706734640e-01 -1.417636278721374987e+00
6.338351837352527163e-01 -1.446395429060962634e+00
5.889467042487380732e-01 -1.474938379246946374e+00
5.457902463519067604e-01 -1.503190064213318689e+00
5.047804975855356702e-01 -1.531075418894072060e+00
4.663321454904018060e-01 -1.558519378223199636e+00
4.308598776072821157e-01 -1.585446877134693899e+00
3.987783814769538249e-01 -1.611782850562547997e+00
3.705023446401936593e-01 -1.637452233440754634e+00
3.464464546377787890e-01 -1.662379960703306736e+00
3.270253990104863839e-01 -1.686490967284197229e+00
3.126538652990932254e-01 -1.709710188117418816e+00
3.037465410443764835e-01 -1.731962558136963981e+00
3.007181137871128840e-01 -1.753173012276826093e+00
3.039832710680796524e-01 -1.773266485470998521e+00
3.139567004280538476e-01 -1.792167912653473083e+00
3.310530894078124731e-01 -1.809802228758243148e+00
3.556871255481324212e-01 -1.826094368719300975e+00
3.882734963897909730e-01 -1.840969267470640380e+00
4.292268894735649098e-01 -1.854351859946253400e+00
4.789619923402314017e-01 -1.866167081080133183e+00
