1.578726841214215387e-02 -2.517354750622067261e-01
-1.183564977716489303e-01 -1.461246336922664424e-01
-2.030169751603414230e-01 -6.246042386284798853e-02
-2.402130127464117970e-01 3.209150905156476705e-03
-2.319634595223366014e-01 5.483608709085479455e-02
-1.802871644805922324e-01 9.637238117335461540e-02
-8.720297661365530861e-02 1.317700296317637632e-01
4.527025508599785003e-02 1.649810289451900946e-01
2.151136816258903961e-01 1.999573755927412100e-01
4.203084540135460512e-01 2.406510660535249868e-01
6.588357232564885368e-01 2.910140968066492473e-01
9.286766403622407351e-01 3.549984643312216748e-01
1.227812356338326749e+00 4.365561651063500359e-01
1.554224022192270516e+00 5.396391956111423749e-01
1.905798589461564330e+00 6.681633704307590182e-01
2.129658552771798163e+00 7.679534159827126061e-01
1.982275660564357889e+00 7.446180897161461809e-01
1.595335155176374142e+00 6.417258349231763637e-01
1.126212491194251264e+00 5.123767425272999221e-01
7.144452584074567625e-01 4.037668303422066174e-01
3.914685901524749823e-01 3.273117796046604022e-01
1.482083223221440649e-01 2.810192848637316776e-01
-2.448108074064878417e-02 2.628734177263029603e-01
-1.357451546930140973e-01 2.708582497992566562e-01
-1.947294351920633437e-01 3.029578526894752266e-01
-2.105794578949080620e-01 3.571562980038412993e-01
-1.924330911814305378e-01 4.314311037141663197e-01
-1.484473250335841821e-01 5.229213781616988133e-01
-8.484486675101873820e-02 6.271128940321165635e-01
-7.622046537846994749e-03 7.392979273070835466e-01
7.722480540181943243e-02 8.547687539682649049e-01
1.636993588638678276e-01 9.688176499973245592e-01
2.458052836441859401e-01 1.076736891375927208e+00
3.175462495386611739e-01 1.173818754085736327e+00
3.729259263431813354e-01 1.255355514108416948e+00
4.060425934156373096e-01 1.316716610625079609e+00
4.149340541476690403e-01 1.356484543656614861e+00
4.029123814577298401e-01 1.377543487418527279e+00
3.736583516313242148e-01 1.383078329192169331e+00
3.308527409539571140e-01 1.376273956258893261e+00
2.781763257111334320e-01 1.360315255900051756e+00
2.193098821883579796e-01 1.338387115396996618e+00
1.579341866711359843e-01 1.313674422031081424e+00
9.734840178044741610e-02 1.289034544266552063e+00
3.844945697666697637e-02 1.265263140947922693e+00
-1.879810609624281079e-02 1.242355651789462057e+00
-7.443180542786224929e-02 1.220305748830947445e+00
-1.284891590077720247e-01 1.199107104112152600e+00
-1.810076848255517956e-01 1.178753389672853702e+00
-2.320249008707830074e-01 1.159238277552826046e+00
-2.815783251330454817e-01 1.140555439791845149e+00
-3.297054756019199839e-01 1.122698548429686305e+00
-3.764438702669867243e-01 1.105661275506125030e+00
-4.218310271178261073e-01 1.089437293060936618e+00
-4.659044641440186485e-01 1.074020273133896364e+00
-5.087016993351445304e-01 1.059403887764779784e+00
-5.502602506807846572e-01 1.045581808993362616e+00
-5.906176361705191002e-01 1.032547708859419933e+00
-6.298113737939277090e-01 1.020295259402727028e+00
-6.678789815405923314e-01 1.008818132663059641e+00
-7.048579774000924836e-01 9.981100006801928437e-01
-7.407858793620084592e-01 9.881645354939023740e-01
-7.757002054159211069e-01 9.789754091439631933e-01
-8.096384735514107200e-01 9.705362936701513732e-01
-8.426382017580575923e-01 9.628408611122417637e-01
-8.747369080254422391e-01 9.558827835100099923e-01
-9.059721103431450651e-01 9.496557329032312422e-01
-9.363813267007466967e-01 9.441533813316814738e-01
-9.660020750878269835e-01 9.393694008351355373e-01
-9.948718734939672181e-01 9.352974634533693932e-01
-1.023028239908746917e+00 9.319312412261576695e-01
-1.050508692321746818e+00 9.292644061932765487e-01
-1.077350748722547769e+00 9.272906303945008810e-01
-1.103591927100729952e+00 9.260035858696066269e-01
-1.129269745445873552e+00 9.253969446583684144e-01
-1.154421721747559193e+00 9.254643788005624261e-01
-1.179085373995367281e+00 9.261995603359636231e-01
-1.203298220178877997e+00 9.275961613043476328e-01
-1.227097778287672414e+00 9.296478537454897495e-01
-1.250521566311330046e+00 9.323483096991654895e-01
-1.273607102239432409e+00 9.356912012051503691e-01
-1.296391904061558797e+00 9.396702003032193495e-01
-1.318913489767290503e+00 9.442789790331483912e-01
-1.341209377346207265e+00 9.495112094347123444e-01
-1.363317084787889710e+00 9.553605635476869473e-01
-1.385274130081918686e+00 9.618207134118474944e-01
-1.407118031217874154e+00 9.688853310669696128e-01
-1.428886306185336963e+00 9.765480885528285970e-01
-1.450616472973887294e+00 9.848026579091999633e-01
-1.472346049573105331e+00 9.936427111758586728e-01
-1.494112553972571700e+00 1.003061920392580797e+00
-1.515953504161867249e+00 1.013053957599141297e+00
-1.537906418130571495e+00 1.023612494835315356e+00
-1.560008813868265953e+00 1.034731204140879379e+00
-1.582298209364529695e+00 1.046403757555607328e+00
-1.604812122608944458e+00 1.058623827119276051e+00
-1.627588071591089536e+00 1.071385084871659954e+00
-1.650663574300546221e+00 1.084681202852534776e+00
-1.674076148726895141e+00 1.098505853101676033e+00
-1.697863312859715368e+00 1.112852707658859019e+00
-1.722062584688589082e+00 1.127715438563859474e+00
-1.746711482203094912e+00 1.143087717856452024e+00
-1.771847523392815038e+00 1.158963217576413074e+00
-1.797508226247328311e+00 1.175335609763517253e+00
-1.823670321928136273e+00 1.192185139690199902e+00
-1.850053216620253238e+00 1.209435213956782773e+00
-1.876308236593811296e+00 1.226994201478506019e+00
-1.902086707685300526e+00 1.244770471074827523e+00
-1.927039955731212562e+00 1.262672391565204499e+00
-1.950819306568036593e+00 1.280608331769093722e+00
-1.973076086032263587e+00 1.298486660505953072e+00
-1.993461619960384290e+00 1.316215746595239544e+00
-2.011627234188889002e+00 1.333703958856410132e+00
-2.027224254554267802e+00 1.350859666108921830e+00
-2.039904006893011879e+00 1.367591237172232743e+00
-2.049317817041611089e+00 1.383807040865799420e+00
-2.055133413759842931e+00 1.399418773033204610e+00
-2.057276687581480079e+00 1.414390492772765073e+00
-2.055878978843750371e+00 1.428727930806858559e+00
-2.051077315736194340e+00 1.442437971531603802e+00
-2.043008726448349410e+00 1.455527499343120201e+00
-2.031810239169753896e+00 1.468003398637524493e+00
-2.017618882089947885e+00 1.479872553810936964e+00
-2.000571683398469247e+00 1.491141849259475904e+00
-1.980805671284857183e+00 1.501818169379258938e+00
-1.958457873938649341e+00 1.511908398566405465e+00
-1.933665319549386252e+00 1.521419421217034218e+00
-1.906565036306605343e+00 1.530358121727263487e+00
-1.877294052399845814e+00 1.538731384493211785e+00
-1.845989396018646422e+00 1.546546093910998065e+00
-1.812788095352545703e+00 1.553809134376740619e+00
-1.777827178591083079e+00 1.560527390286558180e+00
-1.741243673923796198e+00 1.566707746036568816e+00
-1.703174609540224704e+00 1.572357086022891925e+00
-1.663757013629907133e+00 1.577482294641645799e+00
-1.623127914382381798e+00 1.582090256288948504e+00
-1.581424339987188565e+00 1.586187855360919663e+00
-1.538783318633865527e+00 1.589781976253677787e+00
-1.495341878511950551e+00 1.592879503363340055e+00
-1.451237047810984171e+00 1.595487321086026755e+00
-1.406605854720503368e+00 1.597612313817855068e+00
-1.361585327430049119e+00 1.599261365954944836e+00
-1.316312494129158184e+00 1.600441361893414349e+00
-1.270924383007369540e+00 1.601159186029381232e+00
-1.225558022254222168e+00 1.601421722758965327e+00
-1.180350440059255490e+00 1.601235856478284481e+00
-1.135438664612007376e+00 1.600608471583457648e+00
-1.090959724102017026e+00 1.599546452470603120e+00
-1.047050646718822975e+00 1.598056683535839628e+00
-1.003848460651964647e+00 1.596146049175286352e+00
-9.614901940909801326e-01 1.593821433785060471e+00
-9.201128752254080778e-01 1.591089721761282272e+00
-8.798535322447877949e-01 1.587957797500069379e+00
-8.408491933386577077e-01 1.584432545397540304e+00
-8.032368866965566845e-01 1.580520849849814002e+00
-7.671536405080233711e-01 1.576229595253008986e+00
-7.327364829625965248e-01 1.571565666003243766e+00
-7.001224422498150135e-01 1.566535946496636633e+00
-6.694485465592173723e-01 1.561147321129306986e+00
-6.408518240803429133e-01 1.555406674297373115e+00
-6.144693030027296166e-01 1.549320890396953310e+00
-5.904380115159166831e-01 1.542896853824166081e+00
-5.688949778094429810e-01 1.536141448975130830e+00
-5.499772300728470453e-01 1.529061560245965179e+00
-5.338217964956675221e-01 1.521664072032788306e+00
-5.205635932419134804e-01 1.513955977096243632e+00
-5.102018496254104862e-01 1.505951230064092261e+00
-5.025201566001896714e-01 1.497674849610496350e+00
-4.972829190976210678e-01 1.489152838812599633e+00
-4.942545420490754848e-01 1.480411200747549172e+00
-4.931994303859233986e-01 1.471475938492489588e+00
-4.938819890395352297e-01 1.462373055124567056e+00
-4.960666229412815653e-01 1.453128553720927085e+00
-4.995177370225327707e-01 1.443768437358714518e+00
-5.039997362146595439e-01 1.434318709115076196e+00
-5.092770254490321946e-01 1.424805372067156517e+00
-5.151140096570211435e-01 1.415254429292101435e+00
-5.212750937699972553e-01 1.405691883867056902e+00
-5.275246827193307286e-01 1.396143738869168205e+00
-5.336271814363920951e-01 1.386635997375581075e+00
-5.393469948525517754e-01 1.377194662463440578e+00
-5.444485278991805233e-01 1.367845737209892887e+00
-5.486961855076484262e-01 1.358615224692083068e+00
-5.518543726093264601e-01 1.349529127987157073e+00
-5.536874941355847124e-01 1.340613450172260190e+00
-5.539599550177938259e-01 1.331894194324538150e+00
-5.524361601873243321e-01 1.323397363521136461e+00
-5.488805145755466519e-01 1.315148960839201076e+00
-5.430574231138314278e-01 1.307174989355876837e+00
-5.347312907335489696e-01 1.299501452148309699e+00
-5.236665223660696977e-01 1.292154352293645170e+00
-5.096275229427645881e-01 1.285159692869029424e+00
-4.923786973950039503e-01 1.278543476951606861e+00
-4.716844506541578164e-01 1.272331707618524099e+00
-4.473091876515970511e-01 1.266550387946925982e+00
-4.190173133186920751e-01 1.261225521013958462e+00
-3.865732325868134200e-01 1.256383109896767047e+00
-3.497413503873315066e-01 1.252049157672497248e+00
-3.082860716516168109e-01 1.248249667418294351e+00
-2.619718013110400312e-01 1.245010642211304752e+00
-2.105629442969714493e-01 1.242358085128673295e+00
