6.041783527462945003e-01 -6.195489976150828637e-01
5.484483771892152415e-01 -5.910358019213360903e-01
5.036596716945659358e-01 -5.723468674600639128e-01
4.690531377118406509e-01 -5.627343964240507646e-01
4.438696766905322333e-01 -5.614505910060804128e-01
4.273501900801348063e-01 -5.677476533989372909e-01
4.187355793301412721e-01 -5.808777857954051660e-01
4.172667458900454207e-01 -6.000931903882680274e-01
4.221845912093407649e-01 -6.246460693703103084e-01
4.327300167375209283e-01 -6.537886249343161094e-01
4.481439239240793126e-01 -6.867730592730694195e-01
4.676672142185094305e-01 -7.228515745793543390e-01
4.905407890703044060e-01 -7.612763730459544131e-01
5.160055499289584180e-01 -8.012996568656546303e-01
5.433023982439645350e-01 -8.421736282312386468e-01
5.716722354648162696e-01 -8.831504893354904517e-01
6.003559630410072456e-01 -9.234824423711941455e-01
6.285944824220310867e-01 -9.624216895311341613e-01
6.556286950573811945e-01 -9.992204330080944885e-01
6.806995023965509706e-01 -1.033130874994858894e+00
7.030478058890338167e-01 -1.063405217684211701e+00
7.219145069843236895e-01 -1.089295663268936787e+00
7.365405071319137686e-01 -1.110054413941818918e+00
7.461667077812972337e-01 -1.124933671895640863e+00
7.500340103819683746e-01 -1.133185639323188276e+00
7.473833163834200377e-01 -1.134062518417243925e+00
7.374555272351459578e-01 -1.126816511370592799e+00
7.194915443866397586e-01 -1.110699820376018554e+00
6.928091398327775874e-01 -1.085051701248315403e+00
6.580534309143724059e-01 -1.050714589198837867e+00
6.169902504141497879e-01 -1.009800096572719630e+00
5.714206043878786723e-01 -9.644596684078525772e-01
5.231454988913269988e-01 -9.168447497421270409e-01
4.739659399802631512e-01 -8.691067856134336855e-01
4.256829337104550137e-01 -8.233972210596632868e-01
3.800974861376714142e-01 -7.818675011187068424e-01
3.390099232329093493e-01 -7.466682498133125900e-01
3.036998628338489215e-01 -7.193214794392616129e-01
2.739978078674101813e-01 -6.995997949596262089e-01
2.494841808148176854e-01 -6.869738980431164821e-01
2.297394041572959067e-01 -6.809144903584437580e-01
2.143439003760692352e-01 -6.808922735743179189e-01
2.028780919523622273e-01 -6.863779493594494019e-01
1.949224013673992451e-01 -6.968422193825493105e-01
1.900572511024047617e-01 -7.117557853123278599e-01
1.878630636386031949e-01 -7.305893488174951544e-01
1.879202614572190733e-01 -7.528136115667622974e-01
1.898092670394767867e-01 -7.778992752288392820e-01
1.931105028666008638e-01 -8.053170414724369897e-01
1.974043914198156946e-01 -8.345376119662657466e-01
2.022713551803457244e-01 -8.650316883790362121e-01
2.072918166294154818e-01 -8.962699723794588236e-01
2.120508091746091117e-01 -9.277285525919959364e-01
2.163117441379583672e-01 -9.590919169642241338e-01
2.200692489418095421e-01 -9.903146837395441215e-01
2.233333530639478592e-01 -1.021369465417753863e+00
2.261140859821588189e-01 -1.052228874498651212e+00
2.284214771742276440e-01 -1.082865523482033687e+00
2.302655561179396959e-01 -1.113252024867699363e+00
2.316563522910803363e-01 -1.143360991155446316e+00
2.326038951714348157e-01 -1.173165034845072174e+00
2.331182142367885790e-01 -1.202636768436374348e+00
2.332093389649268211e-01 -1.231748804429151134e+00
2.328872988336350702e-01 -1.260473755323200384e+00
2.321621233206984103e-01 -1.288784233618319508e+00
2.310438419039022862e-01 -1.316652851814306358e+00
2.295424840610320039e-01 -1.344052222410958564e+00
2.276680792698729527e-01 -1.370954957908074867e+00
2.254306570082104388e-01 -1.397333670805452455e+00
2.228402467538296572e-01 -1.423160973602888513e+00
2.199068779845162191e-01 -1.448409478800182448e+00
2.166405801780551810e-01 -1.473051798897129894e+00
2.130513828122320430e-01 -1.497060546393530700e+00
2.091493153648320280e-01 -1.520408333789181610e+00
2.049444073136404698e-01 -1.543067773583880253e+00
2.004466881364427855e-01 -1.565011478277425150e+00
1.956661873110242811e-01 -1.586212060369613930e+00
1.906129343151701239e-01 -1.606642132360244224e+00
1.852969586266658975e-01 -1.626274306749113885e+00
1.797282897232967414e-01 -1.645081196036020321e+00
1.739169570828481282e-01 -1.663035412720762274e+00
1.678729901831051974e-01 -1.680109569303136485e+00
1.616064185018535326e-01 -1.696276278282941918e+00
1.551272715168782457e-01 -1.711508152159975316e+00
1.484455787059648368e-01 -1.725777803434034752e+00
1.415713695468984179e-01 -1.739057844604918301e+00
1.345146735174644614e-01 -1.751320888172423818e+00
1.272855200954482735e-01 -1.762539546636348931e+00
1.198939387586352018e-01 -1.772686432496491493e+00
1.123499589848105940e-01 -1.781734158252649580e+00
1.046636102517596589e-01 -1.789655336404620378e+00
9.684492203726779991e-02 -1.796422579452201518e+00
8.890392381912044784e-02 -1.802008499895192628e+00
8.085033011426696892e-02 -1.806389225770682172e+00
7.269043143562763098e-02 -1.809579103244774778e+00
6.442841700760292001e-02 -1.811615932695381792e+00
5.606844557053674433e-02 -1.812537854758078604e+00
4.761467586477262370e-02 -1.812383010068440603e+00
3.907126663065451505e-02 -1.811189539262044734e+00
3.044237660852614283e-02 -1.808995582974465499e+00
2.173216453873131823e-02 -1.805839281841279620e+00
1.294478916161380562e-02 -1.801758776498061820e+00
4.084409217517382361e-03 -1.796792207580387490e+00
-4.844816553214109124e-03 -1.790977715723833796e+00
-1.383872941023698427e-02 -1.784353441563975240e+00
-2.289317061320737118e-02 -1.776957525736387877e+00
-3.200398142178157573e-02 -1.768828108876647542e+00
-4.116700309561573123e-02 -1.760003331620330069e+00
-5.037807689436613751e-02 -1.750521334603010182e+00
-5.963304407768890703e-02 -1.740420258460264824e+00
-6.892774590524033962e-02 -1.729738243827668720e+00
-7.825802363667662409e-02 -1.718513431340797926e+00
-8.761971853165402557e-02 -1.706783961635228719e+00
-9.700867184982865654e-02 -1.694587975346535158e+00
-1.064207248508568376e-01 -1.681963613110294631e+00
-1.158517187943947924e-01 -1.668949015562082083e+00
-1.252974949400984250e-01 -1.655582323337473571e+00
-1.347538945476244587e-01 -1.641901677072044263e+00
-1.442167588766288255e-01 -1.627945217401369549e+00
-1.536819291867678738e-01 -1.613751084961025928e+00
-1.631452467376977022e-01 -1.599357420386589013e+00
-1.726025527890746314e-01 -1.584802364313634193e+00
-1.820496886005547044e-01 -1.570124057377736859e+00
-1.914824954317943251e-01 -1.555360640214473733e+00
-2.008968145424495921e-01 -1.540550253459419094e+00
-2.102884871921768262e-01 -1.525731037748150110e+00
-2.196533546406322368e-01 -1.510941133716241502e+00
-2.289872581474719226e-01 -1.496218681999268885e+00
-2.382860389723521766e-01 -1.481601823232808313e+00
-2.475455383749291804e-01 -1.467128698052435620e+00
-2.567615976148591717e-01 -1.452837447093726198e+00
-2.659300579517984708e-01 -1.438766210992255878e+00
-2.750467606454031766e-01 -1.424953130383600053e+00
-2.841075469553295263e-01 -1.411436345903334777e+00
-2.931082581412337573e-01 -1.398253998187035663e+00
-3.020447354627721070e-01 -1.385444227870278100e+00
-3.109128201796006463e-01 -1.373045175588638145e+00
-3.197083535513758901e-01 -1.361094981977691631e+00
-3.284271768377537981e-01 -1.349631787673013728e+00
-3.370651312983905523e-01 -1.338693733310180267e+00
-3.456180581929426676e-01 -1.328318959524767084e+00
-3.540817987810658818e-01 -1.318545606952350013e+00
-3.624521943224169873e-01 -1.309411816228504222e+00
-3.707250860766518885e-01 -1.300955727988805988e+00
-3.788963153034268228e-01 -1.293215482868830479e+00
-3.869617232623980274e-01 -1.286229221504153752e+00
-3.949171512132217399e-01 -1.280035084530351197e+00
-4.027584404155541420e-01 -1.274671212582998869e+00
-4.104814321290514156e-01 -1.270175746297671715e+00
-4.180819676133699647e-01 -1.266586826309946678e+00
-4.255558881281658046e-01 -1.263942593255398261e+00
-4.328990349330951726e-01 -1.262281187769602742e+00
-4.401072492878143616e-01 -1.261640750488135509e+00
-4.471763724519796090e-01 -1.262059422046572843e+00
-4.541022456852470968e-01 -1.263575343080489688e+00
-4.608807102472730066e-01 -1.266226654225462323e+00
-4.675076073977136870e-01 -1.270051496117065915e+00
-4.739787783962250978e-01 -1.275088009390876298e+00
-4.802900645024637538e-01 -1.281374334682469751e+00
-4.864373069760855595e-01 -1.288948612627420998e+00
-4.924163470767469186e-01 -1.297848983861306094e+00
-4.982230260641041242e-01 -1.308113589019701095e+00
-5.038531851978134135e-01 -1.319780568738181614e+00
-5.093026657375306909e-01 -1.332888063652322597e+00
-5.145673089429124714e-01 -1.347474214397700765e+00
-5.196429560736148812e-01 -1.363577161609891064e+00
-5.245259781492156437e-01 -1.381235431328948327e+00
-5.292458217795213971e-01 -1.400511612345032297e+00
-5.338839565731879899e-01 -1.421506140586103806e+00
-5.385264167560821491e-01 -1.444322772774775165e+00
-5.432592365540708235e-01 -1.469065265633662021e+00
-5.481684501930206288e-01 -1.495837375885378018e+00
-5.533400918987985140e-01 -1.524742860252538135e+00
-5.588601958972713168e-01 -1.555885475457756462e+00
-5.648147964143062083e-01 -1.589368978223648199e+00
-5.712899276757698042e-01 -1.625297125272827437e+00
-5.783716239075290533e-01 -1.663773673327908265e+00
-5.861459193354509045e-01 -1.704902379111505661e+00
-5.946988481854018627e-01 -1.748786999346233939e+00
-6.041164446832492096e-01 -1.795531290754707632e+00
-6.144847430548597833e-01 -1.845239010059541718e+00
-6.258897775261001994e-01 -1.898013913983349621e+00
-6.384175823228374069e-01 -1.953959759248746320e+00
-6.521541916709385767e-01 -2.013180302578347014e+00
-6.671421873893139676e-01 -2.074359490496815450e+00
-6.831638467072924659e-01 -2.127675800286738639e+00
-6.999613861690247019e-01 -2.160714057932337617e+00
-7.180158207357416611e-01 -2.168378771279934725e+00
-7.383274608955641138e-01 -2.150721921444685769e+00
-7.619074014014755036e-01 -2.107902387660891108e+00
-7.897667370064596071e-01 -2.040079049162853764e+00
-8.229165624635004228e-01 -1.947410785184873649e+00
-8.623679725255801731e-01 -1.830056474961256674e+00
-9.091320619456843000e-01 -1.688174997726298976e+00
-9.642199254767960248e-01 -1.521925232714304466e+00
-1.028642657871899457e+00 -1.331466059159575277e+00
-1.103411353883977375e+00 -1.116956356296412878e+00
-1.189537108266013776e+00 -8.785550033591187358e-01
-1.288031015770992660e+00 -6.164208795819950959e-01
-1.399904171151897581e+00 -3.307128641993434259e-01
-1.526167669161711871e+00 -2.158983644546548508e-02
