-9.704996534512253525e-01 3.164657493285883971e-01
-7.643042679071283541e-01 4.629179566681081437e-01
-5.970597499826688637e-01 5.948179398487936087e-01
-4.648591510411740901e-01 7.130917511039249757e-01
-3.637955224459706316e-01 8.186654426667825390e-01
-2.899619155603851417e-01 9.124650667706456497e-01
-2.394513817477447459e-01 9.954166756487947687e-01
-2.083569723713762367e-01 1.068446321534510801e+00
-1.927717387946064065e-01 1.132480056661072876e+00
-1.887887323807620477e-01 1.188443933261761787e+00
-1.925010044931700082e-01 1.237264003569856996e+00
-2.000016411387333104e-01 1.279866315818395606e+00
-2.081379127545192331e-01 1.317089833652024033e+00
-2.164561986255916504e-01 1.349461858509642731e+00
-2.251064521956664954e-01 1.377439997992587761e+00
-2.342386269084598405e-01 1.401481859702196742e+00
-2.440026762076877853e-01 1.422045051239804625e+00
-2.545485535370664576e-01 1.439587180206750139e+00
-2.660262123403116519e-01 1.454565854204368458e+00
-2.785856060611396900e-01 1.467438680833996756e+00
-2.923766881432664499e-01 1.478663267696970873e+00
-3.075494120304081425e-01 1.488697222394629316e+00
-3.242537311662805899e-01 1.497998152528306370e+00
-3.426395989946000031e-01 1.507023665699340320e+00
-3.628569689590824821e-01 1.516231369509067450e+00
-3.850557945034439600e-01 1.526078871558824268e+00
-4.093860290714004257e-01 1.537023779449946836e+00
-4.359976261066681458e-01 1.549523700783772551e+00
-4.650405390529630534e-01 1.564036243161637918e+00
-4.966647213540009709e-01 1.581019014184879445e+00
-5.310201264534982757e-01 1.600929621454833640e+00
-5.682567077951710122e-01 1.624225672572837453e+00
-6.085244188227351136e-01 1.651364775140227614e+00
-6.519732129799066245e-01 1.682804536758340186e+00
-6.987530437104017000e-01 1.719002565028512342e+00
-7.490138644579362737e-01 1.760416467552080144e+00
-8.029056286662261677e-01 1.807503851930380767e+00
-8.605782897789877595e-01 1.860722325764750495e+00
-9.221818012399372044e-01 1.920529496656526280e+00
-9.878661164927903249e-01 1.987382972207044629e+00
-1.057611621236304700e+00 2.061412769166898862e+00
-1.129655673141102490e+00 2.139381518379977809e+00
-1.201210750437447183e+00 2.216071868424919877e+00
-1.269476216643423916e+00 2.286241131341740118e+00
-1.331651435277115603e+00 2.344646619170448698e+00
-1.384935769856606047e+00 2.386045643951057560e+00
-1.426528583899979052e+00 2.405195517723578646e+00
-1.453629240925318644e+00 2.396853552528024789e+00
-1.463571534444922273e+00 2.356037763858118694e+00
-1.456500335549583136e+00 2.283217760340877422e+00
-1.435223907477964023e+00 2.184028333683166956e+00
-1.402655379406699376e+00 2.064307644731053770e+00
-1.361707880512423197e+00 1.929893854330604119e+00
-1.315294539971769261e+00 1.786625123327882259e+00
-1.266328486961371791e+00 1.640339612568955552e+00
-1.217722850657864786e+00 1.496875482899889365e+00
-1.172390760237882912e+00 1.362070895166749729e+00
-1.133244749827514664e+00 1.241762830073022128e+00
-1.102363787451847710e+00 1.140135086323329272e+00
-1.079335771243816744e+00 1.056431012310473649e+00
-1.063285278989357208e+00 9.889750696629754367e-01
-1.053336888474404542e+00 9.360917200093532564e-01
-1.048615177484894190e+00 8.961054249781262859e-01
-1.048244723806761147e+00 8.673406461978131476e-01
-1.051350105225939968e+00 8.481218452969327970e-01
-1.057055899528366760e+00 8.367734839040044115e-01
-1.064486684499976521e+00 8.316200236475465024e-01
-1.072767037926704248e+00 8.309859261560778032e-01
-1.081021537594485382e+00 8.331956530581176024e-01
-1.088374761289254922e+00 8.365736659821846333e-01
-1.093951286796947864e+00 8.394444265567972963e-01
-1.096931317368383896e+00 8.402163319896046589e-01
-1.097233877063950036e+00 8.384126169579909638e-01
-1.095302413355166760e+00 8.343478404512274516e-01
-1.091591534276844078e+00 8.283534020970411138e-01
-1.086555847863791557e+00 8.207607015231584979e-01
-1.080649962150818988e+00 8.119011383573064844e-01
-1.074328485172735714e+00 8.021061122272118427e-01
-1.068046024964351082e+00 7.917070227606013422e-01
-1.062257189560475323e+00 7.810352695852016414e-01
-1.057416586995916896e+00 7.704222523287391766e-01
-1.053978825305486255e+00 7.601993706189416056e-01
-1.052398512523992746e+00 7.506980240835344764e-01
-1.053130256686245714e+00 7.422496123502456689e-01
-1.056628665827054725e+00 7.351855350468011752e-01
-1.063348347981229791e+00 7.298371918009280979e-01
-1.073743911183579813e+00 7.265359822403530954e-01
-1.088269963468914803e+00 7.256133059928028262e-01
-1.107381112872044548e+00 7.274005626860042817e-01
-1.131530315586040558e+00 7.322209584444505648e-01
-1.161045787193654366e+00 7.397789581591504016e-01
-1.196046011565172762e+00 7.487387106753908839e-01
-1.236629370321882693e+00 7.576646532023665337e-01
-1.282894245085070661e+00 7.651212229492715400e-01
-1.334939017476023615e+00 7.696728571252999807e-01
-1.392862069116027834e+00 7.698839929396462667e-01
-1.456761781626369823e+00 7.643190676015048091e-01
-1.526736536628337637e+00 7.515425183200696857e-01
-1.602865285607188328e+00 7.301447746544059703e-01
-1.684313147965777357e+00 6.999387302356000484e-01
-1.768957332693619655e+00 6.624601599971232657e-01
-1.854578030694145063e+00 6.193746232462465917e-01
-1.938955432870784534e+00 5.723476792902418842e-01
-2.019869730126968577e+00 5.230448874363800016e-01
-2.095101113366127699e+00 4.731318069919324132e-01
-2.162429773491693741e+00 4.242739972641709767e-01
-2.219635901407095879e+00 3.781370175603666062e-01
-2.264499688015765066e+00 3.363864271877908263e-01
-2.294801324221132255e+00 3.006877854537149952e-01
-2.308321000926628841e+00 2.727066516654104711e-01
-2.302838909035684445e+00 2.541085851301486676e-01
-2.276173405190239585e+00 2.465371723484331146e-01
-2.228737166687763782e+00 2.501423956437549556e-01
-2.165149594674806277e+00 2.626523392218309549e-01
-2.090414546576846444e+00 2.815737478395070048e-01
-2.009535879819364546e+00 3.044133662536290807e-01
-1.927517451827841288e+00 3.286779392210425477e-01
-1.849363120027752716e+00 3.518742114985944358e-01
-1.779407666740972838e+00 3.718391563179548887e-01
-1.718333525796615024e+00 3.882123987592761560e-01
-1.665583061389000807e+00 4.012456122392367153e-01
-1.620597624220184718e+00 4.111909703934041871e-01
-1.582818564992221289e+00 4.183006468573464143e-01
-1.551687234407165716e+00 4.228268152666310176e-01
-1.526644983167072533e+00 4.250216492568259508e-01
-1.507133161973996938e+00 4.251373224634987236e-01
-1.492593121529993017e+00 4.234260085222172898e-01
-1.482466212537116412e+00 4.201398810685493257e-01
-1.476193785697420768e+00 4.155311137380625075e-01
-1.473217191712962393e+00 4.098518801663248445e-01
-1.472977781285795373e+00 4.033543539889037910e-01
-1.474916905117974020e+00 3.962907088413673562e-01
-1.478475913911553974e+00 3.889131183592831609e-01
-1.483096158368589546e+00 3.814737561782189368e-01
-1.488218989191135266e+00 3.742247959337424712e-01
-1.493285757081246334e+00 3.674184112614214959e-01
-1.497737812740977725e+00 3.613067757968239646e-01
-1.501016506872383971e+00 3.561420631755173316e-01
-1.502563190177520047e+00 3.521764470330696062e-01
-1.501819213358440264e+00 3.496621010050483536e-01
-1.498225927117200040e+00 3.488511987270214165e-01
-1.491224682155854353e+00 3.499959138345565823e-01
-1.480319013070211964e+00 3.533129002966571286e-01
-1.465757150918458818e+00 3.585934387510993360e-01
-1.448278338631392881e+00 3.653483420659327519e-01
-1.428630490579256840e+00 3.730834699514186670e-01
-1.407561521132292048e+00 3.813046821178178170e-01
-1.385819344660741192e+00 3.895178382753918256e-01
-1.364151875534846292e+00 3.972287981344014840e-01
-1.343307028124849367e+00 4.039434214051079719e-01
-1.324032716800992215e+00 4.091675677977725245e-01
-1.307076855933517523e+00 4.124070970226559885e-01
-1.293164699613899682e+00 4.131840324293589162e-01
-1.282554733474764896e+00 4.113533445964645541e-01
-1.275067043364121799e+00 4.070827158779748989e-01
-1.270504735579655486e+00 4.005519401879641950e-01
-1.268670916419051942e+00 3.919408114405071863e-01
-1.269368692179996039e+00 3.814291235496781729e-01
-1.272401169160174206e+00 3.691966704295517876e-01
-1.277571453657271094e+00 3.554232459942021638e-01
-1.284682651968972467e+00 3.402886441577039900e-01
-1.293537870392963640e+00 3.239726588341316771e-01
-1.303940215226930377e+00 3.066550839375598581e-01
-1.315692792768557773e+00 2.885157133820626663e-01
-1.328598709315531812e+00 2.697343410817147347e-01
-1.342461071165537589e+00 2.504907609505905852e-01
-1.357082984616260646e+00 2.309647669027648231e-01
-1.372267555965385855e+00 2.113361528523119148e-01
-1.387817891510600088e+00 1.917847127133058549e-01
-1.403537097549588220e+00 1.724902403998213596e-01
-1.419228280380035567e+00 1.536325298259328953e-01
-1.434694546299627227e+00 1.353913749057149563e-01
-1.449739001606049404e+00 1.179465695532420505e-01
-1.464164752596987196e+00 1.014779076825885751e-01
-1.477774905570126363e+00 8.616518320782902418e-02
-1.490372566823151779e+00 7.218819004303783649e-02
-1.501760842653749206e+00 5.972672210228951312e-02
-1.511742839359604629e+00 4.896057329965852745e-02
-1.520121663238403142e+00 4.006953754921931121e-02
-1.526725819929611427e+00 3.321453515660285211e-02
-1.531589348832926856e+00 2.840375948884693580e-02
-1.534845875213277200e+00 2.557140417539701185e-02
-1.536629678189419090e+00 2.465117698345414485e-02
-1.537075036880112267e+00 2.557678568021938895e-02
-1.536316230404113803e+00 2.828193803289379485e-02
-1.534487537880182551e+00 3.270034180867841672e-02
-1.531723238427076916e+00 3.876570477477428445e-02
-1.528157611163555529e+00 4.641173469838247995e-02
-1.523924935208375908e+00 5.557213934670403310e-02
-1.519159489680296238e+00 6.618062648694000849e-02
-1.513995553698076035e+00 7.817090388629144293e-02
-1.508567406380472375e+00 9.147667931195940794e-02
-1.503009326846244331e+00 1.060316605311446003e-01
-1.497455594214149643e+00 1.217695553110487161e-01
-1.492040487602946941e+00 1.386240714188725354e-01
-1.486898286131394409e+00 1.565289166218170325e-01
-1.482163268918250232e+00 1.754177986870832928e-01
-1.477969715082273039e+00 1.952244253818724296e-01
-1.474451903742221015e+00 2.158825044733854448e-01
-1.471744114016852123e+00 2.373257437288233684e-01
-1.469980625024925436e+00 2.594878509153872859e-01
