1.560664406297158913e-01 1.414703575291597293e+00
-2.865626941623563018e-01 1.128835464562282009e+00
-6.172357527092359186e-01 9.065831821285910141e-01
-8.463609225484739484e-01 7.418130797819724176e-01
-9.843463912176220187e-01 6.283915093138748853e-01
-1.041600346254230702e+00 5.601848225157480821e-01
-1.028530975195851571e+00 5.310593711790402294e-01
-9.555464655800354201e-01 5.348815070951996598e-01
-8.330550049443341543e-01 5.655175820556757049e-01
-6.714647808262986795e-01 6.168339478519169194e-01
-4.811839807634796240e-01 6.826969562753721910e-01
-2.726207922934296146e-01 7.569729591174899630e-01
-5.618340295369804449e-02 8.335283081697192342e-01
1.577199997181628621e-01 9.062293552235086702e-01
3.586812281846019079e-01 9.689424520703069366e-01
5.364219418016091812e-01 1.015611272209392402e+00
6.859267232360283240e-01 1.043313474154796916e+00
8.091440027121508116e-01 1.053273574089000908e+00
9.085006274721385555e-01 1.047000977727592597e+00
9.864234447581538001e-01 1.026005090786160423e+00
1.045339301812358235e+00 9.917953189802919400e-01
1.087675045876913327e+00 9.458810680255753667e-01
1.115857524193982098e+00 8.897717436375989219e-01
1.132313584005725016e+00 8.249767515319503808e-01
1.139470072554304547e+00 7.530054974242180732e-01
1.139753837081882493e+00 6.753673870299893300e-01
1.135591724830620430e+00 5.935718260648527034e-01
1.129410583042680161e+00 5.091282202443960792e-01
1.123637258960224372e+00 4.235459752842075098e-01
1.120698599825413755e+00 3.383344968998756030e-01
1.123021452880410997e+00 2.550031908069873565e-01
1.133032665367377456e+00 1.750614627211312113e-01
1.152694110453870158e+00 9.996371207935643433e-02
1.175938631476132423e+00 3.012554259262253606e-02
1.197945086004195137e+00 -3.470845140358110037e-02
1.218699794279686444e+00 -9.466580083590492301e-02
1.238238492370371757e+00 -1.498724564034840390e-01
1.256596916344017822e+00 -2.004543688054539197e-01
1.273810802268391829e+00 -2.465374887409499671e-01
1.289915886211259632e+00 -2.882477669091073613e-01
1.304947904240387535e+00 -3.257111540090614210e-01
1.318942592423542060e+00 -3.590536007399472984e-01
1.331935686828490173e+00 -3.884010578009003400e-01
1.343962923522997732e+00 -4.138794758910559479e-01
1.355060038574831482e+00 -4.356148057095494686e-01
1.365262768051757947e+00 -4.537329979555161374e-01
1.374606848021543648e+00 -4.683600033280913566e-01
1.383128014551954665e+00 -4.796217725264101395e-01
1.390862003710757300e+00 -4.876442562496077771e-01
1.397844551565718740e+00 -4.925534051968198934e-01
1.404111394184605288e+00 -4.944751700671818351e-01
1.409698267635183022e+00 -4.935355015598284489e-01
1.414640907985218465e+00 -4.898603503738954146e-01
1.418975051302478363e+00 -4.835756672085178565e-01
1.422736433654729016e+00 -4.748074027628312321e-01
1.425960791109736725e+00 -4.636815077359705550e-01
1.428683859735268236e+00 -4.503239328270715047e-01
1.430941375599089849e+00 -4.348606287352689836e-01
1.432769074768967865e+00 -4.174175461596988934e-01
1.434202693312669252e+00 -3.981206357994959699e-01
1.435277967297960311e+00 -3.770958483537954486e-01
1.436030632792606898e+00 -3.544691345217330647e-01
1.436496425864375981e+00 -3.303664450024437760e-01
1.436711082581033860e+00 -3.049137304950630400e-01
1.436710339010347282e+00 -2.782369416987261479e-01
1.436529931220082767e+00 -2.504620293125685015e-01
1.436205595278006175e+00 -2.217149440357251977e-01
1.435773067251884028e+00 -1.921216365673315274e-01
1.435268083209483736e+00 -1.618080576065230591e-01
1.434726379218570269e+00 -1.309001578524347786e-01
1.434183691346911926e+00 -9.952388800420228221e-02
1.433675755662273454e+00 -6.780519876096090248e-02
1.433238308232421820e+00 -3.587004082184561127e-02
1.432907085125124214e+00 -3.844364885991667039e-03
1.432717822408146269e+00 2.814587834746544795e-02
1.432706256149254509e+00 5.997473817939028701e-02
1.432908122416216123e+00 9.151626391064772437e-02
1.433359157276796747e+00 1.226445048421024864e-01
1.434095096798763347e+00 1.532335102746192890e-01
1.435144988152046830e+00 1.831724995374966192e-01
1.436505364111580363e+00 2.124244327030987700e-01
1.438162892114432045e+00 2.409746438521246925e-01
1.440104237370006368e+00 2.688084721174830993e-01
1.442316065087708932e+00 2.959112566320831750e-01
1.444785040476944449e+00 3.222683365288334101e-01
1.447497828747117632e+00 3.478650509406433500e-01
1.450441095107633638e+00 3.726867390004219849e-01
1.453601504767897179e+00 3.967187398410779164e-01
1.456965722937313856e+00 4.199463925955202459e-01
1.460520414825287716e+00 4.423550363966580190e-01
1.464252245641224137e+00 4.639300103774000039e-01
1.468147880594527832e+00 4.846566536706554129e-01
1.472193984894603735e+00 5.045203054093331252e-01
1.476377223750857226e+00 5.235063047263418534e-01
1.480684262372692572e+00 5.415999907545909764e-01
1.485101765969515153e+00 5.587867026269891513e-01
1.489616399750729903e+00 5.750517794764454793e-01
1.494214828925741090e+00 5.903805604358689507e-01
1.498883718703954537e+00 6.047583846381684447e-01
1.503609734294774514e+00 6.181705912162530625e-01
1.508379540907606398e+00 6.306025193030316833e-01
1.513179803751855346e+00 6.420395080314134084e-01
1.517997188036925404e+00 6.524668965343070060e-01
1.522818358972222175e+00 6.618700239446214661e-01
1.527629981767150369e+00 6.702342293952658903e-01
1.532418721631114700e+00 6.775448520191490465e-01
1.537171243773520546e+00 6.837872309491800360e-01
1.541874213403772398e+00 6.889467053182678491e-01
1.546514295731275412e+00 6.930086142593214760e-01
1.551078155965434746e+00 6.959582969052497958e-01
1.555552459315654890e+00 6.977810923889616879e-01
1.559923870991341444e+00 6.984623398433664754e-01
1.564179056201898455e+00 6.979873784013727045e-01
1.568304680156731079e+00 6.963415471958894765e-01
1.572287408065244696e+00 6.935101853598260035e-01
1.576113905136844018e+00 6.894786320260911650e-01
1.579770836580933535e+00 6.842322263275936178e-01
1.583244867606918849e+00 6.777563073972424634e-01
1.586522663424204227e+00 6.700362143679468030e-01
1.589590889242195049e+00 6.610572863726155157e-01
1.592436210270296026e+00 6.508048625441574808e-01
1.595045291717912761e+00 6.392642820154821326e-01
1.597404798794449299e+00 6.264208839194977951e-01
1.599501396709311019e+00 6.122600073891139028e-01
1.601321750671902411e+00 5.967669915572392236e-01
1.602852525891629076e+00 5.799271755567826370e-01
1.604080387577895284e+00 5.617258985206533550e-01
1.604992000940106189e+00 5.421484995817600350e-01
1.605574031187666950e+00 5.211803178730118891e-01
1.605813143529982501e+00 4.988066925273179630e-01
1.605696003176457110e+00 4.750129626775869696e-01
1.605209275336496155e+00 4.497844674567280099e-01
1.604339625219505239e+00 4.231065459976499632e-01
1.603073718034888184e+00 3.949645374332619308e-01
1.601398218992050593e+00 3.653437808964727918e-01
1.599299793300396955e+00 3.342296155201914809e-01
1.596765106169332649e+00 3.016073804373270439e-01
1.593780822808262387e+00 2.674624147807885821e-01
1.590337671453955437e+00 2.317914335698969819e-01
1.586477198682663792e+00 1.947334357924617176e-01
1.582275524135884570e+00 1.565242199967764869e-01
1.577809429554416276e+00 1.174014385130006943e-01
1.573155696679058968e+00 7.760274367129052497e-02
1.568391107250612482e+00 3.736578780180543208e-02
1.563592443009874655e+00 -3.071776765296668939e-03
1.558836485697645768e+00 -4.347229769985724857e-02
1.554200017054724103e+00 -8.359812267171803923e-02
1.549759818821909940e+00 -1.232115993507208046e-01
1.545592672740002227e+00 -1.620750754067071808e-01
1.541775360549799911e+00 -1.999508985095190261e-01
1.538384663992102164e+00 -2.366014163289978656e-01
1.535497364807708598e+00 -2.717889765349855713e-01
1.533190244737418384e+00 -3.052759267973238488e-01
1.531540085522030248e+00 -3.368246147858541262e-01
1.530623668902344026e+00 -3.661973881704186917e-01
1.530517776619158887e+00 -3.931565946208587237e-01
1.531299190413273781e+00 -4.174645818070161774e-01
1.533044692025488098e+00 -4.388836973987327306e-01
1.535831063196601454e+00 -4.571762890658502276e-01
1.539735085667412351e+00 -4.721047044782100688e-01
1.544833541178720626e+00 -4.834312913056542649e-01
1.551203211471325227e+00 -4.909183972180244937e-01
1.558920878286025546e+00 -4.943283698851623775e-01
1.568063323363620087e+00 -4.934235569769094276e-01
1.578706040191002247e+00 -4.879816881894464831e-01
1.590869534785622763e+00 -4.784370553286842465e-01
1.604499906757963279e+00 -4.661123785649236573e-01
1.619537971974776447e+00 -4.523934670952173831e-01
1.635924670200417541e+00 -4.386646905894919790e-01
1.653631043994627570e+00 -4.259606638426492453e-01
1.672697288882168509e+00 -4.145125351830735716e-01
1.693173273572838422e+00 -4.044390632564312527e-01
1.715108866776434260e+00 -3.958590067083886388e-01
1.738553937202752309e+00 -3.888911241846116362e-01
1.763558353561589520e+00 -3.836541743307665953e-01
1.790171984562742846e+00 -3.802669157925196997e-01
1.818444698916009461e+00 -3.788481072155372442e-01
1.848426365331185872e+00 -3.795165072454852462e-01
1.880166852518069254e+00 -3.823908745280300003e-01
1.913716029186455891e+00 -3.875899677088378015e-01
1.949123764046143181e+00 -3.952325454335747223e-01
1.986439925806927853e+00 -4.054373663479069467e-01
2.025714383178606415e+00 -4.183231890975008249e-01
2.066997004870976706e+00 -4.340087723280224852e-01
2.110337659593834569e+00 -4.526128746851381113e-01
2.155786216056976734e+00 -4.742542548145137760e-01
2.203392542970200818e+00 -4.990516713618158851e-01
2.253206509043303551e+00 -5.271238829727106223e-01
2.305277982986081664e+00 -5.585896482928641715e-01
2.359656833508332330e+00 -5.935677259679427165e-01
2.416392929319851390e+00 -6.321768746436122743e-01
2.475536139130436464e+00 -6.745358529655393065e-01
2.537136331649883392e+00 -7.207634195793888310e-01
2.601243375587991125e+00 -7.709783331308290855e-01
2.667907139654555504e+00 -8.252993522655254210e-01
2.737177492559372816e+00 -8.838452356291437439e-01
2.809104303012240678e+00 -9.467347418673506265e-01
2.883737439722955820e+00 -1.014086629625812197e+00
2.961126771401314528e+00 -1.086019657550194362e+00
3.041322166757114864e+00 -1.162652584286163693e+00
3.124373494500152226e+00 -1.244104168479386097e+00
