-1.684227219538357925e-02 8.909753078753392952e-01
-1.633316826382515963e-01 7.722713002142447269e-01
-2.908732072137661939e-01 6.759720416514312102e-01
-4.008794242725196577e-01 6.003532029285646443e-01
-4.947629121651040962e-01 5.436904547873121496e-01
-5.739362492421122841e-01 5.042594679693412907e-01
-6.398120138541358859e-01 4.803359132163179668e-01
-6.938027843517673432e-01 4.701954612699095204e-01
-7.373211390855989311e-01 4.721137828717827389e-01
-7.717796564062231468e-01 4.843665487636046874e-01
-7.985909146642320433e-01 5.052294296870420975e-01
-8.191674922102182288e-01 5.329780963837618124e-01
-8.349219673947732012e-01 5.658882195954307859e-01
-8.472669185684900128e-01 6.022354700637159164e-01
-8.576149240819606057e-01 6.402955185302842134e-01
-8.673785622857772548e-01 6.783440357368020202e-01
-8.779704115305321244e-01 7.146566924249364572e-01
-8.908030501668179335e-01 7.475091593363547560e-01
-9.072890565452266243e-01 7.751771072127237039e-01
-9.288410090163504718e-01 7.959362067957098663e-01
-9.568714859307817511e-01 8.080621288269803637e-01
-9.927930656391127373e-01 8.098305440482018724e-01
-1.038018326491935817e+00 7.995171232010415130e-01
-1.093959846839843264e+00 7.753975370271660728e-01
-1.162029164838499273e+00 7.357486817057159456e-01
-1.239215300478466952e+00 6.840575533127779551e-01
-1.308819051793928878e+00 6.399384109536604415e-01
-1.363173706036138411e+00 6.123840779999372153e-01
-1.403535924273190183e+00 5.998894470915070443e-01
-1.431373888370087943e+00 6.007005665723977872e-01
-1.448155780191834552e+00 6.130634847866364145e-01
-1.455349781603432646e+00 6.352242500782507850e-01
-1.454424074469886197e+00 6.654289107912680912e-01
-1.446846840656197397e+00 7.019235152697159696e-01
-1.434086262027369330e+00 7.429541118576215020e-01
-1.417610520448405742e+00 7.867667488990124358e-01
-1.398887797784309273e+00 8.316074747379158527e-01
-1.379386275900083003e+00 8.757223377183596114e-01
-1.360574136660730238e+00 9.173573861843710153e-01
-1.343919561931253392e+00 9.547586684799773682e-01
-1.330890733576656437e+00 9.861722329492061956e-01
-1.322955833461942010e+00 1.009844127936084801e+00
-1.321583043452112971e+00 1.024020401784640821e+00
-1.328240545412173068e+00 1.026947102838901671e+00
-1.344396521207124717e+00 1.016870279442894542e+00
-1.367828366384457039e+00 9.969114706617092647e-01
-1.391031152221037459e+00 9.770747161496983191e-01
-1.413686267115390027e+00 9.577830592118854458e-01
-1.435792372239675485e+00 9.390385006060797402e-01
-1.457348128766056794e+00 9.208430410900920737e-01
-1.478352197866694473e+00 9.031986814217310977e-01
-1.498803240713751261e+00 8.861074223588075727e-01
-1.518699918479387900e+00 8.695712646591305939e-01
-1.538040892335767129e+00 8.535922090805103668e-01
-1.556824823455049689e+00 8.381722563807562087e-01
-1.575050373009398097e+00 8.233134073176787693e-01
-1.592716202170973983e+00 8.090176626490871437e-01
-1.609820972111938753e+00 7.952870231327914263e-01
-1.626363344004453815e+00 7.821234895266010456e-01
-1.642341979020681686e+00 7.695290625883263180e-01
-1.657755538332783773e+00 7.575057430757765609e-01
-1.672602683112922373e+00 7.460555317467623127e-01
-1.686882074533258224e+00 7.351804293590923356e-01
-1.700592373765953402e+00 7.248824366705771682e-01
-1.713732241983169979e+00 7.151635544390264609e-01
-1.726300340357069363e+00 7.060257834222497531e-01
-1.738295330059813182e+00 6.974711243780571390e-01
-1.749715872263563954e+00 6.895015780642584913e-01
-1.760560628140482198e+00 6.821191452386631271e-01
-1.770828258862730209e+00 6.753258266590811409e-01
-1.780517425602470061e+00 6.691236230833224052e-01
-1.789626789531863382e+00 6.635145352691967924e-01
-1.798155011823071359e+00 6.585005639745138417e-01
-1.806100753648256285e+00 6.540837099570834257e-01
-1.813462676179579791e+00 6.502659739747154166e-01
-1.820239440589203506e+00 6.470493567852195760e-01
-1.826429708049289058e+00 6.444358591464056651e-01
-1.832032139731998521e+00 6.424274818160836675e-01
-1.837045396809493303e+00 6.410262255520630115e-01
-1.841468140453935254e+00 6.402340911121537914e-01
-1.845299031837485781e+00 6.400530792541656577e-01
-1.848536732132307625e+00 6.404851907359085939e-01
-1.851179902510561304e+00 6.415324263151922501e-01
-1.853227204144409335e+00 6.431967867498264990e-01
-1.854677298206013347e+00 6.454802727976209908e-01
-1.855528845867534304e+00 6.483848852163855980e-01
-1.855780508301135168e+00 6.519126247639301930e-01
-1.855430946678976456e+00 6.560654921980645371e-01
-1.854478822173221131e+00 6.608454882765983918e-01
-1.852922795956030155e+00 6.662546137573416294e-01
-1.850761529199565381e+00 6.722948693981039003e-01
-1.847993683075988436e+00 6.789682559566951880e-01
-1.844617918757460950e+00 6.862767741909251429e-01
-1.840632897416145441e+00 6.942224248586036373e-01
-1.836037280224202872e+00 7.028072087175404326e-01
-1.830829728353795316e+00 7.120331265255454012e-01
-1.825008902977084402e+00 7.219021790404280825e-01
-1.818573465266231537e+00 7.324163670199985710e-01
-1.811522076393399461e+00 7.435776912220667390e-01
-1.803853397530748470e+00 7.553881524044420148e-01
-1.795566089850441083e+00 7.678497513249343820e-01
-1.786658814524639372e+00 7.809644887413537129e-01
-1.777130232725504744e+00 7.947343654115098799e-01
-1.766979005625198607e+00 8.091613820932123113e-01
-1.756204262191993326e+00 8.242474859195568770e-01
-1.744815149726717696e+00 8.399934755954922005e-01
-1.732830438720791122e+00 8.563990466939959134e-01
-1.720269288393231122e+00 8.734638502271654392e-01
-1.707150857963056545e+00 8.911875372070983126e-01
-1.693494306649284686e+00 9.095697586458919570e-01
-1.679318793670935728e+00 9.286101655556447954e-01
-1.664642380796730325e+00 9.482980056837293503e-01
-1.649476828016582797e+00 9.685627891534521750e-01
-1.633831650230036736e+00 9.893127437853774797e-01
-1.617716359590668729e+00 1.010456071369709719e+00
-1.601140468252055582e+00 1.031900973696652901e+00
-1.584113489778336881e+00 1.053555656887330993e+00
-1.566649569773457262e+00 1.075342549048951879e+00
-1.548777794819999443e+00 1.097229952331074010e+00
-1.530530258268909094e+00 1.119195400716226807e+00
-1.511939053471131666e+00 1.141216428186939025e+00
-1.493036273777612832e+00 1.163270568725739862e+00
-1.473854012539297820e+00 1.185335356315158295e+00
-1.454424363107131635e+00 1.207388324937722857e+00
-1.434779418832060172e+00 1.229407008575962967e+00
-1.414951273065027770e+00 1.251368941212406938e+00
-1.394972019156980547e+00 1.273251656829584189e+00
-1.374873750458864397e+00 1.295032689410023918e+00
-1.354688560321623658e+00 1.316689572936254438e+00
-1.334448542096204227e+00 1.338199841390804723e+00
-1.314185789133551330e+00 1.359541028756204195e+00
-1.293932394784610418e+00 1.380690669014981609e+00
-1.273720452400326497e+00 1.401626296149665718e+00
-1.253582055331645462e+00 1.422325444142785722e+00
-1.233549296929512318e+00 1.442765646976870153e+00
-1.213654270544872738e+00 1.462924438634448432e+00
-1.193929069528671505e+00 1.482779353098049091e+00
-1.174405787231854070e+00 1.502307924350201329e+00
-1.155116517005366772e+00 1.521487686373434345e+00
-1.136093352200153950e+00 1.540296173150276449e+00
-1.117368386167161054e+00 1.558710918663257061e+00
-1.098973712257334423e+00 1.576709456894904271e+00
-1.080941423821617953e+00 1.594269321827748387e+00
-1.063303614210957759e+00 1.611368047444317719e+00
-1.046092376776299071e+00 1.627983167727141023e+00
-1.029339804868587560e+00 1.644092216658747274e+00
-1.013077991838768011e+00 1.659672728221665450e+00
-9.973390310377863166e-01 1.674702236398424748e+00
-9.821550158165873734e-01 1.689158275171553480e+00
-9.675580395261169642e-01 1.703018378523581289e+00
-9.535801955173202060e-01 1.716260080437036928e+00
-9.402535771411426602e-01 1.728860914894449374e+00
-9.276102777485295547e-01 1.740798415878347161e+00
-9.156823906904262289e-01 1.752050117371259930e+00
-9.045020093177780218e-01 1.762593553355715548e+00
-8.941012269815301616e-01 1.772406257814243880e+00
-8.845121370326283206e-01 1.781465764729373680e+00
-8.757668328220176157e-01 1.789749608083633481e+00
-8.678974077006436083e-01 1.797235321859552926e+00
-8.609359550194516375e-01 1.803900440039660324e+00
-8.549145681293868204e-01 1.809722496606485320e+00
-8.498653403813948293e-01 1.814679025542556223e+00
-8.458203651264205591e-01 1.818747560830401566e+00
-8.428117357154097933e-01 1.821905636452551436e+00
-8.408715454993078708e-01 1.824130786391533698e+00
-8.400318878290601310e-01 1.825400544629878663e+00
-8.403248560556115798e-01 1.825692445150113530e+00
-8.417825435299080006e-01 1.824984021934768608e+00
-8.444370436028947324e-01 1.823252808966372429e+00
-8.483204496255167815e-01 1.820476340227453527e+00
-8.534648549487195979e-01 1.816632149700541099e+00
-8.597768000210882500e-01 1.811836327612413866e+00
-8.665587420197164992e-01 1.806871611537209210e+00
-8.729316856816902170e-01 1.802720984269401638e+00
-8.780166005428139409e-01 1.800367467450499248e+00
-8.809344561388913197e-01 1.800794082722007028e+00
-8.808062220057268910e-01 1.804983851725433075e+00
-8.767528676791243036e-01 1.813919796102283044e+00
-8.681012578379726508e-01 1.828352370690458306e+00
-8.552422479846604197e-01 1.847830210114041583e+00
-8.389093712147498438e-01 1.871514880942388048e+00
-8.198363258048486646e-01 1.898567763166251421e+00
-7.987568100315662889e-01 1.928150236776385862e+00
-7.764045221715107914e-01 1.959423681763544645e+00
-7.535131605012905798e-01 1.991549478118480820e+00
-7.308164232975143948e-01 2.023689005831949217e+00
-7.090480088367904221e-01 2.055003644894702219e+00
-6.889416153957274025e-01 2.084654775297494211e+00
-6.712309412509336326e-01 2.111803777031079132e+00
-6.566496846790177422e-01 2.135612030086209590e+00
-6.459315439565881389e-01 2.155240914453639522e+00
-6.398102173602532305e-01 2.169851810124122871e+00
-6.390194031666216468e-01 2.178606097088413129e+00
-6.442927996523015732e-01 2.180665155337264238e+00
-6.563641050939017507e-01 2.175190364861428804e+00
-6.759670177680305869e-01 2.161343105651661656e+00
-7.038352359512966006e-01 2.138284757698715399e+00
-7.407024579203084214e-01 2.105176700993344863e+00
-7.873023819516743460e-01 2.061180315526302653e+00
-8.443687063220028932e-01 2.005456981288342266e+00
-9.126351293079024707e-01 1.937168078270218086e+00
