-1.790430214343760262e+00 -2.163976358162184310e-01
-1.688604496189527238e+00 -2.365542848531559383e-01
-1.590558170623276091e+00 -2.560312829295126602e-01
-1.496236870189296297e+00 -2.748420819968753759e-01
-1.405586227431879776e+00 -2.930001340068311144e-01
-1.318551874895315112e+00 -3.105188909109667939e-01
-1.235079445123894004e+00 -3.274118046608692767e-01
-1.155114570661906148e+00 -3.436923272081253145e-01
-1.078602884053641908e+00 -3.593739105043222137e-01
-1.005490017843392092e+00 -3.744700065010465595e-01
-9.357216045754468414e-01 -3.889940671498853253e-01
-8.692432767940967420e-01 -4.029595444024254847e-01
-8.060006670436321574e-01 -4.163798902102540112e-01
-7.459394078683434515e-01 -4.292685565249577673e-01
-6.890051318125208768e-01 -4.416389952981235045e-01
-6.351434714204555743e-01 -4.535046584813385295e-01
-5.843000592364369083e-01 -4.648789980261893717e-01
-5.364205278047557979e-01 -4.757754658842631712e-01
-4.914505096697027731e-01 -4.862075140071466794e-01
-4.493356373755680311e-01 -4.961885943464269255e-01
-4.100215434666419911e-01 -5.057321588536908274e-01
-3.734538604872154610e-01 -5.148516594805253588e-01
-3.395782209815781383e-01 -5.235605481785173820e-01
-3.083402574940207752e-01 -5.318722768992536487e-01
-2.796856025688338465e-01 -5.398002975943211323e-01
-2.535598887503075494e-01 -5.473580622153068065e-01
-2.299087485827324973e-01 -5.545590227137977557e-01
-2.086778146103991372e-01 -5.614166310413809535e-01
-1.898127193775977772e-01 -5.679443391496427074e-01
-1.732590954286188090e-01 -5.741555989901705459e-01
-1.589625753077525405e-01 -5.800638625145511096e-01
-1.468687915592893356e-01 -5.856825816743714830e-01
-1.369233767275199187e-01 -5.910252084212184176e-01
-1.290719633567344871e-01 -5.961051947066788870e-01
-1.232601839912233904e-01 -6.009359924823397536e-01
-1.194336711752772007e-01 -6.055310536997881021e-01
-1.175380574531863370e-01 -6.099038303106106840e-01
-1.175189753692409272e-01 -6.140677742663944727e-01
-1.193220574677317236e-01 -6.180363375187263308e-01
-1.228929362929489649e-01 -6.218229720191932319e-01
-1.281772443891830149e-01 -6.254411297193822605e-01
-1.351206143007242511e-01 -6.289042625708799461e-01
-1.436686785718631898e-01 -6.322258225252734842e-01
-1.537670697468901948e-01 -6.354192615341498485e-01
-1.653614203700957408e-01 -6.384980315490955682e-01
-1.783973629857701637e-01 -6.414755845216981722e-01
-1.928205301382038550e-01 -6.443653724035439678e-01
-2.085765543716872061e-01 -6.471808471462200396e-01
-2.256110682305106641e-01 -6.499354607013136942e-01
-2.438697042589646202e-01 -6.526426650204113500e-01
-2.632980950013394938e-01 -6.553159120550999805e-01
-2.838418730019257596e-01 -6.579686537569668925e-01
-3.054466708050136980e-01 -6.606143420775986153e-01
-3.280581209548938393e-01 -6.632664289685822334e-01
-3.516218559958564915e-01 -6.659383663815048315e-01
-3.760835084721919075e-01 -6.686436062679528280e-01
-4.013887109281908394e-01 -6.713956005795135296e-01
-4.274830959081434845e-01 -6.742078012677737986e-01
-4.543122959563400953e-01 -6.770936602843204977e-01
-4.818219436170714798e-01 -6.800666295807404893e-01
-5.099576714346278905e-01 -6.831401611086208581e-01
-5.386651119532995802e-01 -6.863277068195483555e-01
-5.678898977173769680e-01 -6.896427186651099550e-01
-5.975776612711507507e-01 -6.930986485968926303e-01
-6.276740351589110700e-01 -6.967089485664831328e-01
-6.581246519249482896e-01 -7.004870705254685470e-01
-6.888751441135529952e-01 -7.044464664254357356e-01
-7.198711442690154394e-01 -7.086005882179715609e-01
-7.510582849356262081e-01 -7.129628878546629966e-01
-7.823821986576754428e-01 -7.175468172870970163e-01
-8.137885179794538404e-01 -7.223658284668605933e-01
-8.452228754452513204e-01 -7.274333733455402573e-01
-8.766309035993590237e-01 -7.327629038747233148e-01
-9.079582349860667589e-01 -7.383678720059964062e-01
-9.391505021496653338e-01 -7.442617296909468383e-01
-9.701429509108594473e-01 -7.504576881419257051e-01
-1.000218552963112906e+00 -7.569538404280701238e-01
-1.027632175425101213e+00 -7.637244506307465652e-01
-1.050548219520942572e+00 -7.707416860497795508e-01
-1.067131086474757629e+00 -7.779777139849944900e-01
-1.075545177510665917e+00 -7.854047017362162375e-01
-1.073967267076519461e+00 -7.929950525189969346e-01
-1.061529417129453812e+00 -8.007393836661133024e-01
-1.038981819933137096e+00 -8.086591648085270645e-01
-1.007231264296021944e+00 -8.167788513461911037e-01
-9.671845390265594311e-01 -8.251228986790586362e-01
-9.197484329332015207e-01 -8.337157622070829888e-01
-8.658297348244003988e-01 -8.425818973302172665e-01
-8.063352335086075851e-01 -8.517457594484147965e-01
-7.421717177942751542e-01 -8.612318039616286836e-01
-6.742459764898548480e-01 -8.710644862698121438e-01
-6.034647984037984081e-01 -8.812682617729186152e-01
-5.307349723445579093e-01 -8.918675858709007587e-01
-4.569632871205850932e-01 -9.028869139637123453e-01
-3.830565315403320348e-01 -9.143507014513062581e-01
-3.099214944122499760e-01 -9.262834037336358239e-01
-2.384649645447920741e-01 -9.387094762106542589e-01
-1.695937307464083776e-01 -9.516533742823146680e-01
-1.042145818255516831e-01 -9.651395533485703782e-01
-4.323430659067392656e-02 -9.791924688093744944e-01
1.244030614977356848e-02 -9.938365760646805658e-01
6.190246758733850690e-02 -1.009096330514441142e+00
1.042453889135689232e-01 -1.024996187558609995e+00
1.385622813200133030e-01 -1.041560602597140228e+00
1.639965160163970870e-01 -1.058809305669334622e+00
1.803530600237144843e-01 -1.076699700704452090e+00
1.879042052086467018e-01 -1.095145166957980365e+00
1.869320713511484489e-01 -1.114058157839757035e+00
1.777187782311741016e-01 -1.133351126759619465e+00
1.605464456286780639e-01 -1.152936527127405464e+00
1.356971933236151562e-01 -1.172726812352952397e+00
1.034531410959395464e-01 -1.192634435846097851e+00
6.409640872560594393e-02 -1.212571851016679414e+00
1.790911599256884632e-02 -1.232451511274534672e+00
-3.482661732321720022e-02 -1.252185870029500769e+00
-9.382867144179789232e-02 -1.271687380691416402e+00
-1.588149265832168588e-01 -1.290868496670117382e+00
-2.295032629675226865e-01 -1.309641671375442851e+00
-3.056115608147594309e-01 -1.327919358217229506e+00
-3.868577003449726326e-01 -1.345614010605315380e+00
-4.729595617782076933e-01 -1.362638081949537394e+00
-5.636350253345102645e-01 -1.378904025659733579e+00
-6.586019712339256094e-01 -1.394324295145741521e+00
-7.575782796964992682e-01 -1.408811343817398143e+00
-8.602818309422769483e-01 -1.422277625084542141e+00
-9.664305051913038014e-01 -1.434635592357010214e+00
-1.075742182663625535e+00 -1.445797699044639950e+00
-1.187934743579287300e+00 -1.455676398557268936e+00
-1.302701331525953021e+00 -1.464184989021481531e+00
-1.418712838488793482e+00 -1.471271676834073450e+00
-1.533276044205601929e+00 -1.476931250660648454e+00
-1.643602830797393555e+00 -1.481161739769845775e+00
-1.746905080385183329e+00 -1.483961173430306424e+00
-1.840394675089987553e+00 -1.485327580910670964e+00
-1.921283497032821197e+00 -1.485258991479579294e+00
-1.986783428334698787e+00 -1.483753434405671312e+00
-2.034106351116637068e+00 -1.480808938957588472e+00
-2.060464147499651233e+00 -1.476423534403971116e+00
-2.063068699604756251e+00 -1.470595250013458921e+00
-2.039204701435199496e+00 -1.463323207191093989e+00
-1.989604623713710385e+00 -1.454658242011855673e+00
-1.919873613190095085e+00 -1.444724277891628494e+00
-1.835985341019269690e+00 -1.433650765900644997e+00
-1.743913478356156066e+00 -1.421567157109137725e+00
-1.649113527813388602e+00 -1.408599989360188598e+00
-1.553484299371275856e+00 -1.394855804197033589e+00
-1.457431338799058951e+00 -1.380432747790577785e+00
-1.361355058304315913e+00 -1.365428937450014146e+00
-1.265655870094627211e+00 -1.349942490484535629e+00
-1.170734186377573316e+00 -1.334071524203336301e+00
-1.076990419360731810e+00 -1.317914155915608232e+00
-9.848249812516837176e-01 -1.301568502930546156e+00
-8.946382842580077321e-01 -1.285132682557341477e+00
-8.068307405872836569e-01 -1.268704812105188262e+00
-7.218027624470912951e-01 -1.252383008883279913e+00
-6.399547620450096730e-01 -1.236265390200808945e+00
-5.616871515886185939e-01 -1.220450073366969201e+00
-4.874003432854974172e-01 -1.205035175690953642e+00
-4.174947493432256129e-01 -1.190118814481954779e+00
-3.523707819693830956e-01 -1.175799107049166903e+00
-2.924288533715490024e-01 -1.162174170701782527e+00
-2.380693757573031089e-01 -1.149342122748995054e+00
-1.896927613342246077e-01 -1.137401080499997441e+00
-1.476994223098932746e-01 -1.126449161263983090e+00
-1.124897708918886352e-01 -1.116584482350145180e+00
-8.446421928779006272e-02 -1.107905161067676669e+00
-6.402317970517711065e-02 -1.100509314725770960e+00
-5.156706435162957541e-02 -1.094495060633621009e+00
-4.749628543472632358e-02 -1.089960516100420218e+00
-5.221125516204729727e-02 -1.087003798435361768e+00
-6.611238574117199451e-02 -1.085723024947638393e+00
-8.960008937967994802e-02 -1.086216312946444162e+00
-1.230747782851506905e-01 -1.088581779740970923e+00
-1.669368646651636090e-01 -1.092917542640413409e+00
-2.215867607272984652e-01 -1.099321718953963689e+00
-2.874177154219857422e-01 -1.107890716580167911e+00
-3.631727069306167066e-01 -1.118327129491112570e+00
-4.438458826329933493e-01 -1.129438945873398437e+00
-5.239136222082283467e-01 -1.139910595928459225e+00
-5.978523053354335426e-01 -1.148426509857727762e+00
-6.603237683331428798e-01 -1.153714669963089579e+00
-7.096617889457985662e-01 -1.155365366643525959e+00
-7.475697875842975959e-01 -1.153760207429359363e+00
-7.758760416176034846e-01 -1.149310120897582888e+00
-7.964088284146808583e-01 -1.142426035625190295e+00
-8.109964253444933435e-01 -1.133518880189173794e+00
-8.214671097760052332e-01 -1.122999583166527371e+00
-8.296491590781805980e-01 -1.111279073134244122e+00
-8.373708506199831758e-01 -1.098768278669316478e+00
-8.464604617703772593e-01 -1.085878128348738425e+00
-8.587462698983265863e-01 -1.073019550749502615e+00
-8.760565523727956716e-01 -1.060603474448602368e+00
-9.002195865627470317e-01 -1.049040828023030780e+00
-9.330636498371470688e-01 -1.038742540049781393e+00
-9.764170195649582995e-01 -1.030119539105846860e+00
-1.032107973115145017e+00 -1.023582753768220277e+00
-1.101964787856671624e+00 -1.019543112613895630e+00
-1.187815741158501526e+00 -1.018411544219864906e+00
-1.291489110389599571e+00 -1.020598977163122312e+00
-1.414813172918928830e+00 -1.026516340020660278e+00
-1.559616206115454151e+00 -1.036574561369472347e+00
