-1.901899426869846921e-01 -4.607130921920803979e-01
-1.718615222201708148e-01 -4.499377178688521162e-01
-1.559596723773609694e-01 -4.345037052410611333e-01
-1.423594137448002117e-01 -4.145951108557960896e-01
-1.309357669087335696e-01 -3.903959912601455140e-01
-1.215637524554061266e-01 -3.620904030011979358e-01
-1.141183909710628136e-01 -3.298624026260416620e-01
-1.084747030419487834e-01 -2.938960466817654438e-01
-1.045077092543090225e-01 -2.543753917154578659e-01
-1.020924301943886420e-01 -2.114844942742073186e-01
-1.011038864484325728e-01 -1.654074109051021646e-01
-1.014170986026859123e-01 -1.163281981552312383e-01
-1.029070872433937162e-01 -6.443091257168291619e-02
-1.054488729568009986e-01 -9.899610701545547009e-03
-1.089174763291528569e-01 4.708165090809195152e-02
-1.131879179466942220e-01 1.063288157101410919e-01
-1.181352183956702051e-01 1.676578271575137613e-01
-1.236343982623259175e-01 2.308846287031213196e-01
-1.295604781329062205e-01 2.958251637998748351e-01
-1.357884785936563088e-01 3.622953759006861674e-01
-1.421934202308211825e-01 4.301112084584666762e-01
-1.486503236306458420e-01 4.990886049261277213e-01
-1.550342093793753984e-01 5.690435087565810512e-01
-1.612200980632548519e-01 6.397918634027380813e-01
-1.670830102685292029e-01 7.111496123175099493e-01
-1.724979665814435903e-01 7.829326989538085702e-01
-1.773399875882429588e-01 8.549570667645451927e-01
-1.814840938751724198e-01 9.270386592026312877e-01
-1.848053060284769455e-01 9.989934197209785482e-01
-1.871786446344017307e-01 1.070637291772498001e+00
-1.884791302791915257e-01 1.141786218810101339e+00
-1.885817835490916361e-01 1.212256144286700366e+00
-1.873616250303470065e-01 1.281863011655205886e+00
-1.846936753092027206e-01 1.350422764368530260e+00
-1.804529549719037784e-01 1.417751345879584512e+00
-1.745144846046951248e-01 1.483664699641279672e+00
-1.667532847938220375e-01 1.547978769106527652e+00
-1.570443761255293502e-01 1.610509497728239925e+00
-1.452627791860622020e-01 1.671072828959327961e+00
-1.312846284203257052e-01 1.729484162049860885e+00
-1.151480018473840933e-01 1.785479774762982252e+00
-9.722128315362617290e-02 1.838634565963821021e+00
-7.791310631293925371e-02 1.888503769256860920e+00
-5.763210529921007630e-02 1.934642618246582346e+00
-3.678691408632590171e-02 1.976606346537468362e+00
-1.578616664817359891e-02 2.013950187734001140e+00
4.961503041359513824e-03 2.046229375440661968e+00
2.504746100838656925e-02 2.072999143261933241e+00
4.406307327902036358e-02 2.093814724802296467e+00
6.159970587937395325e-02 2.108231353666234931e+00
7.724872483556023683e-02 2.115804263458229695e+00
9.060530696047319754e-02 2.116095273885479244e+00
1.014775958983378384e-01 2.109034270754592377e+00
1.099951201158917424e-01 2.095106582507506587e+00
1.163140601450038669e-01 2.074843599790272997e+00
1.205905965175431693e-01 2.048776713248943615e+00
1.229809097653786071e-01 2.017437313529569565e+00
1.236411804203790821e-01 1.981356791278201745e+00
1.227275890144136766e-01 1.941066537140892834e+00
1.203963160793512371e-01 1.897097941763692841e+00
1.168035421470607349e-01 1.849982395792653334e+00
1.121054477494110857e-01 1.800251289873825211e+00
1.064582134182713580e-01 1.748436014653261150e+00
1.000180196855103842e-01 1.695067960777011162e+00
9.294104708299719131e-02 1.640678518891127480e+00
8.538347614260069496e-02 1.585799079641660780e+00
7.750148739618989424e-02 1.530961033674662852e+00
6.945126137563366331e-02 1.476695771636184373e+00
6.138897861280105672e-02 1.423534684172277576e+00
5.347081963956092088e-02 1.372009161928993137e+00
4.585296498778228258e-02 1.322650595552382846e+00
3.869159518933416864e-02 1.275990375688498268e+00
3.214289077608535605e-02 1.232559892983389194e+00
2.636303227990485776e-02 1.192890538083108520e+00
2.150820023266166239e-02 1.157513701633706704e+00
1.772190037278962432e-02 1.126914163706761673e+00
1.499857511791945382e-02 1.101028535517984297e+00
1.323567448399452957e-02 1.079436746212847575e+00
1.232899458827291933e-02 1.061712642852076449e+00
1.217433154801267695e-02 1.047430072496395415e+00
1.266748148047187016e-02 1.036162882206528524e+00
1.370424050290853894e-02 1.027484919043200273e+00
1.518040473258073716e-02 1.020970030067135381e+00
1.699177028674651521e-02 1.016192062339057900e+00
1.903413328266393562e-02 1.012724862919692992e+00
2.120328983759105571e-02 1.010142278869764043e+00
2.339503606878595710e-02 1.008018157249996660e+00
2.550516809350665201e-02 1.005926345121114229e+00
2.742948202901121513e-02 1.003440689543842135e+00
2.906377399255771071e-02 1.000135037578904207e+00
3.030384010140418222e-02 9.955832362870253860e-01
3.104547647280868697e-02 9.893591327289296133e-01
3.118447922402926842e-02 9.810365739653414963e-01
3.061664447232400818e-02 9.701894070569857531e-01
2.923776833495093930e-02 9.563914790645863251e-01
2.694364692916811910e-02 9.392166370488680416e-01
2.363007637223366389e-02 9.182387280705558430e-01
1.919285278140554427e-02 8.930315991903731154e-01
1.353111894873150478e-02 8.631818823743782065e-01
6.793374279242777800e-03 8.292287971245075884e-01
-4.545256266672257641e-04 7.933059393860029118e-01
-7.606958476350570569e-03 7.576988210887340980e-01
-1.405830197715931575e-02 7.246929541625711790e-01
-1.920293383644545993e-02 6.965738505373838541e-01
-2.244098818239644022e-02 6.756014573729609562e-01
-2.343732453673673041e-02 6.628600531255756101e-01
-2.222645166585080281e-02 6.577922715176200974e-01
-1.887035551747042253e-02 6.597187176978801526e-01
-1.343102203932734079e-02 6.679599968151405109e-01
-5.970437179153330505e-03 6.818367140181870178e-01
3.449413115319827170e-03 7.006694744558046306e-01
1.476654289636040833e-02 7.237788832767789726e-01
2.791896621623658065e-02 7.504855456298953342e-01
4.284469712721665491e-02 7.801100666639388947e-01
5.948174968156880182e-02 8.119730515276951666e-01
7.776813793156130139e-02 8.453951053699492180e-01
9.764187592946191319e-02 8.796968333394861173e-01
1.190409777275397568e-01 9.141988405850922650e-01
1.419034573780626196e-01 9.482217322555522854e-01
1.661673289332987469e-01 9.810861134996516908e-01
1.917706064455164394e-01 1.012112589466175772e+00
2.186513039669838454e-01 1.040621765303910040e+00
2.467474355499691963e-01 1.065934246161639454e+00
2.759970152467408067e-01 1.087370637188149525e+00
3.063380571095669080e-01 1.104251543532225988e+00
3.377085751907156208e-01 1.115897570342653466e+00
3.700465835424552319e-01 1.121629322768217696e+00
4.032897325130954669e-01 1.120769667196036767e+00
4.373136145726584934e-01 1.113027299339145015e+00
4.718621103765671121e-01 1.098929800151990710e+00
5.066622800386506587e-01 1.079109328096396370e+00
5.414411836727389682e-01 1.054198041634185623e+00
5.759258813926614318e-01 1.024828099227180545e+00
6.098434333122482176e-01 9.916316593372042076e-01
6.429208995453284947e-01 9.552408804260800190e-01
6.748853402057323203e-01 9.162879209556307192e-01
7.054638154072890854e-01 8.754049393876791596e-01
7.343833852638286253e-01 8.332240941840483028e-01
7.613711098891803308e-01 7.903775438065610004e-01
7.861540493971744814e-01 7.474974467170405479e-01
8.084592639016402460e-01 7.052159613773097968e-01
8.280138135164069046e-01 6.641652462491923758e-01
8.445447583553049586e-01 6.249774597945092491e-01
8.577791585321639101e-01 5.882847604750847115e-01
8.674440741608131500e-01 5.547193067527416144e-01
8.732665653550825136e-01 5.249132570893025873e-01
8.749736922288018359e-01 4.994987699465909814e-01
8.722925148958002861e-01 4.791080037864295371e-01
8.649500934699078103e-01 4.643731170706411615e-01
8.526734880649542436e-01 4.559262682610489281e-01
8.351897587947690882e-01 4.543996158194757440e-01
8.122887700571288505e-01 4.603111052836101336e-01
7.843779045362739843e-01 4.730556924081030790e-01
7.522152780936639527e-01 4.913905060472146258e-01
7.165630407743254215e-01 5.140653386782454426e-01
6.781833426232849460e-01 5.398299827784963645e-01
6.378383336855696362e-01 5.674342308252680045e-01
5.962901640062058251e-01 5.956278752958611422e-01
5.542910426215551523e-01 6.231871410076318396e-01
5.124132493157643742e-01 6.493666701438792765e-01
4.710726434630962967e-01 6.738370141386503809e-01
4.306798741117650597e-01 6.962825782626163029e-01
3.916455903099850255e-01 7.163877677864477489e-01
3.543804411059701120e-01 7.338369879808154250e-01
3.192950755479344038e-01 7.483146441163901486e-01
2.868001426840922630e-01 7.595051414638427367e-01
2.573062915626577185e-01 7.670928852938441178e-01
2.312241712318452991e-01 7.707622808770648870e-01
2.089644307398681455e-01 7.701977334841758616e-01
1.909377191349408975e-01 7.650836483858480808e-01
1.775546854652778062e-01 7.551044308527522508e-01
1.692259787790928727e-01 7.399444861555589670e-01
1.663622481246003204e-01 7.192882195649393795e-01
1.693718221208145858e-01 6.928242903758965454e-01
1.772025079628034017e-01 6.629189201537829534e-01
1.848818959813458840e-01 6.391191371143823963e-01
1.891592965635139345e-01 6.274165081102899277e-01
1.906003894382098107e-01 6.261676075111947126e-01
1.901134898576209153e-01 6.330435362930081356e-01
1.886069130739345678e-01 6.457153954316413591e-01
1.869889743393380044e-01 6.618542859030051018e-01
1.861679889060185999e-01 6.791313086830109702e-01
1.870521924605490771e-01 6.952177582609890827e-01
1.903673007987158328e-01 7.082288400831853181e-01
1.962672445567112678e-01 7.176704118488823614e-01
2.047942857474242540e-01 7.233199231655894623e-01
2.159906863837435798e-01 7.249548236408170920e-01
2.298987084785581170e-01 7.223525628820749445e-01
2.465606140447567096e-01 7.152905904968729356e-01
2.660186650952280907e-01 7.035463560927209814e-01
2.883151236428612707e-01 6.868973092771292199e-01
3.134922517005449549e-01 6.651208996576073451e-01
3.415923112811672935e-01 6.379945768416660501e-01
3.726575643976184904e-01 6.052957904368139186e-01
4.067302730627867513e-01 5.668019900505615327e-01
4.438526992895608370e-01 5.222906252904188085e-01
4.840671050908296191e-01 4.715391457638956618e-01
5.274157524794819141e-01 4.143250010785020088e-01
5.739409034684067601e-01 3.504256408417477098e-01
6.236848200704925294e-01 2.796185146611427919e-01
6.766897642986284822e-01 2.016810721441971432e-01
