-4.873011644598415626e-02 -1.510998424523370298e+00
-1.778292847979700761e-02 -1.366239173384751870e+00
7.315098591572232953e-03 -1.232631354880289187e+00
2.688288955101653457e-02 -1.109665462766485922e+00
4.123936918142880048e-02 -9.968319907998466345e-01
5.070346226570199288e-02 -8.936214327368747767e-01
5.559409358672898205e-02 -7.995242823340726890e-01
5.623018792740277355e-02 -7.140310333479455984e-01
5.293067007061621337e-02 -6.366321795349965118e-01
4.601446479926232791e-02 -5.668182146517298792e-01
3.580049689623400477e-02 -5.040796324546481522e-01
2.260769114442416627e-02 -4.479069267002561139e-01
6.754972326725739926e-03 -3.977905911450567156e-01
-1.143873477396838666e-02 -3.532211195455539632e-01
-3.165450537476515586e-02 -3.136890056582516406e-01
-5.357341469277169393e-02 -2.786847432396531987e-01
-7.687653794509508032e-02 -2.476988260462625602e-01
-1.012449503488424274e-01 -2.202217478345830926e-01
-1.263597271211207296e-01 -1.957440023611189683e-01
-1.519019434790371270e-01 -1.737560833823734163e-01
-1.775526746396985933e-01 -1.537484846548503037e-01
-2.029929958202122131e-01 -1.352116999350534976e-01
-2.279039822376851820e-01 -1.176362229794863656e-01
-2.519794356822810943e-01 -1.005326630447366393e-01
-2.750926459888171083e-01 -8.369532648017921628e-02
-2.972496837779000090e-01 -6.712839167975334642e-02
-3.184597379486296953e-01 -5.084096575866688811e-02
-3.387319974001061218e-01 -3.484215583212774831e-02
-3.580756510314296315e-01 -1.914106901534384786e-02
-3.764998877416999568e-01 -3.746812423523228613e-03
-3.940138964300174407e-01 1.133150682812642841e-02
-4.106268659954823153e-01 2.608478162439707704e-02
-4.263479853371943684e-01 4.050390485008084629e-02
-4.411864433542537767e-01 5.457976938996976501e-02
-4.551514289457606055e-01 6.830326812885595400e-02
-4.682521310108149759e-01 8.166529395153146464e-02
-4.804977384485169534e-01 9.465673974278838998e-02
-4.918974401579666034e-01 1.072684983874188785e-01
-5.024604250382641579e-01 1.194914627702149679e-01
-5.121958819885094050e-01 1.313165257759687232e-01
-5.211129999078026875e-01 1.427345802894723070e-01
-5.292209676952440711e-01 1.537365191955177013e-01
-5.365289742499333991e-01 1.643132353788969990e-01
-5.430462084709709591e-01 1.744556217244023488e-01
-5.487818592574568166e-01 1.841545711168258159e-01
-5.537451155084910370e-01 1.934009764409594934e-01
-5.579451661231737969e-01 2.021857305815954464e-01
-5.613912000006049396e-01 2.104997264235257681e-01
-5.640924060398847528e-01 2.183338568515424960e-01
-5.660579731401133019e-01 2.256790147504378063e-01
-5.672970902003905413e-01 2.325260930050037089e-01
-5.678189461198167587e-01 2.388659845000323800e-01
-5.676327297974920194e-01 2.446895821203158294e-01
-5.667476301325160559e-01 2.499877787506460947e-01
-5.651728360239893778e-01 2.547514672758153798e-01
-5.629175364487296607e-01 2.589715407922216772e-01
-5.599938825656290975e-01 2.626469576724125843e-01
-5.564248352734963987e-01 2.658061084897039850e-01
-5.522358205722338598e-01 2.684840956671776802e-01
-5.474522644617445533e-01 2.707160216279158038e-01
-5.420995929419315518e-01 2.725369887950002679e-01
-5.362032320126973728e-01 2.739820995915130952e-01
-5.297886076739448669e-01 2.750864564405362533e-01
-5.228811459255765515e-01 2.758851617651515431e-01
-5.155062727674954992e-01 2.764133179884411540e-01
-5.076894141996046717e-01 2.767060275334868313e-01
-4.994559962218068638e-01 2.767983928233708757e-01
-4.908314448340045377e-01 2.767255162811748659e-01
-4.818411860361008214e-01 2.765225003299811024e-01
-4.725106458279982879e-01 2.762244473928713306e-01
-4.628652502095998433e-01 2.758664598929275735e-01
-4.529304251808086712e-01 2.754836402532319095e-01
-4.427315967415268450e-01 2.751110908968661950e-01
-4.322941908916576592e-01 2.747839142469124529e-01
-4.216436336311038535e-01 2.745372127264525397e-01
-4.108053509597681674e-01 2.744060887585686448e-01
-3.998047688775535069e-01 2.744256447663425136e-01
-3.886673133843625005e-01 2.746309831728562800e-01
-3.774184104800980544e-01 2.750572064011917450e-01
-3.660834861646630189e-01 2.757394168744310425e-01
-3.546879664379603003e-01 2.767127170156560845e-01
-3.432572772998924160e-01 2.780122092479488383e-01
-3.318168447503623830e-01 2.796729959943912713e-01
-3.203920947892729409e-01 2.817301796780652956e-01
-3.090084534165271068e-01 2.842188627220529340e-01
-2.976913466320272317e-01 2.871741475494362095e-01
-2.864662004356764990e-01 2.906311365832969784e-01
-2.753584408273775930e-01 2.946249322467173193e-01
-2.643934938070333640e-01 2.991906369627791440e-01
-2.535967853745464962e-01 3.043633531545644200e-01
-2.429937415298198955e-01 3.101781832451550591e-01
-2.326097882727564126e-01 3.166702296576331954e-01
-2.224703516032588146e-01 3.238745948150806853e-01
-2.126008575212298690e-01 3.318263811405794406e-01
-2.030267320265724262e-01 3.405606910572115953e-01
-1.937734011191892536e-01 3.501126269880589503e-01
-1.848662907989833404e-01 3.605172913562034731e-01
-1.763308270658571764e-01 3.718097865847273531e-01
-1.681924359197138341e-01 3.840252150967123912e-01
-1.604765433604559144e-01 3.971986793152406103e-01
-1.532085753879863510e-01 4.113652816633938114e-01
-1.464139580022079667e-01 4.265601245642542949e-01
-1.401181172030235011e-01 4.428183104409036952e-01
-1.343464789903358048e-01 4.601749417164242573e-01
-1.291244693640477004e-01 4.786651208138977820e-01
-1.244775143240619553e-01 4.983239501564062923e-01
-1.204310398702813645e-01 5.191865321670315891e-01
-1.170104720026087786e-01 5.412879692688559174e-01
-1.142412367209469926e-01 5.646633638849611891e-01
-1.121487600251987876e-01 5.893478184384292051e-01
-1.107584679152670143e-01 6.153764353523420993e-01
-1.100957863910544676e-01 6.427843170497817837e-01
-1.101861414524639288e-01 6.716065659538301702e-01
-1.110549590993982483e-01 7.018782844875693927e-01
-1.127276653317601796e-01 7.336345750740811411e-01
-1.152296861494525732e-01 7.669105401364476604e-01
-1.185864475523781408e-01 8.017412820977500854e-01
-1.228233755404398025e-01 8.381619033810716601e-01
-1.279658961135403950e-01 8.762075064094939636e-01
-1.340335258599012758e-01 9.158847876629886420e-01
-1.409352436408486953e-01 9.566690999699027920e-01
-1.484819843853140697e-01 9.975645089110388719e-01
-1.564812836434443244e-01 1.037558739597865820e+00
-1.647406769653864400e-01 1.075639517141852020e+00
-1.730676999012873418e-01 1.110794566654466520e+00
-1.812698880012940938e-01 1.142011613247177815e+00
-1.891547768155535103e-01 1.168278382031454399e+00
-1.965299018942127107e-01 1.188582598118765210e+00
-2.032027987874185371e-01 1.201911986620578521e+00
-2.089810030453180811e-01 1.207254272648363935e+00
-2.136756933377418899e-01 1.203621484921981288e+00
-2.172314427559622618e-01 1.190915539417769065e+00
-2.197614911412671956e-01 1.170163544528725730e+00
-2.213898978689906039e-01 1.142464786819654021e+00
-2.222407223144665378e-01 1.108918552855355788e+00
-2.224380238530287990e-01 1.070624129200632657e+00
-2.221058618600113832e-01 1.028680802420287366e+00
-2.213682957107482585e-01 9.841878590791220960e-01
-2.203493847805732819e-01 9.382445857419384749e-01
-2.191731884448204770e-01 8.919502689735391288e-01
-2.179637660788236730e-01 8.464041953387260175e-01
-2.168451770579169213e-01 8.027056514023022116e-01
-2.159414807574340789e-01 7.619539237290677836e-01
-2.153716523966618945e-01 7.250654582129407721e-01
-2.152325737063818523e-01 6.921621562407641592e-01
-2.156151265380588100e-01 6.631501465225915215e-01
-2.166101926268032829e-01 6.379355535840531832e-01
-2.183086537077260636e-01 6.164245019507806900e-01
-2.208013915159376395e-01 5.985231161484049212e-01
-2.241792877865487477e-01 5.841375207025569782e-01
-2.285332242546699866e-01 5.731738401388676296e-01
-2.339540826554120101e-01 5.655381989829678657e-01
-2.405327447238855554e-01 5.611367217604892321e-01
-2.483600921952011098e-01 5.598755329970619421e-01
-2.575270068044693828e-01 5.616607572183176522e-01
-2.681243702868009726e-01 5.663985189498869088e-01
-2.802430643773066166e-01 5.739949427174009244e-01
-2.939739708110968852e-01 5.843561530464908005e-01
-3.094079713232824602e-01 5.973882744627875274e-01
-3.266359476489739122e-01 6.129974314919218736e-01
-3.457487815232819783e-01 6.310897486595249406e-01
-3.668373546813172847e-01 6.515713504912279408e-01
-3.899925488581904021e-01 6.743483615126615316e-01
-4.152707615851804479e-01 6.993122059559461201e-01
-4.424882448191524431e-01 7.262519362412728219e-01
-4.713591162298099713e-01 7.549130658976307418e-01
-5.015971185008153421e-01 7.850409486009684024e-01
-5.329159943158308099e-01 8.163809380272332161e-01
-5.650294863585194616e-01 8.486783878523741498e-01
-5.976513373125434958e-01 8.816786517523391709e-01
-6.304952898615653334e-01 9.151270834030760248e-01
-6.632750866892472841e-01 9.487690364805331233e-01
-6.957044704792519907e-01 9.823498646606584339e-01
-7.274971839152416520e-01 1.015614921619399924e+00
-7.583669696808791327e-01 1.048309561032706227e+00
-7.880275704598262987e-01 1.080179136576524757e+00
-8.161927289357460147e-01 1.110969001926803923e+00
-8.425761877923007015e-01 1.140424510759492138e+00
-8.668916897131527799e-01 1.168291016750537148e+00
-8.888529773819645596e-01 1.194313873575886920e+00
-9.081737934823982394e-01 1.218238434911489643e+00
-9.245678806981171283e-01 1.239810054433293951e+00
-9.377489817127828697e-01 1.258774085817247368e+00
-9.474308392100581067e-01 1.274875882739298305e+00
-9.533271958736054819e-01 1.287860798875394508e+00
-9.551517943870875271e-01 1.297474187901484832e+00
-9.526183774341659971e-01 1.303461403493516579e+00
-9.454406876985043118e-01 1.305567799327438161e+00
-9.333324678637641147e-01 1.303538729079197767e+00
-9.160074606136082709e-01 1.297119546424743364e+00
-8.931794086316992010e-01 1.286055605040023364e+00
-8.645620546016989927e-01 1.270092258600985069e+00
-8.298691412072713991e-01 1.248974860783578000e+00
-7.888144111320771756e-01 1.222448765263749237e+00
-7.411116070597795202e-01 1.190259325717446748e+00
-6.864744716740407426e-01 1.152151895820619165e+00
-6.246167476585232636e-01 1.107871829249214235e+00
-5.552521776968896150e-01 1.057164479679180369e+00
-4.780945044728023841e-01 9.997752007864656454e-01
-3.928574706699237140e-01 9.354493462470176990e-01
-2.992548189719163587e-01 8.639322697367853854e-01
