1.114256522845743280e+00 -2.235127779375517765e+00
1.225482462245854887e+00 -2.074877423522809128e+00
1.317294908381215324e+00 -1.927531724979595573e+00
1.390889688998639517e+00 -1.792425476809333285e+00
1.447462631844945058e+00 -1.668893472075481998e+00
1.488209564666946427e+00 -1.556270503841496788e+00
1.514326315211460550e+00 -1.453891365170836503e+00
1.527008711225302573e+00 -1.361090849126957325e+00
1.527452580455288533e+00 -1.277203748773316550e+00
1.516853750648234467e+00 -1.201564857173371692e+00
1.496408049550955743e+00 -1.133508967390579381e+00
1.467311304910269065e+00 -1.072370872488397575e+00
1.430759344472989580e+00 -1.017485365530282460e+00
1.387947995985933991e+00 -9.681872395796926600e-01
1.340073087195916779e+00 -9.238112877000839163e-01
1.288330445849755090e+00 -8.836923029549142994e-01
1.233915899694264517e+00 -8.471650784076407703e-01
1.178025276476260652e+00 -8.135644071217204010e-01
1.121854403942559975e+00 -7.822250821606110405e-01
1.066599109839977855e+00 -7.524818965877693167e-01
1.013301558337542208e+00 -7.237508779423827976e-01
9.621908103693223024e-01 -6.958779019811381916e-01
9.132279900970875497e-01 -6.688504896283026246e-01
8.663740571747697850e-01 -6.426562487754521324e-01
8.215899712563006219e-01 -6.172827873141627508e-01
7.788366919956124512e-01 -5.927177131360100715e-01
7.380751790466374418e-01 -5.689486341325707963e-01
6.992663920633074293e-01 -5.459631581954205171e-01
6.623712906995545824e-01 -5.237488932161357136e-01
6.273508346093108479e-01 -5.022934470862918666e-01
5.941659834465087275e-01 -4.815844276974655669e-01
5.627776968650799461e-01 -4.616094429412325173e-01
5.331469345189563391e-01 -4.423561007091687536e-01
5.052346560620702975e-01 -4.238120088928507001e-01
4.790018211483541566e-01 -4.059647753838540041e-01
4.544093894317393634e-01 -3.888020080737548123e-01
4.314183205661584197e-01 -3.723113148541292161e-01
4.099895742055432168e-01 -3.564803036165532513e-01
3.900841100038257570e-01 -3.412965822526028425e-01
3.716628876149381533e-01 -3.267477586538541368e-01
3.546868666928124081e-01 -3.128214407118831697e-01
3.391170068913809121e-01 -2.995052363182660327e-01
3.249142678645755011e-01 -2.867867533645788169e-01
3.120396092663281773e-01 -2.746535997423974473e-01
3.004539907505711094e-01 -2.630933833432979041e-01
2.901183719712362441e-01 -2.520937120588563340e-01
2.809937125822557502e-01 -2.416421937806487730e-01
2.730409722375616854e-01 -2.317264364002512567e-01
2.662211105910862186e-01 -2.223340478092399319e-01
2.604950872967611297e-01 -2.134526358991906958e-01
2.558238620085186987e-01 -2.050698085616795563e-01
2.521683943802909833e-01 -1.971731736882827157e-01
2.494896440660099024e-01 -1.897503391705760989e-01
2.477485707196077913e-01 -1.827889129001358526e-01
2.469061339950164302e-01 -1.762765027685379016e-01
2.469232935461680989e-01 -1.702007166673584759e-01
2.477610090269947440e-01 -1.645491624881733894e-01
2.493802400914284512e-01 -1.593094481225588166e-01
2.517419463934013057e-01 -1.544691814620908488e-01
2.548070875868452823e-01 -1.500159703983454107e-01
2.585366233256927160e-01 -1.459374228228985937e-01
2.628915132638752761e-01 -1.422211466273263780e-01
2.678327170553252978e-01 -1.388547497032049660e-01
2.733211943539748945e-01 -1.358258399421102824e-01
2.793179048137559572e-01 -1.331220252356183908e-01
2.857838080886004883e-01 -1.307309134753052993e-01
2.926798638324408786e-01 -1.286401125527471823e-01
2.999670316992088526e-01 -1.268372303595199369e-01
3.076062713428368012e-01 -1.253098747871996821e-01
3.155585424172564490e-01 -1.240456537273624399e-01
3.237848045763999649e-01 -1.230321750715842599e-01
3.322460174741995176e-01 -1.222570467114412057e-01
3.409031407645872203e-01 -1.217078765385092853e-01
3.497171341014949086e-01 -1.213722724443645762e-01
3.586489571388549735e-01 -1.212378423205831002e-01
3.676595695305991396e-01 -1.212921940587408931e-01
3.767099309306596866e-01 -1.215229355504140324e-01
3.857610009929685058e-01 -1.219176746871785399e-01
3.947737393714579324e-01 -1.224640193606104654e-01
4.037091057200598576e-01 -1.231495774622858308e-01
4.125280596927061727e-01 -1.239619568837806995e-01
4.211915609433293795e-01 -1.248887655166711491e-01
4.296605691258610915e-01 -1.259176112525331459e-01
4.378960438942336997e-01 -1.270361019829428229e-01
4.458589449023790396e-01 -1.282318455994761464e-01
4.535102318042294467e-01 -1.294924499937092355e-01
4.608108642537167010e-01 -1.308055230572180427e-01
4.677218019047730269e-01 -1.321586726815786872e-01
4.742040044113304820e-01 -1.335395067583672046e-01
4.802184476164256255e-01 -1.349356363752121923e-01
4.857395871408082821e-01 -1.363373337971170163e-01
4.907798039293922443e-01 -1.377423585056207767e-01
4.953580999910903726e-01 -1.391497771125494720e-01
4.994934773348161383e-01 -1.405586562297292119e-01
5.032049379694827351e-01 -1.419680624689862725e-01
5.065114839040035788e-01 -1.433770624421465689e-01
5.094321171472916410e-01 -1.447847227610363219e-01
5.119858397082605039e-01 -1.461901100374816687e-01
5.141916535958234169e-01 -1.475922908833087188e-01
5.160685608188931850e-01 -1.489903319103435264e-01
5.176355633863837236e-01 -1.503832997304123120e-01
5.189116633072078377e-01 -1.517702609553411852e-01
5.199158625902789987e-01 -1.531502821969561445e-01
5.206671632445102338e-01 -1.545224300670834383e-01
5.211845672788151251e-01 -1.558857711775491206e-01
5.214870767021065889e-01 -1.572393721401792732e-01
5.215936935232982075e-01 -1.585822995668001167e-01
5.215234197513031189e-01 -1.599136200692377052e-01
5.212952573950345725e-01 -1.612324002593182037e-01
5.209282084634058174e-01 -1.625377067488676941e-01
5.204412749653301029e-01 -1.638286061497122581e-01
5.198534589097207892e-01 -1.651041650736780886e-01
5.191837623054910145e-01 -1.663634501325912673e-01
5.184511871615540279e-01 -1.676055279382779040e-01
5.176747354868233009e-01 -1.688294651025641357e-01
5.168734092902119714e-01 -1.700343282372761000e-01
5.160662105806332889e-01 -1.712191839542398508e-01
5.152721413670003914e-01 -1.723830988652815532e-01
5.145102036582267502e-01 -1.735251395822274001e-01
5.137993994632253925e-01 -1.746443727169033344e-01
5.131587307909100115e-01 -1.757398648811356878e-01
5.126071996501934125e-01 -1.768106826867503756e-01
5.121638080499890666e-01 -1.778558927455736460e-01
5.118475579992101121e-01 -1.788745616694315532e-01
5.116774515067700202e-01 -1.798657560701502622e-01
5.116724905815818181e-01 -1.808285425595558271e-01
5.118516772325589770e-01 -1.817619877494744407e-01
5.122340134686146351e-01 -1.826651582517322125e-01
5.128385012986621527e-01 -1.835371206781552245e-01
5.136841427316146680e-01 -1.843769416405696138e-01
5.147899397763855411e-01 -1.851836877508014623e-01
5.161748944418879104e-01 -1.859564256206769628e-01
5.178580087370352469e-01 -1.866942218620221694e-01
5.198582846707405780e-01 -1.873961430866632472e-01
5.221947242519172638e-01 -1.880612559064262779e-01
5.248863294894786646e-01 -1.886886269331374266e-01
5.279521023923379186e-01 -1.892773227786227475e-01
5.314110449694083860e-01 -1.898264100547084055e-01
5.352821592296032049e-01 -1.903349553732205102e-01
5.395844471818356247e-01 -1.908020253459851712e-01
5.443369108350191166e-01 -1.912266865848285258e-01
5.495585521980665966e-01 -1.916080057015766835e-01
5.552683732798917582e-01 -1.919450493080557263e-01
5.614853760894076284e-01 -1.922368840160918468e-01
5.682285626355274566e-01 -1.924825764375110992e-01
5.755169349271646029e-01 -1.926811931841396763e-01
5.833694949732320945e-01 -1.928318008678036044e-01
5.918052447826436246e-01 -1.929334661003290763e-01
6.008431863643118875e-01 -1.929852554935421738e-01
6.105023217271506875e-01 -1.929862356592689787e-01
6.208016528800729406e-01 -1.929354732093357394e-01
6.317601818319921181e-01 -1.928320347555684544e-01
6.433969105918214693e-01 -1.926749869097932888e-01
6.557295472997741737e-01 -1.924635797468897958e-01
6.687417976057358215e-01 -1.922018846970290629e-01
6.823808254237500037e-01 -1.918991545959130574e-01
6.965919921241303658e-01 -1.915648978694568794e-01
7.113206590771915527e-01 -1.912086229435758233e-01
7.265121876532466549e-01 -1.908398382441849062e-01
7.421119392226100953e-01 -1.904680521971993667e-01
7.580652751555955193e-01 -1.901027732285342775e-01
7.743175568225167948e-01 -1.897535097641048774e-01
7.908141455936877895e-01 -1.894297702298261832e-01
8.075004028394224820e-01 -1.891410630516134894e-01
8.243216899300347400e-01 -1.888968966553818407e-01
8.412233682358383202e-01 -1.887067794670464482e-01
8.581507991271474234e-01 -1.885802199125224399e-01
8.750493439742753621e-01 -1.885267264177249991e-01
8.918643641475366701e-01 -1.885558074085692537e-01
9.085412210172447711e-01 -1.886769713109702762e-01
9.250252759537141989e-01 -1.888997265508433887e-01
9.412618903272579329e-01 -1.892335815541035804e-01
9.571964255081907291e-01 -1.896880447466661179e-01
9.727742428668257890e-01 -1.902726245544460737e-01
9.879407037734773134e-01 -1.909968294033586311e-01
1.002641169598459170e+00 -1.918701677193189181e-01
1.016821001712085115e+00 -1.929021479282421181e-01
1.030425561484669128e+00 -1.941022784560433589e-01
1.043400210286525409e+00 -1.954800677286378241e-01
1.055690309487967049e+00 -1.970450241719406137e-01
1.067241220459308915e+00 -1.988066562118669389e-01
1.078018915965998747e+00 -2.008038321637206913e-01
1.088091616444028409e+00 -2.032210669755422638e-01
1.097559189173988869e+00 -2.062879549241083688e-01
1.106521510866226743e+00 -2.102341037184028150e-01
1.115078458231087311e+00 -2.152891210674091060e-01
1.123329907978916964e+00 -2.216826146801109954e-01
1.131375736820060318e+00 -2.296441922654920420e-01
1.139315821464863987e+00 -2.394034615325358883e-01
1.147250038623673474e+00 -2.511900301902261767e-01
1.155278265006834726e+00 -2.652335059475465773e-01
1.163500377324693025e+00 -2.817634965134807046e-01
1.172016252287594096e+00 -3.010096095970117291e-01
1.180925766605884331e+00 -3.232014529071241538e-01
1.190328796989908788e+00 -3.485686341528012044e-01
1.200325220150013195e+00 -3.773407610430264403e-01
1.211014912796544163e+00 -4.097474412867836979e-01
1.222497751639846308e+00 -4.460182825930563699e-01
1.234873613390266245e+00 -4.863828926708284039e-01
1.248242374758148809e+00 -5.310708792290830260e-01
1.262703912453840394e+00 -5.803118499768041838e-01
