1.248168363245600432e+00 1.113746062800925474e+00
1.172484405395733065e+00 1.073967280739287489e+00
1.099950660251215906e+00 1.035998496897408971e+00
1.030508627290616763e+00 9.998072165782214693e-01
9.640998059925036667e-01 9.653609450846576401e-01
9.006656958354439801e-01 9.326271877196493643e-01
8.401477962980063996e-01 9.015734497861290775e-01
7.824876068587571787e-01 8.721672365870284382e-01
7.276266269962653466e-01 8.443760534252799932e-01
6.755063561890981561e-01 8.181674056038155118e-01
6.260682939158235261e-01 7.935087984255676519e-01
5.792539396550093755e-01 7.703677371934682938e-01
5.350047928852231793e-01 7.487117272104494292e-01
4.932623530850329674e-01 7.285082737794437158e-01
4.539681197330064921e-01 7.097248822033829230e-01
4.170635923077116725e-01 6.923290577851995975e-01
3.824902702877161498e-01 6.762883058278255088e-01
3.501896531515876210e-01 6.615701316341929816e-01
3.201032403778939495e-01 6.481420405072341184e-01
2.921725314452028877e-01 6.359715377498811328e-01
2.663390258320822990e-01 6.250261286650661274e-01
2.425442230171002134e-01 6.152733185557215378e-01
2.207296224788239114e-01 6.066806127247791336e-01
2.008367236958212287e-01 5.992155164751712393e-01
1.828070261466603619e-01 5.928455351098298465e-01
1.665820293099087579e-01 5.875381739316873908e-01
1.521032326641343357e-01 5.832609382436758638e-01
1.393121356879046813e-01 5.799813333487274791e-01
1.281502378597879077e-01 5.776668645497744503e-01
1.185590386583518924e-01 5.762850371497491020e-01
1.104800375621638464e-01 5.758033564515830927e-01
1.038547340497918692e-01 5.761893277582088579e-01
9.862462759980381022e-02 5.774104563725587225e-01
9.473121769076754684e-02 5.794342475975644557e-01
9.211600380125055387e-02 5.822282067361584934e-01
9.072048540982081966e-02 5.857598390912731601e-01
9.048616199504593005e-02 5.899966499658401142e-01
9.135453303549408155e-02 5.949061446627920136e-01
9.326709800973284614e-02 6.004558284850609606e-01
9.616535639632982357e-02 6.066132067355788360e-01
9.999080767385302992e-02 6.133457847172779642e-01
1.046849513208703147e-01 6.206210677330906700e-01
1.101892868159491112e-01 6.284065610859486117e-01
1.164453136376574771e-01 6.366697700787843361e-01
1.233945312645632064e-01 6.453782000145299458e-01
1.309784391752339960e-01 6.544993561961178763e-01
1.391385368482376816e-01 6.640007439264797862e-01
1.478163237621419046e-01 6.738498685085477780e-01
1.569532993955146949e-01 6.840142352452545094e-01
1.664909632269236939e-01 6.944613494395319719e-01
1.763708147349367372e-01 7.051587163943122682e-01
1.865343533981215496e-01 7.160738414125275009e-01
1.969230786950458278e-01 7.271742297971098834e-01
2.074784901042776575e-01 7.384273868509917405e-01
2.181420871043846521e-01 7.498008178771050636e-01
2.288553691739345919e-01 7.612620281783820664e-01
2.395598357914951182e-01 7.727785230577546294e-01
2.501969864356343720e-01 7.843178078181554103e-01
2.607083205849196617e-01 7.958473877625160675e-01
2.710353377179191559e-01 8.073347681937690368e-01
2.811195373132004960e-01 8.187474544148465316e-01
2.909024188493315455e-01 8.300529517286805437e-01
3.003254818048801122e-01 8.412187654382035085e-01
3.093302256584138377e-01 8.522124008463473066e-01
3.178581498885005296e-01 8.630013632560441517e-01
3.258507539737082737e-01 8.735531579702263683e-01
3.332495373926043780e-01 8.838352902918260590e-01
3.399959996237569282e-01 8.938152655237751043e-01
3.460316401457336766e-01 9.034605889690059399e-01
3.512979584371022090e-01 9.127387659304506684e-01
3.557364539764307776e-01 9.216173017110417254e-01
3.592886262422865240e-01 9.300637016137104363e-01
3.618959747132377003e-01 9.380454709413896808e-01
3.634999988678521143e-01 9.455301149970118946e-01
3.640421981846974075e-01 9.524851390835086251e-01
3.634640721423411658e-01 9.588780485038119750e-01
3.617071202193514745e-01 9.646763485608543798e-01
3.587128418942960861e-01 9.698475445575682752e-01
3.544227366457426975e-01 9.743591417968853197e-01
3.487783039522591166e-01 9.781786455817379489e-01
3.417210432924130958e-01 9.812735612150580433e-01
3.331924541447724430e-01 9.836113939997781497e-01
3.231340359879050217e-01 9.851596492388302595e-01
3.114872883003784176e-01 9.858858322351462533e-01
2.981937105607607719e-01 9.857574482916585668e-01
2.831949511354104887e-01 9.847420565865803166e-01
2.664818781480837728e-01 9.828250265445291900e-01
2.481654592419214322e-01 9.800351857895646113e-01
2.283746357571413699e-01 9.764078657562209607e-01
2.072383490339625156e-01 9.719783978790335066e-01
1.848855404126023005e-01 9.667821135925364073e-01
1.614451512332797101e-01 9.608543443312650423e-01
1.370461228362125916e-01 9.542304215297535697e-01
1.118173965616193616e-01 9.469456766225370359e-01
8.588791374971821435e-02 9.390354410441498212e-01
5.938661574072760102e-02 9.305350462291268610e-01
3.242566714912377412e-02 9.214774505192725451e-01
5.046601682334741178e-03 9.118856214098651769e-01
-2.272763145632852519e-02 9.017798975905212400e-01
-5.087408315122789182e-02 8.911806177384565819e-01
-7.936980428672527066e-02 8.801081205308857180e-01
-1.081918457471825190e-01 8.685827446450239409e-01
-1.373172584169614352e-01 8.566248287580860987e-01
-1.667230931804240257e-01 8.442547115472878172e-01
-1.963864009219319640e-01 8.314927316898441667e-01
-2.262842325258470899e-01 8.183592278629699956e-01
-2.563936388765313823e-01 8.048745387438804855e-01
-2.866916708583465700e-01 7.910590030097910397e-01
-3.171553793556547429e-01 7.769329593379165066e-01
-3.477618152528176299e-01 7.625167464054724009e-01
-3.784880294341967377e-01 7.478307028896732378e-01
-4.093110727841543506e-01 7.328951674677345318e-01
-4.402079961870521974e-01 7.177304788168714644e-01
-4.711558505272522290e-01 7.023569756142987730e-01
-5.021316866891161190e-01 6.867949965372324161e-01
-5.331125555570058738e-01 6.710648802628867982e-01
-5.640755080152825007e-01 6.551869654684774336e-01
-5.949975949483092830e-01 6.391815908312191707e-01
-6.258558672404475054e-01 6.230690950283271912e-01
-6.566273757760588969e-01 6.068698167370166763e-01
-6.872891714395056306e-01 5.906040946345026965e-01
-7.178183051151487692e-01 5.742922673980004333e-01
-7.481918276873508189e-01 5.579546737047251792e-01
-7.783867900404736195e-01 5.416116522318918935e-01
-8.083802430588787891e-01 5.252835416567155358e-01
-8.381492376269283895e-01 5.089906806564117314e-01
-8.676708246289838167e-01 4.927534079081951623e-01
-8.969220549494077988e-01 4.765920620892812876e-01
-9.258799794725612875e-01 4.605269818768848999e-01
-9.545216490828065670e-01 4.445785059482214585e-01
-9.828241146645055881e-01 4.287669729805058672e-01
-1.010764427102019747e+00 4.131127216509534739e-01
-1.038319637279711660e+00 3.976360906367790715e-01
-1.065466796081942391e+00 3.823574186151981746e-01
-1.092182954393074112e+00 3.672970442634255761e-01
-1.118445163097468553e+00 3.524753062586767904e-01
-1.144230473079488108e+00 3.379125432781666660e-01
-1.169515935223494285e+00 3.236290939991103843e-01
-1.194278600413848368e+00 3.096452970987230158e-01
-1.218495519534912752e+00 2.959814912542198528e-01
-1.242143743471049389e+00 2.826580151428159104e-01
-1.265200323106619340e+00 2.696952074417266476e-01
-1.287642309325986112e+00 2.571134068281666907e-01
-1.309446753013509879e+00 2.449329519793513599e-01
-1.330590705053553924e+00 2.331741815724958367e-01
-1.351051216330478866e+00 2.218574342848152470e-01
-1.370805337728647100e+00 2.110030487935245780e-01
-1.389830120132420355e+00 2.006313637758392610e-01
-1.408102614426160581e+00 1.907627179089742275e-01
-1.425599871494229953e+00 1.814174498701446314e-01
-1.442298942220989311e+00 1.726158983365655708e-01
-1.458176877490801493e+00 1.643784019854522827e-01
-1.473210728188027785e+00 1.567252994940198096e-01
-1.487377545197031026e+00 1.496769295394833332e-01
-1.500654379402171612e+00 1.432536307990580071e-01
-1.513018281687811939e+00 1.374757419499589295e-01
-1.524446302938315068e+00 1.323636016694012263e-01
-1.534915494038040507e+00 1.279375486346000235e-01
-1.544402905871352871e+00 1.242179215227704747e-01
-1.552885589322611448e+00 1.212250590111277476e-01
-1.560340595276179076e+00 1.189792997768868849e-01
-1.566744974616418151e+00 1.175009824972630540e-01
-1.572075778227690179e+00 1.168104458494714781e-01
-1.576310056994356890e+00 1.169280285107271306e-01
-1.579424861800780011e+00 1.178740691582452621e-01
-1.581397243531321717e+00 1.196689064692409848e-01
-1.582204253070343514e+00 1.223328791209293553e-01
-1.581822941302207575e+00 1.258863257905255550e-01
-1.580230359111275629e+00 1.303495851552447238e-01
-1.577403557381909849e+00 1.357429958923021263e-01
-1.573319586998471076e+00 1.420868966789126109e-01
-1.567955498845322371e+00 1.494016261922915811e-01
-1.561288343806825463e+00 1.577075231096540797e-01
-1.553295172767341192e+00 1.670249261082150938e-01
-1.543953036611231955e+00 1.773741738651899436e-01
-1.533238986222859701e+00 1.887756050577936995e-01
-1.521130072486586604e+00 2.012495583632414875e-01
-1.507603346286773949e+00 2.148163724587483780e-01
-1.492635858507783908e+00 2.294963860215296914e-01
-1.476204660033978433e+00 2.453099377288003868e-01
-1.458286801749718808e+00 2.622773662577755904e-01
-1.438859334539367429e+00 2.804190102856705669e-01
-1.417899309287286025e+00 2.997552084897003311e-01
-1.395383776877836102e+00 3.203062995470800645e-01
-1.371289788195380277e+00 3.420926221350249485e-01
-1.345594394124279614e+00 3.651345149307499427e-01
-1.318274645548896506e+00 3.894523166114703949e-01
-1.289307593353592463e+00 4.150663658544013757e-01
-1.258670288422729655e+00 4.419970013367578998e-01
-1.237086879201994671e+00 4.641050968176000935e-01
-1.244446196851288322e+00 4.699157567512279865e-01
-1.275298034303269157e+00 4.624044262830458996e-01
-1.323346333823021137e+00 4.450301312118816743e-01
-1.382295037675631555e+00 4.212518973365618202e-01
-1.445848088126184816e+00 3.945287504559137348e-01
-1.507709427439765992e+00 3.683197163687651488e-01
-1.561582997881460821e+00 3.460838208739430155e-01
-1.601172741716353487e+00 3.312800897702746772e-01
-1.620182601209530393e+00 3.273675488565875868e-01
-1.612316518626076611e+00 3.378052239317090866e-01
-1.571278436231076769e+00 3.660521407944663519e-01
