-1.163698530077155402e+00 1.610947934787566371e+00
-1.072539970449831515e+00 1.583702538577653085e+00
-9.873521311724979821e-01 1.557668035411734042e+00
-9.079213511558938965e-01 1.532800941132895112e+00
-8.340339693107575725e-01 1.509057771584223273e+00
-7.654763245478262146e-01 1.486395042608801731e+00
-7.020347557778392478e-01 1.464769270049717242e+00
-6.434956019115346537e-01 1.444136969750054567e+00
-5.896452018596507472e-01 1.424454657552900461e+00
-5.402698945329261759e-01 1.405678849301339461e+00
-4.951560188420985886e-01 1.387766060838457438e+00
-4.540899136979068551e-01 1.370672808007339150e+00
-4.168579180110890126e-01 1.354355606651070909e+00
-3.832463706923835978e-01 1.338770972612738142e+00
-3.530416106525287034e-01 1.323875421735425828e+00
-3.260299768022632549e-01 1.309625469862220948e+00
-3.019978080523246233e-01 1.295977632836207150e+00
-2.807314433134519560e-01 1.282888426500470969e+00
-2.620172214963831236e-01 1.270314366698097386e+00
-2.456414815118565798e-01 1.258211969272172492e+00
-2.313905622706106113e-01 1.246537750065781047e+00
-2.190508026833836996e-01 1.235248224922009364e+00
-2.084085416609139652e-01 1.224299909683941978e+00
-1.992501181139399169e-01 1.213649320194666092e+00
-1.913618709531997863e-01 1.203252972297265355e+00
-1.845301390894318327e-01 1.193067381834825857e+00
-1.785412614333745096e-01 1.183049064650433690e+00
-1.731815768957660484e-01 1.173154536587173613e+00
-1.682374243873447917e-01 1.163340313488131716e+00
-1.634951428188491929e-01 1.153562911196393204e+00
-1.587410711010173725e-01 1.143778845555043500e+00
-1.537615481445877841e-01 1.133944632407168251e+00
-1.483429128602987146e-01 1.124016787595852884e+00
-1.422715041588885065e-01 1.113951826964182823e+00
-1.353336609510954747e-01 1.103706266355244159e+00
-1.273157221476579615e-01 1.093236621612121651e+00
-1.180281081338751120e-01 1.082502995006084934e+00
-1.074677551969219352e-01 1.071493266421672752e+00
-9.571865880732710608e-02 1.060208281374246608e+00
-8.286530499194653954e-02 1.048648958437197187e+00
-6.899217977763570653e-02 1.036816216183914285e+00
-5.418376919125042490e-02 1.024710973187788809e+00
-3.852455925964640843e-02 1.012334148022210112e+00
-2.209903600967908638e-02 9.996866592605689883e-01
-4.991685468204235844e-03 9.867694254762553463e-01
1.271300633792233833e-02 9.735833652426597595e-01
3.093055338184513836e-02 9.601293971331721355e-01
4.957646963670847562e-02 9.464084397211826039e-01
6.856626907565641083e-02 9.324214115800816272e-01
8.781546567183355634e-02 9.181692312832593350e-01
1.072395733983842192e-01 9.036528174041055239e-01
1.267541062284526510e-01 8.888730885160109896e-01
1.462745781351831864e-01 8.738309631923658616e-01
1.657165030917202297e-01 8.585273600065598254e-01
1.849953950712079631e-01 8.429631975319836767e-01
2.040267680467907074e-01 8.271393943420273231e-01
2.227261359916129779e-01 8.110568690100811162e-01
2.410090128788190955e-01 7.947165401095348525e-01
2.587909126815529648e-01 7.781193262137797717e-01
2.759873493729595451e-01 7.612661458962050043e-01
2.925138369261826576e-01 7.441579177302010129e-01
3.082858893143670675e-01 7.267955602891581490e-01
3.232190205106567626e-01 7.091799921464666534e-01
3.372287444881961749e-01 6.913121318755165445e-01
3.502305752201295697e-01 6.731928980496981740e-01
3.621400266796013789e-01 6.548232092424016715e-01
3.728726128397559236e-01 6.362039840270172775e-01
3.823438476737374692e-01 6.173361409769353436e-01
3.904692451546902809e-01 5.982205986655457775e-01
3.971643192557588464e-01 5.788582756662391526e-01
4.023445839500873755e-01 5.592500905524051547e-01
4.059255532108203002e-01 5.393969618974346902e-01
4.078227410111018858e-01 5.192998082747173338e-01
4.079516613240765643e-01 4.989595482576436591e-01
4.062278281228883237e-01 4.783771004196034626e-01
4.025667553806818733e-01 4.575533833339874290e-01
3.968839570706013675e-01 4.364893155741854658e-01
3.890949471657912384e-01 4.151858157135879246e-01
3.791152396393955293e-01 3.936438023255848240e-01
3.668603484645590607e-01 3.718641939835666821e-01
3.522457876144255429e-01 3.498479092609233509e-01
3.352103929307703178e-01 3.275769912521537819e-01
3.159227855621920544e-01 3.048475070574093726e-01
2.946823106035331152e-01 2.813497227740564544e-01
2.717898244603206281e-01 2.567726813250499340e-01
2.475461835380811659e-01 2.308054256333438858e-01
2.222522442423422451e-01 2.031369986218932999e-01
1.962088629786306326e-01 1.734564432136526113e-01
1.697168961524737896e-01 1.414528023315766714e-01
1.430772001693986217e-01 1.068151188986201094e-01
1.165906314349321876e-01 6.923243583773747156e-02
9.055804635460160124e-02 2.839379607188338012e-02
6.528030133393397660e-02 -1.601175747598742802e-02
4.105825277845641386e-02 -6.429518188292029923e-02
1.819275709369600966e-02 -1.167674342259606424e-01
-3.015329314820144532e-03 -1.737394715821537761e-01
-2.226515004156481847e-02 -2.355222510285444604e-01
-3.925584868101127112e-02 -3.024267296421792595e-01
-5.370171787769449645e-02 -3.747086803795097176e-01
-6.554842007131797543e-02 -4.517810551207050995e-01
-7.492215890070672013e-02 -5.323991402643772908e-01
-8.195392484434929625e-02 -6.153007849747124114e-01
-8.677470838073440829e-02 -6.992238384158977471e-01
-8.951549998835062194e-02 -7.829061497521193624e-01
-9.030729014568654456e-02 -8.650855681475642101e-01
-8.928106933123085287e-02 -9.444999427664191316e-01
-8.656782802347207095e-02 -1.019887122772870081e+00
-8.229855670089888942e-02 -1.089984957331104232e+00
-7.660424584199990172e-02 -1.153531295605307871e+00
-6.961588592526372909e-02 -1.209263986759668175e+00
-6.146446742917899969e-02 -1.255920879958371650e+00
-5.228098083223428616e-02 -1.292239824365604139e+00
-4.219639167995670181e-02 -1.316962600628933444e+00
-3.133720581201523969e-02 -1.329534205475095821e+00
-1.982035685611155743e-02 -1.330909002746692549e+00
-7.761539882327692270e-03 -1.322236654734443739e+00
4.723550039254052237e-03 -1.304666823729071279e+00
1.751921783855223472e-02 -1.279349172021293723e+00
3.050976844548460368e-02 -1.247433361901831628e+00
4.357950678996914268e-02 -1.210069055661405102e+00
5.661273780192379451e-02 -1.168405915590734923e+00
6.949376641126661647e-02 -1.123593603980541200e+00
8.210689754791554440e-02 -1.076781783121543601e+00
9.433643614178863213e-02 -1.029120115304462901e+00
1.060666871228038294e-01 -9.817582628200191008e-01
1.171945742061048928e-01 -9.357297038611267492e-01
1.276993123112969419e-01 -8.913102423139749320e-01
1.375931056590278534e-01 -8.484719418781719869e-01
1.468882467293005922e-01 -8.071860536288653076e-01
1.555970280021181651e-01 -7.674238286412021770e-01
1.637317419574836341e-01 -7.291565179903297667e-01
1.713046810753998950e-01 -6.923553727513954703e-01
1.783281378358700653e-01 -6.569916439995462376e-01
1.848144047188970684e-01 -6.230365828099294623e-01
1.907757742044838833e-01 -5.904614402576920940e-01
1.962245387726335999e-01 -5.592374674179819705e-01
2.011729909033490582e-01 -5.293359153659457084e-01
2.056334230766334870e-01 -5.007280351767311455e-01
2.096181277724896708e-01 -4.733850779254850094e-01
2.131393974709208106e-01 -4.472782946873548604e-01
2.162095246519297465e-01 -4.223789365374878702e-01
2.188408017955194851e-01 -3.986582545510313769e-01
2.210455213816931164e-01 -3.760874998031322747e-01
2.228359758904535914e-01 -3.546379233689379018e-01
2.242244578018039169e-01 -3.342807763235954854e-01
2.252232595957471828e-01 -3.149873097422524193e-01
2.258446737522862569e-01 -2.967287747000558196e-01
2.261009927514241458e-01 -2.794764222721530800e-01
2.260045090731638839e-01 -2.632015035336912612e-01
2.255675151975085613e-01 -2.478752695598177569e-01
2.248023036044609901e-01 -2.334689714256797388e-01
2.237211667740243437e-01 -2.199538602064243786e-01
2.223363971862015731e-01 -2.073011869771990423e-01
2.206602873209956017e-01 -1.954822028131508738e-01
2.187051296584094917e-01 -1.844681587894269892e-01
2.164832166784461664e-01 -1.742303059811750043e-01
2.140068408611088546e-01 -1.647398954635417023e-01
2.112882946864003131e-01 -1.559681783116746989e-01
2.083398706343236317e-01 -1.478864056007210548e-01
2.051738611848818172e-01 -1.404658284058279971e-01
2.018025588180779040e-01 -1.336776978021428086e-01
1.982382560139147876e-01 -1.274932648648126887e-01
1.944932452523955579e-01 -1.218837806689849340e-01
1.905798190135231940e-01 -1.168204962898067301e-01
1.865102697773006746e-01 -1.122746628024253041e-01
1.822968900237310341e-01 -1.082175312819879665e-01
1.779519722328172515e-01 -1.046203528036419028e-01
1.734878088845623612e-01 -1.014543784425344236e-01
1.689166924589693142e-01 -9.869085927381261725e-02
1.642509154360411450e-01 -9.630104637262382195e-02
1.595027702957807769e-01 -9.425619081411522326e-02
1.546845495181912999e-01 -9.252754367343413167e-02
1.498085455832756374e-01 -9.108635602572776047e-02
1.448870509710369348e-01 -8.990387894614329523e-02
1.399323581614780321e-01 -8.895136350982803253e-02
1.349567596346019915e-01 -8.820006079192919957e-02
1.299725478704118475e-01 -8.762122186759402354e-02
1.249920153489105373e-01 -8.718609781196971775e-02
1.200274545501011092e-01 -8.686593970020357880e-02
1.150911579539865559e-01 -8.663199860744281999e-02
1.101954180405698841e-01 -8.645552560883465465e-02
1.053525272898540449e-01 -8.630777177952632384e-02
1.005747781818420727e-01 -8.615998819466509639e-02
9.587446319653698812e-02 -8.598342592939819951e-02
9.126387481394176993e-02 -8.574933605887284649e-02
8.675530551405939705e-02 -8.542896965823632005e-02
8.236104777689291778e-02 -8.499357780263579187e-02
7.809339408244528324e-02 -8.441441156721857242e-02
7.396463691071952784e-02 -8.366272202713184725e-02
6.998706874171864434e-02 -8.270976025752285743e-02
6.617298205544562550e-02 -8.152677733353887179e-02
6.253466933190349186e-02 -8.008502433032711754e-02
5.908442305109530557e-02 -7.835575232303487736e-02
5.583453569302389286e-02 -7.631021238680928132e-02
5.279729973769237139e-02 -7.391965559679762598e-02
4.998500766510370619e-02 -7.115533302814715244e-02
4.740995195526091083e-02 -6.798849575600510176e-02
4.508442508816700584e-02 -6.439039485551870112e-02
4.302071954382496316e-02 -6.033228140183518468e-02
4.123112780223779639e-02 -5.578540647010180042e-02
3.972794234340849828e-02 -5.072102113546576863e-02
