8.349552624884190033e-01 1.953888575948143358e-01
7.996335597350113789e-01 8.582042570033854290e-02
7.630815102610447598e-01 -1.813973950014491007e-02
7.253811577809329281e-01 -1.166341186748948572e-01
6.866145460090888886e-01 -2.098051924921704725e-01
6.468637186599256461e-01 -2.977954416202306942e-01
6.062107194478565386e-01 -3.807473467273344014e-01
5.647375920872945709e-01 -4.588033884817405705e-01
5.225263802926535250e-01 -5.321060475517080945e-01
4.796591277783466278e-01 -6.007978046054961441e-01
4.362178782587865511e-01 -6.650211403113636122e-01
3.922846754483869103e-01 -7.249185353375695584e-01
3.479415630615608213e-01 -7.806324703523723763e-01
3.032705848127217885e-01 -8.323054260240319024e-01
2.583537844162829833e-01 -8.800798830208069745e-01
2.132732055866574661e-01 -9.240983220109555418e-01
1.681108920382587690e-01 -9.645032236627378852e-01
1.229488874854997027e-01 -1.001437068644412509e+00
7.786923564279397969e-02 -1.035042337624237918e+00
3.295398022455452852e-02 -1.065461511270473505e+00
-1.171483505480537014e-02 -1.092837070251378329e+00
-5.605516648087218584e-02 -1.117311495235211449e+00
-9.998497033923310628e-02 -1.139027266890231482e+00
-1.434222029154746392e-01 -1.158126865884697709e+00
-1.862848204951834119e-01 -1.174752772886868302e+00
-2.284907793639465168e-01 -1.189047468565003429e+00
-2.699580358073503938e-01 -1.201153433587361485e+00
-3.106045461109819827e-01 -1.211213148622200864e+00
-3.503482665604278901e-01 -1.219369094337781734e+00
-3.891071534412748889e-01 -1.225763751402362267e+00
-4.267991630391098634e-01 -1.230539600484201523e+00
-4.633422516395195867e-01 -1.233839122251558784e+00
-4.986543755280907209e-01 -1.235804797372692665e+00
-5.326534909904102610e-01 -1.236579106515862891e+00
-5.652575543120643697e-01 -1.236304530349326747e+00
-5.963845217786402086e-01 -1.235123549541344623e+00
-6.259523496757243288e-01 -1.233178644760175580e+00
-6.538789942889039475e-01 -1.230612296674077788e+00
-6.800824119037652826e-01 -1.227566985951310752e+00
-7.044805588058954404e-01 -1.224185193260133087e+00
-7.269913912808810830e-01 -1.220609399268804074e+00
-7.475334314260827506e-01 -1.216981604968939257e+00
-7.660816296605815756e-01 -1.213395973273825090e+00
-7.827145871985802250e-01 -1.209858795356022920e+00
-7.975220247372604154e-01 -1.206366935655531547e+00
-8.105936629738038635e-01 -1.202917258612350881e+00
-8.220192226053930629e-01 -1.199506628666479502e+00
-8.318884243292090641e-01 -1.196131910257917541e+00
-8.402909888424340279e-01 -1.192789967826663799e+00
-8.473166368422501149e-01 -1.189477665812718188e+00
-8.530550890258390417e-01 -1.186191868656079951e+00
-8.575960660903824140e-01 -1.182929440796748111e+00
-8.610292887330626144e-01 -1.179687246674722134e+00
-8.634444776510610264e-01 -1.176462150730001710e+00
-8.649313535415596998e-01 -1.173251017402586083e+00
-8.655796371017407953e-01 -1.170050711132474941e+00
-8.654790490287855853e-01 -1.166858096359666641e+00
-8.647193100198764526e-01 -1.163670037524161982e+00
-8.633901407721951138e-01 -1.160483399065959098e+00
-8.615812619829233965e-01 -1.157295045425058122e+00
-8.593823943492431283e-01 -1.154101841041457632e+00
-8.568832585683360259e-01 -1.150900650355157762e+00
-8.541735753373845830e-01 -1.147688337806157977e+00
-8.513430653535701831e-01 -1.144461767834457300e+00
-8.484814493140746539e-01 -1.141217804880054976e+00
-8.456784479160799339e-01 -1.137953313382950471e+00
-8.430237818567680730e-01 -1.134665157783143474e+00
-8.406071718333208986e-01 -1.131350202520633008e+00
-8.385183385429202385e-01 -1.128005312035418539e+00
-8.368470026827475872e-01 -1.124627350767499534e+00
-8.356828849499854384e-01 -1.121213183156875237e+00
-8.351157060418155087e-01 -1.117759673643545337e+00
-8.352351866554195148e-01 -1.114263686667509079e+00
-8.361310474879792842e-01 -1.110722086668765263e+00
-8.378930092366766447e-01 -1.107131738087313799e+00
-8.406107925986938678e-01 -1.103489505363154155e+00
-8.443741182712121152e-01 -1.099792252936285353e+00
-8.492727069514141025e-01 -1.096036845246707081e+00
-8.554337056404986983e-01 -1.092150772860180918e+00
-8.631354650707192544e-01 -1.087781253179036733e+00
-8.726945152781618864e-01 -1.082504733961312082e+00
-8.844273863002953817e-01 -1.075897662962478796e+00
-8.986506081745890828e-01 -1.067536487938010259e+00
-9.156807109385121102e-01 -1.056997656643378747e+00
-9.358342246295330291e-01 -1.043857616834056534e+00
-9.594276792851217373e-01 -1.027692816265516340e+00
-9.867776049427467999e-01 -1.008079702693230661e+00
-1.018200421900715247e+00 -9.845948289750279248e-01
-1.053762799753161339e+00 -9.570539459604837651e-01
-1.092749546766780488e+00 -9.260216298527175205e-01
-1.134292883562969534e+00 -8.922085972168610768e-01
-1.177525030763126201e+00 -8.563255646180466529e-01
-1.221578208988648218e+00 -8.190832486214064678e-01
-1.265584638860933087e+00 -7.811923657920722963e-01
-1.308676541001378091e+00 -7.433636326951764683e-01
-1.349986136031380957e+00 -7.063077658958509808e-01
-1.388645644572338522e+00 -6.707354819592281636e-01
-1.423787287245649846e+00 -6.373574974504395696e-01
-1.454543284672711767e+00 -6.068845289346175287e-01
-1.480045857474921345e+00 -5.800272929768941488e-01
-1.499427226273676750e+00 -5.574965061424014268e-01
-1.511819611690375265e+00 -5.400028849962714705e-01
-1.516355234346414171e+00 -5.282571461036363880e-01
-1.512166314863191419e+00 -5.229700060296283981e-01
-1.498385073862104067e+00 -5.248521813393791646e-01
-1.474143731964549620e+00 -5.346143885980212396e-01
-1.438574509791926692e+00 -5.529673443706865088e-01
-1.391331375931787129e+00 -5.802119524118750649e-01
-1.334908781777647713e+00 -6.144180272955342970e-01
-1.272763123366174254e+00 -6.528998133520200753e-01
-1.208351564743414652e+00 -6.929709516700787164e-01
-1.145131269955415032e+00 -7.319450833384556487e-01
-1.086559403048222849e+00 -7.671358494458970778e-01
-1.036093128067885116e+00 -7.958568910811487651e-01
-9.971896090604491780e-01 -8.154218493329564721e-01
-9.731607398586138435e-01 -8.232598450612524932e-01
-9.638699984543916965e-01 -8.195412511903619190e-01
-9.656718181004292356e-01 -8.072258884897206554e-01
-9.747632349015959985e-01 -7.893986975739921697e-01
-9.873412849627617449e-01 -7.691446190578402620e-01
-1.000086060518706521e+00 -7.491494597283389067e-01
-1.012207285062225237e+00 -7.300088729848132063e-01
-1.023739933632801469e+00 -7.116366332726539179e-01
-1.034719438196665786e+00 -6.939461374932974769e-01
-1.045181230720048982e+00 -6.768507825481802076e-01
-1.055160743169182069e+00 -6.602639653387383234e-01
-1.064693407510294954e+00 -6.440990827664075935e-01
-1.073814655709619315e+00 -6.282695317326245643e-01
-1.082559919733385945e+00 -6.126887091388256712e-01
-1.090964631547825192e+00 -5.972700118864470165e-01
-1.099064223119167849e+00 -5.819268368769247024e-01
-1.106894126413644930e+00 -5.665725810116950534e-01
-1.114489773397486561e+00 -5.511206411921942827e-01
-1.121886596036924866e+00 -5.354844143198588258e-01
-1.129120026298189083e+00 -5.195772972961245628e-01
-1.136225496147510894e+00 -5.033126870224278182e-01
-1.143238437551120645e+00 -4.866039804002050273e-01
-1.150194282475249796e+00 -4.693645743308923479e-01
-1.157128462886128029e+00 -4.515078657159258269e-01
-1.164076410749987023e+00 -4.329472514567420105e-01
-1.171073558033057127e+00 -4.135961284547768346e-01
-1.178155336701568912e+00 -3.933678936114670122e-01
-1.185357178721753835e+00 -3.721759438282481458e-01
-1.192714516059842023e+00 -3.499336760065566154e-01
-1.200262780682064934e+00 -3.265544870478289119e-01
-1.208037404554652250e+00 -3.019517738535009710e-01
-1.216073819643835874e+00 -2.760389333250093391e-01
-1.224407457915845931e+00 -2.487293623637900075e-01
-1.233073751336913215e+00 -2.199364578712793838e-01
-1.242108131873268517e+00 -1.895736167489135149e-01
-1.251546031491143074e+00 -1.575542358981288638e-01
-1.261422882156767233e+00 -1.237917122203614356e-01
-1.271774115836371788e+00 -8.819944261704761035e-02
-1.282635164496187086e+00 -5.069082398962353186e-02
-1.293852730433672882e+00 -1.149619874222222726e-02
-1.304367460135251955e+00 2.763249469232877467e-02
-1.312848429963217489e+00 6.448725323556585287e-02
-1.317964665344723452e+00 9.685998827046692072e-02
-1.318385191706922255e+00 1.225426111800097806e-01
-1.312779034476967199e+00 1.393270333471723910e-01
-1.299815219082012030e+00 1.450051661549326409e-01
-1.278162770949209381e+00 1.373689209862684613e-01
-1.246490715505712110e+00 1.142102092241575328e-01
-1.203468078178673739e+00 7.332094225157796685e-02
-1.148127112797708183e+00 1.308874310426827621e-02
-1.087379426151017681e+00 -5.517664528180710876e-02
-1.030845519003437349e+00 -1.157618598247180941e-01
-9.792767677860768627e-01 -1.675712752961803498e-01
-9.324365027143242113e-01 -2.111374479953693206e-01
-8.900880540035704946e-01 -2.469929342214571000e-01
-8.519947518692057020e-01 -2.756702902736168359e-01
-8.179199265266198227e-01 -2.977020724510217042e-01
-7.876269081912032899e-01 -3.136208370528451583e-01
-7.608790270783454268e-01 -3.239591403782602352e-01
-7.374396134034367778e-01 -3.292495387264400830e-01
-7.170719973818669990e-01 -3.300245883965580718e-01
-6.995395092290266348e-01 -3.268168456877874051e-01
-6.846054791603053413e-01 -3.201588668993013420e-01
-6.720332373910931079e-01 -3.105832083302730307e-01
-6.615861141367800347e-01 -2.986224262798757301e-01
-6.530274396127563330e-01 -2.848090770472826438e-01
-6.461205440344118811e-01 -2.696757169316670311e-01
-6.406287576171365572e-01 -2.537549022322020953e-01
-6.363154105763205726e-01 -2.375791892480610956e-01
-6.329438331273540275e-01 -2.216811342784172356e-01
-6.302773554856268001e-01 -2.065932936224438299e-01
-6.280793078665289908e-01 -1.928482235793139155e-01
-6.261130204854504777e-01 -1.809784804482008902e-01
-6.241418235577815832e-01 -1.715166205282778744e-01
-6.219290472989119634e-01 -1.649952001187180717e-01
-6.192380219242318296e-01 -1.619467755186948521e-01
-6.158320776491312820e-01 -1.629039030273813360e-01
-6.114745446890006431e-01 -1.683991389439506159e-01
-6.059287532592292358e-01 -1.789650395675760897e-01
-5.989580335752073825e-01 -1.951341611974309886e-01
-5.903257158523252945e-01 -2.174390601326884886e-01
-5.797951303059729611e-01 -2.464122926725218488e-01
-5.671296071515400383e-01 -2.825864151161042725e-01
-5.520924766044170706e-01 -3.264939837626090191e-01
-5.344470688799937141e-01 -3.786675549112092365e-01
-5.139567141936601802e-01 -4.396396848610782393e-01
