-1.350682219894548952e+00 1.565188441614694947e-01
-1.255617229973598814e+00 5.752744571456622213e-02
-1.166774015349538285e+00 -3.491027318459002243e-02
-1.083968287586279944e+00 -1.209862500873206542e-01
-1.007015758247734372e+00 -2.008924225449472134e-01
-9.357321388978122600e-01 -2.748207281087908793e-01
-8.699331411004255221e-01 -3.429631043301730187e-01
-8.094344764194850717e-01 -4.055114887604153173e-01
-7.540518564189021555e-01 -4.626578189508389061e-01
-7.036009926625883537e-01 -5.145940324527652487e-01
-6.578975967144543580e-01 -5.615120668175159757e-01
-6.167573801384115262e-01 -6.036038595964118292e-01
-5.799960544983711053e-01 -6.410613483407748836e-01
-5.474293313582442311e-01 -6.740764706019263253e-01
-5.188729222819421505e-01 -7.028411639311874515e-01
-4.941425388333762769e-01 -7.275473658798794485e-01
-4.730538925764576907e-01 -7.483870139993245019e-01
-4.554226950750974723e-01 -7.655520458408431317e-01
-4.410646578932069795e-01 -7.792343989557571904e-01
-4.297954925946972371e-01 -7.896260108953877532e-01
-4.214309107434797141e-01 -7.969188192110565616e-01
-4.157866239034654354e-01 -8.013047614540849128e-01
-4.126783436385657033e-01 -8.029757751757941042e-01
-4.119217815126916538e-01 -8.021237979275054331e-01
-4.133326490897545336e-01 -7.989407672605405297e-01
-4.167266579336657006e-01 -7.936186207262209136e-01
-4.219195196083360688e-01 -7.863492958758675488e-01
-4.287269456776770515e-01 -7.773247302608019549e-01
-4.369646477055997291e-01 -7.667368614323456510e-01
-4.464483372560154040e-01 -7.547776269418200457e-01
-4.569937258928353230e-01 -7.416389643405465470e-01
-4.684159324923995449e-01 -7.274939454712019415e-01
-4.805274502527152047e-01 -7.124320647828464859e-01
-4.931400455129121840e-01 -6.965196802383386565e-01
-5.060654845862270212e-01 -6.798231489763435498e-01
-5.191155337858963659e-01 -6.624088281355270391e-01
-5.321019594251568119e-01 -6.443430748545539988e-01
-5.448365278172452308e-01 -6.256922462720901912e-01
-5.571310052753982722e-01 -6.065226995268013788e-01
-5.687971581128525855e-01 -5.869007917573524358e-01
-5.796467526428448203e-01 -5.668928801024092357e-01
-5.894915551786116259e-01 -5.465653217006373188e-01
-5.981433320333896519e-01 -5.259844736907020035e-01
-6.054138495204157699e-01 -5.052166932112687192e-01
-6.111148739529264073e-01 -4.843283374010028952e-01
-6.150581716441586577e-01 -4.633857633985702940e-01
-6.170555089073486155e-01 -4.424553283426361228e-01
-6.169186520557334852e-01 -4.216033893718660330e-01
-6.144593674025495833e-01 -4.008963036249255096e-01
-6.094894212610338924e-01 -3.804004282404797599e-01
-6.018205799444228399e-01 -3.601821203571944352e-01
-5.912646097659531863e-01 -3.403077371137350760e-01
-5.776332770388616922e-01 -3.208436356487670560e-01
-5.607383480763848960e-01 -3.018561731009559157e-01
-5.403915891917595582e-01 -2.834117066089670844e-01
-5.164047666982224394e-01 -2.655765933114660471e-01
-4.885896469090100780e-01 -2.484171903471183440e-01
-4.567579961373591790e-01 -2.319998548545894046e-01
-4.207215806965068916e-01 -2.163909439725448247e-01
-3.802921668996889770e-01 -2.016568148396497839e-01
-3.353396821577954712e-01 -1.878595338607323695e-01
-2.861373332228204225e-01 -1.750314162085307157e-01
-2.331291812551731790e-01 -1.631921725689167157e-01
-1.767599026018367436e-01 -1.523614682434428214e-01
-1.174741736097942024e-01 -1.425589685336613177e-01
-5.571667062602888437e-02 -1.338043387411244067e-01
8.067930002476070631e-03 -1.261172441673845124e-01
7.343495192873772393e-02 -1.195173501139939060e-01
1.399397188057728836e-01 -1.140243218825049559e-01
2.071375542865984132e-01 -1.096578247744699197e-01
2.745837820242311156e-01 -1.064375240914411241e-01
3.418337256716873496e-01 -1.043830851349709515e-01
4.084427088819853058e-01 -1.035141732066116038e-01
4.739660553081411209e-01 -1.038504536079154633e-01
5.379590886031718755e-01 -1.054115916404348846e-01
5.999771324200940947e-01 -1.082172526057220974e-01
6.595755104119248591e-01 -1.122871018053294562e-01
7.163095462316810824e-01 -1.176408045408093156e-01
7.697345635323795676e-01 -1.242980261137139331e-01
8.194058859670371175e-01 -1.322784318255956493e-01
8.648788371886709792e-01 -1.416016869780067911e-01
9.057087408502974002e-01 -1.522874568724996436e-01
9.414515864652961419e-01 -1.643545369602336659e-01
9.717490145118836686e-01 -1.777098320773803086e-01
9.964118182369718912e-01 -1.920392733985532285e-01
1.015270622864774763e+00 -2.070028844843554428e-01
1.028156053619505572e+00 -2.222606888953896631e-01
1.034898735725378049e+00 -2.374727101922586847e-01
1.035329294406605705e+00 -2.522989719355652749e-01
1.029278354887401603e+00 -2.663994976859121455e-01
1.016576666868972412e+00 -2.794343801335102406e-01
9.972936051332540464e-01 -2.911962349186066890e-01
9.722341133676175584e-01 -3.018861836147122002e-01
9.423444162266246815e-01 -3.117838096674034887e-01
9.085707383648364832e-01 -3.211686965222573242e-01
8.718593044368136979e-01 -3.303204276248503657e-01
8.331563390971181704e-01 -3.395185864207593274e-01
7.934080670003101909e-01 -3.490427563555610901e-01
7.535607128009512712e-01 -3.591725208748323683e-01
7.145605011536023676e-01 -3.701874634241497652e-01
6.773536567128246588e-01 -3.823671674490900507e-01
6.428864041331795454e-01 -3.959912163952299946e-01
6.121049680692278727e-01 -4.113391937081463112e-01
5.859555731755307084e-01 -4.286906828334156039e-01
5.653844441066493420e-01 -4.483252672166148090e-01
5.513378055171448411e-01 -4.705225303033205297e-01
5.447618820615783841e-01 -4.955620555391095361e-01
5.466028983945110387e-01 -5.237234263695585978e-01
5.578070791705038722e-01 -5.552862262402442628e-01
5.793206490441180634e-01 -5.905300385967435783e-01
6.120898326699147907e-01 -6.297344468846328702e-01
6.570608547024551216e-01 -6.731790345494892414e-01
7.151799397963002347e-01 -7.211433850368893506e-01
7.817270242608952424e-01 -7.722693043393590306e-01
8.004237821396682495e-01 -8.102376984205559296e-01
7.555524851474810788e-01 -8.293033723886003017e-01
6.953554440208394860e-01 -8.412143010585403369e-01
6.449796251579675843e-01 -8.522419280458622959e-01
6.046410433781308491e-01 -8.626616223380982884e-01
5.735151034422204530e-01 -8.724984786583248608e-01
5.507772101111262364e-01 -8.817775917296183374e-01
5.356027681457390388e-01 -8.905240562750552646e-01
5.271671823069492557e-01 -8.987629670177124108e-01
5.246458573556475047e-01 -9.065194186806661003e-01
5.272141980527242922e-01 -9.138185059869929905e-01
5.340476091590701246e-01 -9.206853236597694057e-01
5.443214954355751756e-01 -9.271449664220721143e-01
5.572112616431305065e-01 -9.332225289969774407e-01
5.718923125426260690e-01 -9.389431061075618201e-01
5.875400528949527024e-01 -9.443317924769019100e-01
6.033298874610008022e-01 -9.494136828280742568e-01
6.184372210016608751e-01 -9.542138718841550737e-01
6.320374582778237604e-01 -9.587574543682216843e-01
6.433060040503796317e-01 -9.630695250033497468e-01
6.514182630802185514e-01 -9.671751785126159184e-01
6.555496401282320251e-01 -9.710995096190971898e-01
6.548755399553097822e-01 -9.748676130458695521e-01
6.485713673223425513e-01 -9.785045835160098848e-01
6.358125269902209498e-01 -9.820355157525946233e-01
6.159912149953513660e-01 -9.855209512478869671e-01
5.905066467032272781e-01 -9.893495920750706718e-01
5.618446720642527037e-01 -9.940878120574032639e-01
5.325018378150867537e-01 -1.000303734011559031e+00
5.049746906923908707e-01 -1.008565480754211041e+00
4.817597774328258309e-01 -1.019441175102033803e+00
4.653536447730522996e-01 -1.033498939871700717e+00
4.582528394497310531e-01 -1.051306897879885405e+00
4.629539081995227012e-01 -1.073433171943261710e+00
4.819533977590882978e-01 -1.100445884878504144e+00
5.177478548650883416e-01 -1.132913159502285438e+00
5.720614067005396208e-01 -1.171146533699977788e+00
6.429055901786824290e-01 -1.214224284605292636e+00
7.271778929307648465e-01 -1.260854620705777362e+00
8.217755898356899902e-01 -1.309745679816189723e+00
9.235959557723597557e-01 -1.359605599751285254e+00
1.029536265619676705e+00 -1.409142518325821491e+00
1.136493794256543177e+00 -1.457064573354554193e+00
1.241365816561862179e+00 -1.502079902652240673e+00
1.341049607414534606e+00 -1.542896644033636022e+00
1.432442441693464463e+00 -1.578222935313498665e+00
1.512441594277552870e+00 -1.606766914306583915e+00
1.577944340045703830e+00 -1.627236718827649087e+00
1.625847953876818019e+00 -1.638340486691450160e+00
1.653284134116401072e+00 -1.638902819397675348e+00
1.660675056266924354e+00 -1.629383057068541252e+00
1.650869230662830756e+00 -1.611445964775840345e+00
1.626771718613092998e+00 -1.586784402623724777e+00
1.591287581426688469e+00 -1.557091230716348695e+00
1.547321880412588779e+00 -1.524059309157863584e+00
1.497779676879771094e+00 -1.489381498052423591e+00
1.445566031814148555e+00 -1.454750657304049843e+00
1.393122074231561758e+00 -1.421572247973166725e+00
1.341082325152471499e+00 -1.390132564772110335e+00
1.289641610221427648e+00 -1.360445517773391177e+00
1.238994755082978960e+00 -1.332525017049519978e+00
1.189336585381675304e+00 -1.306384972673006795e+00
1.140861926762064993e+00 -1.282039294716361466e+00
1.093765604868698116e+00 -1.259501893252094717e+00
1.048242445346123208e+00 -1.238786678352716830e+00
1.004487273838889916e+00 -1.219907560090737420e+00
9.626949159915471066e-01 -1.202878448538666989e+00
9.230601974486444261e-01 -1.187713253769016042e+00
8.857779438547307427e-01 -1.174425885854294860e+00
8.510429808543552577e-01 -1.163030254867013280e+00
8.190501340920672835e-01 -1.153540270879682028e+00
7.899942292124161325e-01 -1.145969843964810941e+00
7.640700918599507840e-01 -1.140332884194910079e+00
7.414725476792205505e-01 -1.136643301642489945e+00
7.223964223147747443e-01 -1.134915006380061042e+00
7.070365414111622338e-01 -1.135161908480132986e+00
6.955877306129326643e-01 -1.137397918015216725e+00
6.882448155646350152e-01 -1.141636945057821872e+00
6.852026219108184879e-01 -1.147892899680458934e+00
6.866559752960322838e-01 -1.156179691955637967e+00
6.927997013648254931e-01 -1.166511231955869476e+00
7.038286257617476505e-01 -1.178901429753663743e+00
7.199375741313476240e-01 -1.193364195421530605e+00
7.413213721181748372e-01 -1.209913439031980564e+00
7.681748453667784915e-01 -1.228563070657523904e+00
8.006928195217077882e-01 -1.249327000370670682e+00
8.390701202275117065e-01 -1.272219138243930958e+00
