-4.317658588537068853e-01 -1.686327660764317615e+00
-4.492021956072340672e-01 -1.624093808369330150e+00
-4.661425544747132554e-01 -1.564035601702288947e+00
-4.826108661514718068e-01 -1.506103344448628478e+00
-4.986310613328375219e-01 -1.450247340293785214e+00
-5.142270707141369801e-01 -1.396417892923193627e+00
-5.294228249906978157e-01 -1.344565306022289297e+00
-5.442422548578473851e-01 -1.294639883276508030e+00
-5.587092910109132671e-01 -1.246591928371285407e+00
-5.728478641452224851e-01 -1.200371744992057010e+00
-5.866819049561023958e-01 -1.155929636824257090e+00
-6.002353441388803557e-01 -1.113215907553322781e+00
-6.135321123888838324e-01 -1.072180860864688112e+00
-6.265961404014401825e-01 -1.032774800443789998e+00
-6.394513588718764296e-01 -9.949480299760629087e-01
-6.521216984955200413e-01 -9.586508531469423167e-01
-6.646310899676987072e-01 -9.238335736418641364e-01
-6.770034639837393398e-01 -8.904464951462637279e-01
-6.892627512389697397e-01 -8.584399213455768951e-01
-7.014328824287167086e-01 -8.277641559252381098e-01
-7.135377882483074918e-01 -7.983695025706832871e-01
-7.256013993930697792e-01 -7.702062649673481198e-01
-7.376476465583312603e-01 -7.432247468006683011e-01
-7.497004604394188476e-01 -7.173752517560789688e-01
-7.617837717316595647e-01 -6.926080835190154827e-01
-7.739215111303813233e-01 -6.688735457749134250e-01
-7.861376093309112578e-01 -6.461219422092083775e-01
-7.984559970285766139e-01 -6.243035765073357002e-01
-8.109006049187047482e-01 -6.033687523547308640e-01
-8.234953636966229062e-01 -5.832677734368295619e-01
-8.362642040576586666e-01 -5.639509434390669318e-01
-8.492310566971391639e-01 -5.453685660468784446e-01
-8.624198523103920877e-01 -5.274709449456999044e-01
-8.758545215927443506e-01 -5.102083838209664490e-01
-8.895589952395233091e-01 -4.935311863581137160e-01
-9.035572039460566529e-01 -4.773896562425771761e-01
-9.178730784076717386e-01 -4.617340971597925781e-01
-9.325305493196951456e-01 -4.465148127951946710e-01
-9.475535473774551187e-01 -4.316821068342195367e-01
-9.629660032762783484e-01 -4.171862829623023128e-01
-9.787918477114927462e-01 -4.029776448648788589e-01
-9.950550113784251138e-01 -3.890064962273841465e-01
-1.011777163523942535e+00 -3.752252033421443755e-01
-1.028949034307770960e+00 -3.616143512185726605e-01
-1.046538937595221208e+00 -3.481749701709933587e-01
-1.064514686038086078e+00 -3.349085476572267739e-01
-1.082844092288158588e+00 -3.218165711350934877e-01
-1.101494968997231316e+00 -3.089005280624135819e-01
-1.120435128817097503e+00 -2.961619058970075824e-01
-1.139632384399550169e+00 -2.836021920966958487e-01
-1.159054548396381668e+00 -2.712228741192986847e-01
-1.178669433459385241e+00 -2.590254394226363943e-01
-1.198444852240353908e+00 -2.470113754645295312e-01
-1.218348617391080912e+00 -2.351821697027983715e-01
-1.238348541563357941e+00 -2.235393095952631914e-01
-1.258412437408978679e+00 -2.120842825997444892e-01
-1.278508117579735481e+00 -2.008185761740625130e-01
-1.298603394727422478e+00 -1.897436777760377058e-01
-1.318666081503831133e+00 -1.788610748634905379e-01
-1.338663990560755135e+00 -1.681722548942410633e-01
-1.358564934549987724e+00 -1.576787053261098637e-01
-1.378336726123320588e+00 -1.473819136169172150e-01
-1.397947177932547413e+00 -1.372833672244835324e-01
-1.417364102629460998e+00 -1.273845536066292305e-01
-1.436555312865854361e+00 -1.176869602211745858e-01
-1.455488621293520080e+00 -1.081920745259399852e-01
-1.474131840564251394e+00 -9.890138397874581599e-02
-1.492452783329840660e+00 -8.981637603741238207e-02
-1.510419262242081340e+00 -8.093853815976013999e-02
-1.527999089952766232e+00 -7.226935780360936590e-02
-1.545160079113687912e+00 -6.381032242678046085e-02
-1.561870042376638956e+00 -5.556291948709388140e-02
-1.578096792393413716e+00 -4.752863644236979268e-02
-1.593808141815803658e+00 -3.970896075042867207e-02
-1.608971903295601580e+00 -3.210537986909088592e-02
-1.623555889484601611e+00 -2.471938125617675897e-02
-1.637527913034595883e+00 -1.755245236950670612e-02
-1.650855786597377195e+00 -1.060608066690104344e-02
-1.663507322824738788e+00 -3.881753606180156791e-03
-1.675450334368473460e+00 2.619041354835584430e-03
-1.686652633880373342e+00 8.894816758325799558e-03
-1.697082034012232787e+00 1.494408514647017905e-02
-1.706706347415843261e+00 2.076535906144832619e-02
-1.715493386742998450e+00 2.635715104543986248e-02
-1.723410964645491372e+00 3.171797364062439728e-02
-1.730426893775114383e+00 3.684633938918166485e-02
-1.736508986783660724e+00 4.174076083329126413e-02
-1.741625056322922527e+00 4.639975051513278714e-02
-1.745742915044694143e+00 5.082182097688591610e-02
-1.748830375600767262e+00 5.500548476073027077e-02
-1.750855250642935568e+00 5.894925440884549867e-02
-1.751785352822990971e+00 6.265164246341120569e-02
-1.751588494792727158e+00 6.611116146660704629e-02
-1.750232489203936925e+00 6.932632396061266800e-02
-1.747685148708412850e+00 7.229564248760768363e-02
-1.743914285957947952e+00 7.501762958977174767e-02
-1.738887713604335472e+00 7.749079780928448680e-02
-1.732573244299368209e+00 7.971365968832555549e-02
-1.724938690694838295e+00 8.168472776907456656e-02
-1.715951865442539637e+00 8.340251459371118836e-02
-1.705580581194264145e+00 8.486553270441503372e-02
-1.693792650601805505e+00 8.607229464336571545e-02
-1.680555886316956293e+00 8.702131295274291578e-02
-1.665841092674185342e+00 8.771145684759382166e-02
-1.649817847311895846e+00 8.816529359252227305e-02
-1.632975450785867810e+00 8.844350829487263033e-02
-1.615832111662466541e+00 8.861023251809721502e-02
-1.598906038508058680e+00 8.872959782564841802e-02
-1.582715439889009312e+00 8.886573578097851922e-02
-1.567778354698459387e+00 8.908276841480992914e-02
-1.554472433786610708e+00 8.943693035367945854e-02
-1.542780666063862549e+00 8.996228298080007069e-02
-1.532617198707195927e+00 9.068901995272551919e-02
-1.523896178893593412e+00 9.164733492600968257e-02
-1.516531753800036020e+00 9.286742155720632830e-02
-1.510438070603505434e+00 9.437947350286932102e-02
-1.505529276480983558e+00 9.621368441955241435e-02
-1.501719518609452075e+00 9.840024796380951455e-02
-1.498922944165892224e+00 1.009693577921943614e-01
-1.497053700327286130e+00 1.039512075612608472e-01
-1.496025934270615920e+00 1.073759909275627533e-01
-1.495753793172861723e+00 1.112739015476538473e-01
-1.496151424211006775e+00 1.156751330780880355e-01
-1.497132974562031871e+00 1.206098791754190852e-01
-1.498612591402919136e+00 1.261083334962008196e-01
-1.500504421910650033e+00 1.322006896969870615e-01
-1.502722613262206242e+00 1.389171414343316480e-01
-1.505181312634569224e+00 1.462878823647883464e-01
-1.507795226523982013e+00 1.543427701719881084e-01
-1.510510096718988837e+00 1.630930202030616005e-01
-1.513318372025271863e+00 1.725217917481222663e-01
-1.516216360025554488e+00 1.826099261999886980e-01
-1.519200368302558779e+00 1.933382649514794605e-01
-1.522266704439007690e+00 2.046876493954130627e-01
-1.525411676017624174e+00 2.166389209246081804e-01
-1.528631590621130965e+00 2.291729209318833504e-01
-1.531922755832251237e+00 2.422704908100572208e-01
-1.535281479233707502e+00 2.559124719519483282e-01
-1.538704068408222048e+00 2.700797057503751541e-01
-1.542186830938517605e+00 2.847530335981562910e-01
-1.545726074407318462e+00 2.999132968881104699e-01
-1.549318106397346462e+00 3.155413370130559225e-01
-1.552959234491323670e+00 3.316179953658116575e-01
-1.556645766271973930e+00 3.481241133391961284e-01
-1.560374009322019306e+00 3.650405323260278445e-01
-1.564140271224183198e+00 3.823480937191254814e-01
-1.567940859561188560e+00 4.000276389113075481e-01
-1.571772081915757235e+00 4.180600092953925540e-01
-1.575630245870612400e+00 4.364260462641991190e-01
-1.579511659008478119e+00 4.551065912105460298e-01
-1.583412628912075348e+00 4.740824855272514626e-01
-1.587329463164127263e+00 4.933345706071342596e-01
-1.591258469347357707e+00 5.128436878430129298e-01
-1.595195955044488745e+00 5.325906786277062599e-01
-1.599138227838242665e+00 5.525563843540324260e-01
-1.603081595311343310e+00 5.727216464148102704e-01
-1.607022365046512746e+00 5.930673062028584130e-01
-1.610956844626474149e+00 6.135742051109952522e-01
-1.614881341633950029e+00 6.342231845320395189e-01
-1.618792163651663341e+00 6.549950858588095004e-01
-1.622685618262337037e+00 6.758707504841243718e-01
-1.626558013048693407e+00 6.968310198008019762e-01
-1.630405655593455849e+00 7.178567352016615999e-01
-1.634224853479346873e+00 7.389287380795213078e-01
-1.638011914289089432e+00 7.600278698271999422e-01
-1.641763145605405594e+00 7.811349718375157902e-01
-1.645474855011019200e+00 8.022308855032876940e-01
-1.649143350088652760e+00 8.232964522173339406e-01
-1.652764938421028340e+00 8.443125133724734832e-01
-1.656335927590869561e+00 8.652599103615249421e-01
-1.659852625180898933e+00 8.861194845773066042e-01
-1.663311338773839410e+00 9.068720774126372008e-01
-1.666708375952413279e+00 9.274985302603351300e-01
-1.670040044299343940e+00 9.479796845132192340e-01
-1.673302651397354124e+00 9.682963815641081329e-01
-1.676492504829165897e+00 9.884294628058198917e-01
-1.679605912177503102e+00 1.008359769631173686e+00
-1.682639181025087804e+00 1.028068143432987691e+00
-1.685588618954643403e+00 1.047535425604080750e+00
-1.688450533548891519e+00 1.066742457537270816e+00
-1.691221232390556439e+00 1.085670080625377620e+00
-1.693897023062359786e+00 1.104299136261218894e+00
-1.696474213147025401e+00 1.122610465837613480e+00
-1.698949110227275128e+00 1.140584910747379555e+00
-1.701318021885832144e+00 1.158203312383336403e+00
-1.703577255705418958e+00 1.175446512138301758e+00
-1.705723119268759191e+00 1.192295351405095127e+00
-1.707751920158575132e+00 1.208730671576534688e+00
-1.709659965957589067e+00 1.224733314045438615e+00
-1.711443564248524618e+00 1.240284120204625973e+00
-1.713099022614104294e+00 1.255363931446915382e+00
-1.714622648637050606e+00 1.269953589165125019e+00
-1.716010749900086507e+00 1.284033934752073280e+00
-1.717259633985934952e+00 1.297585809600579676e+00
-1.718365608477319117e+00 1.310590055103462603e+00
-1.719324980956960625e+00 1.323027512653539794e+00
-1.720134059007582872e+00 1.334879023643630092e+00
-1.720789150211909257e+00 1.346125429466552781e+00
-1.721286562152662070e+00 1.356747571515126038e+00
-1.721622602412563818e+00 1.366726291182168040e+00
-1.721793578574337458e+00 1.376042429860497629e+00
