3.132988645333398270e-01 1.661423263023997343e+00
3.638495767894329158e-01 1.562653774315364563e+00
4.097820502719507485e-01 1.469075170081212134e+00
4.512614997427653596e-01 1.380535476255566607e+00
4.884531399637487281e-01 1.296882718772452536e+00
5.215221856967724445e-01 1.217964923565894697e+00
5.506338517037088209e-01 1.143630116569918753e+00
5.759533527464295588e-01 1.073726323718550146e+00
5.976459035868064706e-01 1.008101570945813874e+00
6.158767189867115910e-01 9.466038841857356001e-01
6.308110137080170654e-01 8.890812893723402111e-01
6.426140025125944844e-01 8.353818124396529265e-01
6.514509001623158824e-01 7.853534793216990773e-01
6.574869214190530720e-01 7.388443159525042159e-01
6.608872810446781987e-01 6.957023482660932290e-01
6.618171938010629640e-01 6.557756021964916693e-01
6.604418744500795135e-01 6.189121036777246454e-01
6.569265377535996597e-01 5.849598786438174880e-01
6.514363984734952151e-01 5.537669530287956388e-01
6.441366713716384362e-01 5.251813527666839843e-01
6.351925712099006915e-01 4.990511037915079107e-01
6.247693127501543486e-01 4.752242320372929707e-01
6.130321107542712200e-01 4.535487634380640509e-01
6.001461799841230071e-01 4.338727239278465375e-01
5.862767352015817446e-01 4.160441394406657611e-01
5.715889911685194669e-01 3.999110359105469970e-01
5.562481626468080975e-01 3.853214392715154091e-01
5.404194643983194490e-01 3.721233754575962727e-01
5.242681111849255560e-01 3.601648704028150294e-01
5.079593177684981198e-01 3.492939500411968434e-01
4.916582989109093416e-01 3.393586403067668233e-01
4.755302693740308673e-01 3.302069671335503553e-01
4.597404439197348425e-01 3.216869564555728256e-01
4.444540373098930242e-01 3.136466342068593427e-01
4.298362643063773358e-01 3.059340263214351818e-01
4.160523396710598676e-01 2.983971587333257292e-01
4.032674781658123764e-01 2.908840573765560933e-01
3.916468945525067857e-01 2.832427481851516049e-01
3.813558035930151302e-01 2.753212570931375391e-01
3.725594200492092223e-01 2.669676100345391712e-01
3.654229586829609855e-01 2.580298329433817761e-01
3.601116342561423433e-01 2.483559517536906014e-01
3.567702585124343795e-01 2.378038620742360110e-01
3.553511822650186058e-01 2.263245597976476509e-01
3.557009777856898758e-01 2.139202097068011732e-01
3.576651227602889449e-01 2.005935060752216115e-01
3.610890948746560136e-01 1.863471431764337494e-01
3.658183718146317820e-01 1.711838152839625371e-01
3.716984312660567280e-01 1.551062166713330914e-01
3.785747509147714407e-01 1.381170416120700295e-01
3.862928084466164536e-01 1.202189843796984126e-01
3.946980815474321891e-01 1.014147392477431214e-01
4.036360479030592363e-01 8.170700048972916185e-02
4.129521851993382953e-01 6.109846237918140771e-02
4.224919711221096219e-01 3.959181918962477453e-02
4.321008833572138053e-01 1.718976519458419519e-02
4.416243995904916009e-01 -6.105005332415438211e-03
4.509079975077833202e-01 -3.028979811784915030e-02
4.597971547949293858e-01 -5.536191888819181478e-02
4.681373491377705531e-01 -8.131867336991895068e-02
4.757740582221473558e-01 -1.081573672895054794e-01
4.825527597339002162e-01 -1.358753063734264022e-01
4.883189313588697233e-01 -1.644697963481568381e-01
4.929350694294485358e-01 -1.939252414869908070e-01
4.964035342291246433e-01 -2.241200183476075025e-01
4.987953433027642602e-01 -2.548804559620212462e-01
5.001819886847562735e-01 -2.860325236624102763e-01
5.006349624094905693e-01 -3.174021907809531640e-01
5.002257565113559235e-01 -3.488154266498280642e-01
4.990258630247420002e-01 -3.800982006012132985e-01
4.971067739840380750e-01 -4.110764819672874659e-01
4.945399814236337566e-01 -4.415762400802284438e-01
4.913969773779180428e-01 -4.714234442722152196e-01
4.877492538812804868e-01 -5.004440638754259485e-01
4.836683029681103085e-01 -5.284640682220388408e-01
4.792256166727969502e-01 -5.553094266442323290e-01
4.744926870297296873e-01 -5.808061084741846791e-01
4.695410060732980173e-01 -6.047800830440743791e-01
4.644420658378912159e-01 -6.270573196860798060e-01
4.592673583578986696e-01 -6.474637877323792257e-01
4.540883756677096539e-01 -6.658254565151509041e-01
4.489766098017134444e-01 -6.819682953665733294e-01
4.439982872927138446e-01 -6.957336638482883862e-01
4.391572991813039173e-01 -7.071451183199437551e-01
4.344167798103370504e-01 -7.163453405312706357e-01
4.297391595545153598e-01 -7.234790698197161030e-01
4.250868687885411279e-01 -7.286910455227258998e-01
4.204223378871164707e-01 -7.321260069777467683e-01
4.157079972249437816e-01 -7.339286935222254504e-01
4.109062771767250655e-01 -7.342438444936080222e-01
4.059796081171627158e-01 -7.332161992293415587e-01
4.008904204209588484e-01 -7.309904970668718027e-01
3.956011444628156903e-01 -7.277114773436460515e-01
3.900742106174353574e-01 -7.235238793971102700e-01
3.842720492595203541e-01 -7.185724425647112001e-01
3.781570907637725742e-01 -7.130019061838952510e-01
3.716917655048945224e-01 -7.069570095921091646e-01
3.648385038575882588e-01 -7.005824921267990169e-01
3.575597361965557885e-01 -6.940230931254115498e-01
3.498202042863275962e-01 -6.874170728514407136e-01
3.416138218785115810e-01 -6.808209193552512417e-01
3.329544774810837549e-01 -6.742351292996300316e-01
3.238564484296158619e-01 -6.676591094218504718e-01
3.143340120596793685e-01 -6.610922664591842857e-01
3.044014457068459634e-01 -6.545340071489044176e-01
2.940730267066876125e-01 -6.479837382282833680e-01
2.833630323947757268e-01 -6.414408664345935263e-01
2.722857401066819949e-01 -6.349047985051078369e-01
2.608554271779781608e-01 -6.283749411770986892e-01
2.490863709442358576e-01 -6.218507011878384727e-01
2.369928487410267459e-01 -6.153314852746000208e-01
2.245891379039225422e-01 -6.088167001746557228e-01
2.118895157684947961e-01 -6.023057526252781901e-01
1.989082596703153349e-01 -5.957980493637399233e-01
1.856596469449555697e-01 -5.892929971273134226e-01
1.721579549279875498e-01 -5.827900026532716327e-01
1.584174609549829082e-01 -5.762884726788869427e-01
1.444524423615129727e-01 -5.697878139414317422e-01
1.302771764831493762e-01 -5.632874331781784205e-01
1.159059406554641403e-01 -5.567867371264001441e-01
1.013530122140287870e-01 -5.502851325233690805e-01
8.663266849441488004e-02 -5.437820261063577298e-01
7.175918683219428829e-02 -5.372768246126389258e-01
5.674684456293859619e-02 -5.307689347794851686e-01
4.160991902221938127e-02 -5.242577633441687368e-01
2.636268754560840838e-02 -5.177427170439624637e-01
1.101942746867736085e-02 -5.112232026161389609e-01
-4.405583873002208092e-03 -5.046986267979707286e-01
-1.989806914385849196e-02 -4.981683963267301563e-01
-3.544375100831986120e-02 -4.916319179396900774e-01
-5.102835213081468452e-02 -4.850885983741228813e-01
-6.663759517577132196e-02 -4.785378443673010684e-01
-8.225720280761802949e-02 -4.719790626564974168e-01
-9.787289769078322266e-02 -4.654116599789844266e-01
-1.134704024896951158e-01 -4.588350430720345430e-01
-1.290354398687821591e-01 -4.522486186729203772e-01
-1.445537324924725808e-01 -4.456517935189147073e-01
-1.600110030251947757e-01 -4.390439743472897005e-01
-1.753929741313770274e-01 -4.324245678953181904e-01
-1.906853684754477862e-01 -4.257929809002728994e-01
-2.058739087218352248e-01 -4.191486200994259947e-01
-2.209443175349674326e-01 -4.124908922300503100e-01
-2.358823175792734428e-01 -4.058192040294182901e-01
-2.506736315191811504e-01 -3.991329622348025463e-01
-2.653039820191190890e-01 -3.924315735834756902e-01
-2.797590917435151536e-01 -3.857144448127100556e-01
-2.940246833567982110e-01 -3.789809826597785314e-01
-3.080864795233962949e-01 -3.722305938619535626e-01
-3.219302029077376615e-01 -3.654626851565075385e-01
-3.355415761742508440e-01 -3.586766632807132371e-01
-3.489063219873642097e-01 -3.518719349718432143e-01
-3.620101630115057922e-01 -3.450479069671698040e-01
-3.748388219111041808e-01 -3.382039860039658952e-01
-3.873780213505877423e-01 -3.313395788195039326e-01
-3.996134839943846218e-01 -3.244540921510564169e-01
-4.115309325069232971e-01 -3.175469327358959593e-01
-4.231160895526320798e-01 -3.106175073112950602e-01
-4.343546777959391147e-01 -3.036652226145263311e-01
-4.452324199012728800e-01 -2.966894853828623280e-01
-4.557350385330617426e-01 -2.896897023535756621e-01
-4.658482563557340694e-01 -2.826652802639388895e-01
-4.755577960337179499e-01 -2.756156258512244550e-01
-4.848493802314420287e-01 -2.685401458527051366e-01
-4.937087316133345616e-01 -2.614382470056533792e-01
-5.021215728438237491e-01 -2.543093360473416276e-01
-5.100736265873379027e-01 -2.471528197150426598e-01
-5.175506155083055004e-01 -2.399681047460288652e-01
-5.245382622711545206e-01 -2.327545978775731328e-01
-5.310222895403139409e-01 -2.255117058469475744e-01
-5.369884199802115177e-01 -2.182388353914249401e-01
-5.424223762552761174e-01 -2.109353932482778970e-01
-5.473098810299354966e-01 -2.036007861547788900e-01
-5.516366569686185217e-01 -1.962344208482005581e-01
-5.553884267357529492e-01 -1.888357040658153740e-01
-5.585509129957675345e-01 -1.814040425448959770e-01
-5.611098384130904781e-01 -1.739388430227149784e-01
-5.630509256521500916e-01 -1.664395122365448232e-01
-5.643598973773749083e-01 -1.589054569236581227e-01
-5.650224762531929068e-01 -1.513360838213274884e-01
-5.650243849440326205e-01 -1.437307996668254484e-01
-5.643513461143224719e-01 -1.360890111974245587e-01
-5.629890824284906614e-01 -1.284101251503973751e-01
-5.609233165509655006e-01 -1.206935482630164813e-01
-5.581397711461751898e-01 -1.129386872725544610e-01
-5.546241688785484847e-01 -1.051449489162838563e-01
-5.503622324125132526e-01 -9.731173993147718138e-02
-5.453396844124982490e-01 -8.943846705540713093e-02
-5.395491942312568012e-01 -8.152447092247641636e-02
-5.334715591619372255e-01 -7.356444726923846988e-02
-5.283883146705846690e-01 -6.554547221716336414e-02
-5.256553073570966461e-01 -5.745391476240170603e-02
-5.266283838213697832e-01 -4.927614390110397757e-02
-5.326633906633018167e-01 -4.099852862942100079e-02
-5.451161744827897060e-01 -3.260743794350289687e-02
-5.653425818797311875e-01 -2.408924083950046702e-02
-5.946984594540228874e-01 -1.543030631356421926e-02
-6.345396538055623203e-01 -6.617003361844740576e-03
-6.862220115342468896e-01 2.364299019507422848e-03
-7.511013792399735545e-01 1.152723183434170226e-02
-8.305336035226397184e-01 2.088542608650754973e-02
-9.258745309821426739e-01 3.045251277985440083e-02
