3.172696987408857305e-01 -8.575164225276094010e-01
9.705838255995642705e-02 -5.753837918820143837e-01
-7.373370977543033944e-02 -3.419137893943234863e-01
-1.999705021772367197e-01 -1.526089650782164187e-01
-2.865159185574252532e-01 -2.971868947372427374e-03
-3.382338828279576881e-01 1.114949489845280528e-01
-3.599883189007964113e-01 1.952889387038056757e-01
-3.566431506879036428e-01 2.529075501967808504e-01
-3.330623021012413809e-01 2.888482334497733950e-01
-2.941096970527721788e-01 3.076084384491041823e-01
-2.446492594544578680e-01 3.136856151810930582e-01
-1.895449132182609742e-01 3.115772136320605346e-01
-1.336574240621933585e-01 3.057778183312358511e-01
-8.058243109345765431e-02 2.996341533296428272e-01
-3.072172651159093063e-02 2.935951373460748415e-01
1.601912569524214028e-02 2.876594568876734148e-01
5.973456153887707343e-02 2.818257984615801237e-01
1.005190170311492659e-01 2.760928485749360450e-01
1.384669281838937505e-01 2.704592937348828108e-01
1.736727310089463128e-01 2.649238204485616088e-01
2.062308615181419891e-01 2.594851152231141267e-01
2.362357557233161764e-01 2.541418645656813857e-01
2.637818496363042442e-01 2.488927549834049346e-01
2.889635792689416727e-01 2.437364729834262389e-01
3.118753806330635814e-01 2.386717050728865419e-01
3.326116897405054229e-01 2.336971377589273924e-01
3.512669426031026498e-01 2.288114575486900892e-01
3.679355752326904927e-01 2.240133509493160424e-01
3.827120236411040710e-01 2.193015044679466619e-01
3.956907238401791149e-01 2.146746046117233575e-01
4.069661118417508550e-01 2.101313378877874283e-01
4.166326236576546327e-01 2.056703908032803674e-01
4.247846952997258452e-01 2.012904498653434737e-01
4.315167627797995564e-01 1.969902015811181850e-01
4.369232621097114411e-01 1.927683324577459389e-01
4.410986293012965076e-01 1.886235290023680067e-01
4.441373003663905417e-01 1.845544777221259092e-01
4.461337113168286073e-01 1.805598651241609454e-01
4.471822981644461015e-01 1.766383777156145529e-01
4.473774969210783659e-01 1.727887020036281140e-01
4.468137435985607420e-01 1.690095244953429832e-01
4.455854742087286269e-01 1.652995316979006535e-01
4.437871247634172511e-01 1.616574101184423962e-01
4.415131312744620673e-01 1.580818462641096767e-01
4.388579297536983614e-01 1.545715266420438216e-01
4.359159562129615306e-01 1.511251377593862688e-01
4.327816466640869719e-01 1.477413661232784559e-01
4.295494371189099159e-01 1.444188982408616817e-01
4.263137635892657040e-01 1.411564206192773840e-01
4.231690620869897890e-01 1.379526197656669728e-01
4.202097686239174568e-01 1.348061821871717469e-01
4.175303192118840490e-01 1.317157943909331996e-01
4.152251498627247961e-01 1.286801428840926576e-01
4.133886965882753728e-01 1.256979141737915862e-01
4.121153954003707320e-01 1.227677947671712705e-01
4.114996823108464929e-01 1.198884711713731899e-01
4.116359933315378861e-01 1.170586298935387126e-01
4.126187644742802529e-01 1.142769574408091932e-01
4.145410206368206896e-01 1.115373382112511830e-01
4.174753783327566636e-01 1.087642056013886499e-01
4.214790971225905181e-01 1.058297323404965434e-01
4.266090614201831777e-01 1.026048145104803411e-01
4.329221556393961223e-01 9.896034819324561749e-02
4.404752641940904989e-01 9.476722947069783631e-02
4.493252714981274543e-01 8.989635442474250282e-02
4.595290619653684683e-01 8.421861913728515003e-02
4.711435200096742992e-01 7.760491969023124159e-02
4.842255300449064270e-01 6.992615216548625501e-02
4.988319764849262206e-01 6.105321264495580658e-02
5.150197437435947156e-01 5.085699721054532524e-02
5.328457162347729481e-01 3.920840194416028157e-02
5.523667783723222868e-01 2.597832292770642371e-02
5.736398145701041562e-01 1.103765624308890650e-02
5.967216951566862715e-01 -5.742688766465085110e-03
6.215889116402633086e-01 -2.441612599615957530e-02
6.479486347145042568e-01 -4.478250345192796161e-02
6.754516918524408053e-01 -6.658862192584406869e-02
7.037489105271053091e-01 -8.958128220998166913e-02
7.324911182115296793e-01 -1.135072850964144453e-01
7.613291423787467149e-01 -1.381134313772163502e-01
7.899138105017883271e-01 -1.631465218444610177e-01
8.178959500536864269e-01 -1.883533572902222897e-01
8.449263885074734803e-01 -2.134807385065738972e-01
8.706559533361815095e-01 -2.382754662855896544e-01
8.947354720128428696e-01 -2.624843414193430702e-01
9.168157720104899155e-01 -2.858541646999085417e-01
9.365476808021545585e-01 -3.081317369193594669e-01
9.535820258608688205e-01 -3.290638588697695766e-01
9.675696346596655006e-01 -3.483973313432127128e-01
9.781718823303283683e-01 -3.658866398470524417e-01
9.853300966208580203e-01 -3.814902351667096569e-01
9.892880326789817991e-01 -3.953869078347788113e-01
9.903044966719902753e-01 -4.077664141159546007e-01
9.886382947671742416e-01 -4.188185102749318323e-01
9.845482331318242686e-01 -4.287329525764052573e-01
9.782931179332304827e-01 -4.376994972850695165e-01
9.701317553386842318e-01 -4.459079006656194721e-01
9.603229515154756424e-01 -4.535479189827499313e-01
9.491255126308951739e-01 -4.608093085011556456e-01
9.367982448522336192e-01 -4.678818254855313663e-01
9.235999543467814377e-01 -4.749552262005717340e-01
9.097894472818294220e-01 -4.822192669109716667e-01
8.956255298246678098e-01 -4.898637038814257494e-01
8.813670081425875047e-01 -4.980782933766289555e-01
8.672726884028789662e-01 -5.070527916612758146e-01
8.536013767728325430e-01 -5.169769550000611336e-01
8.406118794197392496e-01 -5.280405396576799415e-01
8.285630025108893237e-01 -5.404333018988265458e-01
8.177135522135733359e-01 -5.543449979881960310e-01
8.083223346950823007e-01 -5.699653841904831486e-01
8.006481561227063448e-01 -5.874842167703825391e-01
7.949498226637362608e-01 -6.070912519925889539e-01
7.914861404854625082e-01 -6.289762461217971445e-01
7.905159157551757687e-01 -6.533289554227020846e-01
7.922979546401663908e-01 -6.803391361599981924e-01
7.970910633077253893e-01 -7.101965445983805525e-01
8.050472954500708100e-01 -7.429568857657152803e-01
8.151694063663870171e-01 -7.772326675090436288e-01
8.257600387241263995e-01 -8.107572554492071815e-01
8.354438658046142718e-01 -8.417057060283745784e-01
8.439999710322216853e-01 -8.698324351384595365e-01
8.514582068925264924e-01 -8.952349381989660460e-01
8.578484258711075450e-01 -9.180107106293994290e-01
8.632004804535435838e-01 -9.382572478492640089e-01
8.675442231254130165e-01 -9.560720452780647749e-01
8.709095063722941399e-01 -9.715525983353058281e-01
8.733261826797659166e-01 -9.847964024404924910e-01
8.748241045334065324e-01 -9.959009530131291976e-01
8.754331244187948391e-01 -1.004963745472720493e+00
8.751830948215092443e-01 -1.012082275238771256e+00
8.741038682271281557e-01 -1.017354037730786365e+00
8.722252971212304251e-01 -1.020876528368270142e+00
8.695772339893942382e-01 -1.022747242570727133e+00
8.661895313171983357e-01 -1.023063675757662327e+00
8.620920415902211253e-01 -1.021923323348580270e+00
8.573146172940415699e-01 -1.019423680762986173e+00
8.518871109142377440e-01 -1.015662243420383914e+00
8.458393749363883884e-01 -1.010736506740278484e+00
8.392012618460721329e-01 -1.004743966142174649e+00
8.320026241288673852e-01 -9.977821170455771771e-01
8.242733142703526639e-01 -9.899484548699905018e-01
8.160431847561065988e-01 -9.813404750349195016e-01
8.073420880717078196e-01 -9.720556729598688328e-01
7.981998767027345121e-01 -9.621915440643430406e-01
7.886464031347656389e-01 -9.518455837678467812e-01
7.787115198533794969e-01 -9.411152874898851550e-01
7.684250793441547156e-01 -9.300981506499622631e-01
7.578169340926699249e-01 -9.188916686675830947e-01
7.469169365845036435e-01 -9.075933369622525282e-01
7.357555842372309751e-01 -8.962991637474445605e-01
7.243761857383903546e-01 -8.850756145902233252e-01
7.128338291597676735e-01 -8.739619919282533012e-01
7.011840406716851604e-01 -8.629965879488324942e-01
6.894823464444658212e-01 -8.522176948392596874e-01
6.777842726484322178e-01 -8.416636047868334414e-01
6.661453454539072450e-01 -8.313726099788519841e-01
6.546210910312132425e-01 -8.213830026026137654e-01
6.432670355506729942e-01 -8.117330748454174572e-01
6.321387051826089509e-01 -8.024611188945612872e-01
6.212916260973442295e-01 -7.936054269373441494e-01
6.107813244652010587e-01 -7.852042911610640497e-01
6.006633264565023334e-01 -7.772960037530196598e-01
5.909931582415708373e-01 -7.699188569005096516e-01
5.818263459907290214e-01 -7.631111427908322531e-01
5.732184158742993363e-01 -7.569111536112859140e-01
5.652248940626048990e-01 -7.513571815491694172e-01
5.579013067259681602e-01 -7.464875187917807686e-01
5.513031800347117928e-01 -7.423404575264188621e-01
5.454789353845598265e-01 -7.389480000808761329e-01
5.404233616375556659e-01 -7.362946678816020274e-01
5.361067624934614528e-01 -7.343433056320769481e-01
5.324993162488701470e-01 -7.330566470163114579e-01
5.295712012003744862e-01 -7.323974257183153425e-01
5.272925956445672080e-01 -7.323283754220989428e-01
5.256336778780413832e-01 -7.328122298116725997e-01
5.245646261973897495e-01 -7.338117225710462099e-01
5.240556188992053777e-01 -7.352895873842300034e-01
5.240768342800808943e-01 -7.372085579352343210e-01
5.245984506366092592e-01 -7.395313679080690594e-01
5.255906462653834321e-01 -7.422207509867445596e-01
5.270235994629962617e-01 -7.452394408552711624e-01
5.288674885260403746e-01 -7.485501711976585426e-01
5.310924917511090637e-01 -7.521156756979173741e-01
5.336687874347948446e-01 -7.558986880400574426e-01
5.365665538736907880e-01 -7.598619419080892001e-01
5.397559693643895207e-01 -7.639681709860224323e-01
5.432072122034843353e-01 -7.681801089578679242e-01
5.468904606875677477e-01 -7.724604895076354616e-01
5.507758931132327174e-01 -7.767720463193351632e-01
5.548336877770719822e-01 -7.810775130769770369e-01
5.590340229756787238e-01 -7.853396234645716456e-01
5.633470770056456800e-01 -7.895211111661292191e-01
5.677430281635655884e-01 -7.935847098656594323e-01
5.721920547460314088e-01 -7.974931532471728479e-01
5.766643350496359899e-01 -8.012091749946792518e-01
5.811300473709724024e-01 -8.046955087921894290e-01
5.855593700066332730e-01 -8.079148883237129430e-01
5.899224812532115614e-01 -8.108300472732603570e-01
5.941895594073001163e-01 -8.134037193248415676e-01
5.983307827654917865e-01 -8.155986381624669157e-01
6.023163296243794207e-01 -8.173775374701465202e-01
