7.689953824123839654e-01 -2.056122193865803194e+00
6.264117227356886808e-01 -1.831020659654894134e+00
4.922316844293174176e-01 -1.623870519102321275e+00
3.662219876365177540e-01 -1.434095586455443216e+00
2.481493525005369905e-01 -1.261119675961617004e+00
1.377804991646222055e-01 -1.104366601868199460e+00
3.488214777202140043e-02 -9.632601784225481856e-01
-6.077898153401863762e-02 -8.372242198720205586e-01
-1.494361686102497200e-01 -7.256825404639745125e-01
-2.313226933134250318e-01 -6.280589544457675366e-01
-3.066718355002971408e-01 -5.437772760647558989e-01
-3.757168750276179692e-01 -4.722613195682984766e-01
-4.386910917521407716e-01 -4.129348992037515931e-01
-4.958277655306181919e-01 -3.652218292184730708e-01
-5.473601762198022636e-01 -3.285459238598204545e-01
-5.935216036764455749e-01 -3.023309973751511226e-01
-6.345453277573013251e-01 -2.860008640118223422e-01
-6.706646283191216584e-01 -2.789793380171916026e-01
-7.021127852186592744e-01 -2.806902336386162822e-01
-7.291230783126664283e-01 -2.905573651234538146e-01
-7.519287874578963748e-01 -3.080045467190617448e-01
-7.707631925111010363e-01 -3.324555926727973398e-01
-7.858595733290328900e-01 -3.633343172320180892e-01
-7.974512097684453016e-01 -4.000645346440814265e-01
-8.057713816860901934e-01 -4.420700591563446746e-01
-8.110533689387204870e-01 -4.887747050161653783e-01
-8.135304513830886597e-01 -5.396022864709011380e-01
-8.134359088759468559e-01 -5.939766177679087766e-01
-8.110030212740485522e-01 -6.513215131545463388e-01
-8.064650684341454490e-01 -7.110607868781706475e-01
-8.000553302129908007e-01 -7.726182531861397473e-01
-7.920070864673363076e-01 -8.354177263258105723e-01
-7.825536170539356684e-01 -8.988830205445410559e-01
-7.719299264804171390e-01 -9.624765468372599164e-01
-7.604151347004383110e-01 -1.026647995860846985e+00
-7.483350998573410351e-01 -1.092893033509140022e+00
-7.360179298425721939e-01 -1.162757673813594073e+00
-7.237917325475780039e-01 -1.237787930805665848e+00
-7.119846158638050149e-01 -1.319529818516810504e+00
-7.009246876826992212e-01 -1.409529350978482531e+00
-6.909400558957077276e-01 -1.509332542222138196e+00
-6.823588283942763066e-01 -1.620485406279232432e+00
-6.754874518285307605e-01 -1.744131472263600546e+00
-6.704113442306354198e-01 -1.877307363144024244e+00
-6.670866993501797237e-01 -2.014648601049505494e+00
-6.654680855474872647e-01 -2.150760506946758355e+00
-6.655100711828820792e-01 -2.280248401802495106e+00
-6.671672246166882037e-01 -2.397717606583430694e+00
-6.703941142092292305e-01 -2.497773442256276510e+00
-6.751453083208289740e-01 -2.575021229787747501e+00
-6.813753753118115819e-01 -2.624066290144555946e+00
-6.890386767473534180e-01 -2.639529403634197635e+00
-6.980474238779345031e-01 -2.619182372660421088e+00
-7.082206018553858229e-01 -2.567766283223190893e+00
-7.193647073582986051e-01 -2.490955819456053710e+00
-7.312862370652628563e-01 -2.394425665492551314e+00
-7.437916876548691381e-01 -2.283850505466229919e+00
-7.566875558057083451e-01 -2.164905023510631743e+00
-7.697803381963707059e-01 -2.043263903759303002e+00
-7.828765315054467822e-01 -1.924601830345783693e+00
-7.957839474966568183e-01 -1.814550164030231283e+00
-8.083821524389306346e-01 -1.716376428319213776e+00
-8.206580044586723188e-01 -1.629813588311199934e+00
-8.326071468285211052e-01 -1.554305196532077105e+00
-8.442252228211153398e-01 -1.489294805507730857e+00
-8.555078757090940345e-01 -1.434225967764048315e+00
-8.664507487650963125e-01 -1.388542235826916382e+00
-8.770494852617602977e-01 -1.351687162222220406e+00
-8.872997284717256683e-01 -1.323104299475848178e+00
-8.971971216676303262e-01 -1.302237200113684823e+00
-9.067373081221136166e-01 -1.288529416661617466e+00
-9.159159311078142185e-01 -1.281424501645533010e+00
-9.247286338973711439e-01 -1.280366007591317246e+00
-9.331710597634227389e-01 -1.284797487024857077e+00
-9.412388519786082375e-01 -1.294162492472038739e+00
-9.489276538155665408e-01 -1.307904576458749135e+00
-9.562331085469359948e-01 -1.325467291510874057e+00
-9.631508594453556116e-01 -1.346294190154300408e+00
-9.696765497834644032e-01 -1.369828824914914867e+00
-9.758058228339010487e-01 -1.395514748318603671e+00
-9.815343218693043381e-01 -1.422795512891253500e+00
-9.868576901623129505e-01 -1.451114671158750369e+00
-9.917715709855657868e-01 -1.479915775646981180e+00
-9.962716076117017483e-01 -1.508642378881832169e+00
-1.000353443313359847e+00 -1.536738033389190461e+00
-1.004012721363178207e+00 -1.563646291694941182e+00
-1.007245085033796395e+00 -1.588810706324972344e+00
-1.010048831405381042e+00 -1.611729540238727942e+00
-1.012444131463609454e+00 -1.632352005019906294e+00
-1.014461920336257705e+00 -1.650849223930020537e+00
-1.016133208258011900e+00 -1.667393868621482866e+00
-1.017489005463554808e+00 -1.682158610746704142e+00
-1.018560322187571421e+00 -1.695316121958097000e+00
-1.019378168664745399e+00 -1.707039073908070748e+00
-1.019973555129761955e+00 -1.717500138249040464e+00
-1.020377491817303861e+00 -1.726871986633414569e+00
-1.020620988962056552e+00 -1.735327290713606585e+00
-1.020735056798703910e+00 -1.743038722142026931e+00
-1.020747196210065599e+00 -1.750159003880153996e+00
-1.020665865791012816e+00 -1.756732614195969377e+00
-1.020493095800661276e+00 -1.762767489885366023e+00
-1.020230911513407390e+00 -1.768271539408913462e+00
-1.019881338203647791e+00 -1.773252671227181887e+00
-1.019446401145778891e+00 -1.777718793800740382e+00
-1.018928125614197766e+00 -1.781677815590158698e+00
-1.018328536883300162e+00 -1.785137645056006583e+00
-1.017649660227483155e+00 -1.788106190658854233e+00
-1.016893520921143379e+00 -1.790591360859270509e+00
-1.016062144238677023e+00 -1.792601064117825160e+00
-1.015157555454480942e+00 -1.794143208895088382e+00
-1.014181779842951547e+00 -1.795225703651629479e+00
-1.013136842678485472e+00 -1.795856456848018645e+00
-1.012024769235478905e+00 -1.796043376944823855e+00
-1.010847584788328923e+00 -1.795794372402617078e+00
-1.009607314611431494e+00 -1.795117351681966289e+00
-1.008305983979183695e+00 -1.794020223243442125e+00
-1.006945618165982159e+00 -1.792510895547613892e+00
-1.005528242446222853e+00 -1.790597277055050451e+00
-1.004055882094302632e+00 -1.788287276226323108e+00
-1.002530562384617907e+00 -1.785588801521999835e+00
-1.000954308591565756e+00 -1.782509761402651716e+00
-9.993291459895421447e-01 -1.779058064328847610e+00
-9.976570998529438183e-01 -1.775241618761157714e+00
-9.959401954561670767e-01 -1.771068333160150665e+00
-9.941804580736089969e-01 -1.766546115986397325e+00
-9.923799129796656571e-01 -1.761682875700466555e+00
-9.905405854487338013e-01 -1.756486520762928105e+00
-9.886645007552101738e-01 -1.750964959634352613e+00
-9.867536841734908526e-01 -1.745126100775308275e+00
-9.848101609779729149e-01 -1.738977852646365507e+00
-9.828359564430524387e-01 -1.732528123708094059e+00
-9.808330958431261681e-01 -1.725784822421063458e+00
-9.788036044525909585e-01 -1.718755857245843455e+00
-9.767495075458427767e-01 -1.711449136643003355e+00
-9.746728303972782559e-01 -1.703872569073112686e+00
-9.725755982812945843e-01 -1.696034062996742309e+00
-9.704598364722878401e-01 -1.687941526874460862e+00
-9.683275702446543232e-01 -1.679602869166837875e+00
-9.661808248727908888e-01 -1.671025998334443097e+00
-9.640216256310942811e-01 -1.662218822837847165e+00
-9.618519977939606891e-01 -1.653189251137618498e+00
-9.596739666357871901e-01 -1.643945191694327956e+00
-9.574895574309695290e-01 -1.634494552968543735e+00
-9.553007954539047830e-01 -1.624845243420836916e+00
-9.531097059789891413e-01 -1.615005171511775917e+00
-9.509183142806196809e-01 -1.604982245701931376e+00
-9.487286456331924800e-01 -1.594784374451872377e+00
-9.465427253111045047e-01 -1.584419466222168893e+00
-9.443625785887519442e-01 -1.573895429473390450e+00
-9.421902307405314314e-01 -1.563220172666106578e+00
-9.400277070408397107e-01 -1.552401604260887247e+00
-9.378770327640730819e-01 -1.541447632718302208e+00
-9.357402331846280674e-01 -1.530366166498920544e+00
-9.336193335769015222e-01 -1.519165114063312449e+00
-9.315163592152897465e-01 -1.507852383872047453e+00
-9.294333353741895953e-01 -1.496435884385695081e+00
-9.273722873279971468e-01 -1.484923524064825084e+00
-9.253352403511091451e-01 -1.473323211370006769e+00
-9.233242197179223343e-01 -1.461642854761810773e+00
-9.213412507028331255e-01 -1.449890362700805735e+00
-9.193883585802380409e-01 -1.438073643647562072e+00
-9.174675686245334916e-01 -1.426200606062648868e+00
-9.155809061101162216e-01 -1.414279158406635650e+00
-9.137303963113827532e-01 -1.402317209140092835e+00
-9.119180645027294974e-01 -1.390322666723589506e+00
-9.101459359585534203e-01 -1.378303439617695636e+00
-9.084160359532507112e-01 -1.366267436282980974e+00
-9.067303897612177810e-01 -1.354222565180015048e+00
-9.050910226568514849e-01 -1.342176734769366941e+00
-9.034999599145482341e-01 -1.330137853511606849e+00
-9.019592268087046616e-01 -1.318113829867304521e+00
-9.004708486137174006e-01 -1.306112572297029928e+00
-8.990368506039826402e-01 -1.294141989261351711e+00
-8.976592580538970134e-01 -1.282209989220840063e+00
-8.963400962378573755e-01 -1.270324480636064735e+00
-8.950813904302602486e-01 -1.258493371967595698e+00
-8.938851659055019327e-01 -1.246724571676002036e+00
-8.927534479379789500e-01 -1.235025988221853721e+00
-8.916882618020881557e-01 -1.223405530065720281e+00
-8.906916327722257387e-01 -1.211871105668171245e+00
-8.897655861227886653e-01 -1.200430623489776805e+00
-8.889121471281732356e-01 -1.189091991991106267e+00
-8.881333410627759717e-01 -1.177863119632729161e+00
-8.874311932009933956e-01 -1.166751914875215235e+00
-8.868077288172220296e-01 -1.155766286179134239e+00
-8.862649731858588398e-01 -1.144914142005056146e+00
-8.858049515812997932e-01 -1.134203390813549817e+00
-8.854296892779419670e-01 -1.123641941065185668e+00
-8.851412115501813282e-01 -1.113237701220532783e+00
-8.849415436724149542e-01 -1.102998579740161356e+00
-8.848327109190390338e-01 -1.092932485084640692e+00
-8.848167385644503113e-01 -1.083047325714540543e+00
-8.848956518830453088e-01 -1.073351010090430879e+00
-8.850714761492206595e-01 -1.063851446672881007e+00
-8.853462366373727743e-01 -1.054556543922460454e+00
-8.857219586218980645e-01 -1.045474210299738971e+00
-8.862006673771934961e-01 -1.036612354265286751e+00
-8.867843881776551473e-01 -1.027978884279672656e+00
-8.874751462976799843e-01 -1.019581708803466880e+00
-8.882749670116643070e-01 -1.011428736297238951e+00
-8.891858755940046377e-01 -1.003527875221558396e+00
