3.723977768036028646e-01 6.740441216107946332e-01
2.844102546230405371e-01 5.550278576564019462e-01
2.038976594890125060e-01 4.514648473617733915e-01
1.304958548828046017e-01 3.625819525269024513e-01
6.384070428570305655e-02 2.876060349517838288e-01
3.568071178993398578e-03 2.257639564364109230e-01
-5.068618095603798918e-02 1.762825787807781319e-01
-9.928618863810544093e-02 1.383887637848794649e-01
-1.425960883859226924e-01 1.113093732487090287e-01
-1.809800167182039621e-01 9.427126897226102697e-02
-2.148021101536633504e-01 8.650131275552924714e-02
-2.444265052110146386e-01 8.722636639850799012e-02
-2.702173384089718855e-01 9.567329170119122372e-02
-2.925387462662494276e-01 1.110689504635730407e-01
-3.117548653015609905e-01 1.326402044856475615e-01
-3.282298320336207165e-01 1.596139155674087262e-01
-3.423277829811425255e-01 1.912169455088507108e-01
-3.544128546628406151e-01 2.266761561099676081e-01
-3.648491835974287945e-01 2.652184091707532887e-01
-3.740009063036213721e-01 3.060705664912021784e-01
-3.822321593001322682e-01 3.484594898713082589e-01
-3.899070791056753471e-01 3.916120411110652899e-01
-3.973898022389647511e-01 4.347550820104676417e-01
-4.050444652187145111e-01 4.771154743695092959e-01
-4.132352045636387139e-01 5.179200799881841233e-01
-4.223261567924512239e-01 5.563957606664865496e-01
-4.326814584238662387e-01 5.917693782044105566e-01
-4.446652459765977339e-01 6.232677944019501259e-01
-4.586416559693597406e-01 6.501178710590994614e-01
-4.749748249208661788e-01 6.715464699758524336e-01
-4.940102596193656215e-01 6.868157931200288280e-01
-5.157663791625219929e-01 6.958085202436197214e-01
-5.399825475988148105e-01 6.989366920729476185e-01
-5.663891817974490150e-01 6.966293219264891867e-01
-5.947166986276302136e-01 6.893154231227196505e-01
-6.246955149585634581e-01 6.774240089801154552e-01
-6.560560476594538004e-01 6.613840928171523803e-01
-6.885287135995070695e-01 6.416246879523062052e-01
-7.218439296479282064e-01 6.185748077040530424e-01
-7.557321126739225958e-01 5.926634653908688932e-01
-7.899236795466955119e-01 5.643196743312297592e-01
-8.241490471354517844e-01 5.339724478436110866e-01
-8.581386323093969093e-01 5.020507992464896541e-01
-8.916228519377366046e-01 4.689837418583409079e-01
-9.243321228896758113e-01 4.352002889976405164e-01
-9.559968620344198031e-01 4.011294539828649253e-01
-9.863474862411735211e-01 3.672002501324898027e-01
-1.015114412379143127e+00 3.338416907649912613e-01
-1.042028057317532674e+00 3.014827891988454689e-01
-1.066818856408397576e+00 2.705525330028051290e-01
-1.089294124592540491e+00 2.413728035264850746e-01
-1.109513465858003478e+00 2.139140009732098113e-01
-1.127588157199360452e+00 1.880745363427790140e-01
-1.143629475611187107e+00 1.637528206349923576e-01
-1.157748698088058026e+00 1.408472648496494617e-01
-1.170057101624548679e+00 1.192562799865500706e-01
-1.180665963215233427e+00 9.887827704549390084e-02
-1.189686559854687076e+00 7.961166702628058589e-02
-1.197230168537485095e+00 6.135486092871001579e-02
-1.203408066258202069e+00 4.400626975258151857e-02
-1.208331530011413246e+00 2.746430449769493923e-02
-1.212111836791692987e+00 1.162737616385008978e-02
-1.214860263593616763e+00 -3.606104249153508755e-03
-1.216688087411759156e+00 -1.833772574151605259e-02
-1.217706585240695194e+00 -3.266907731343789145e-02
-1.218027034074999904e+00 -4.670174796511936816e-02
-1.217760710909248312e+00 -6.053732669676070016e-02
-1.217018892738015001e+00 -7.427740250856228188e-02
-1.215912856555875221e+00 -8.802356440072436894e-02
-1.214553879357403776e+00 -1.018774013734473211e-01
-1.213053238137175915e+00 -1.159405024269314355e-01
-1.211522209889765778e+00 -1.303144565613768013e-01
-1.210072071609748834e+00 -1.451008527769841183e-01
-1.208814100291700111e+00 -1.604012800739534894e-01
-1.207859572930194192e+00 -1.763173274524852396e-01
-1.207319766519806103e+00 -1.929505839127796940e-01
-1.207305958055111317e+00 -2.104026384550372331e-01
-1.207929424530683971e+00 -2.287750800794580153e-01
-1.209301442941099314e+00 -2.481694977862424489e-01
-1.211533290280932373e+00 -2.686874805755907758e-01
-1.214736243544757954e+00 -2.904306174477034319e-01
-1.219021579727151083e+00 -3.135004974027806313e-01
-1.224500575822686343e+00 -3.379987094410225601e-01
-1.231284508825939428e+00 -3.640268425626297932e-01
-1.239484655731484475e+00 -3.916864857678021838e-01
-1.249212293533896512e+00 -4.210792280567406398e-01
-1.260578699227751009e+00 -4.523066584296451809e-01
-1.273575024539801648e+00 -4.853240450291324004e-01
-1.287486063697710570e+00 -5.192262638679815412e-01
-1.301339273897010429e+00 -5.527947367131471612e-01
-1.314161740060697303e+00 -5.848104318779702160e-01
-1.324980547111767049e+00 -6.140543176757913280e-01
-1.332822779973215521e+00 -6.393073624199517857e-01
-1.336715523568038799e+00 -6.593505344237922117e-01
-1.335685862819232961e+00 -6.729648020006533393e-01
-1.328760882649794084e+00 -6.789311334638766793e-01
-1.314967667982717581e+00 -6.760304971268026319e-01
-1.293333303741000639e+00 -6.630438613027723749e-01
-1.262884874847638228e+00 -6.387521943051267526e-01
-1.222666029524584808e+00 -6.019660437504096295e-01
-1.172711815726626305e+00 -5.532664326518402786e-01
-1.114592573610762694e+00 -4.959761611088175370e-01
-1.050010550626967909e+00 -4.336535937555293652e-01
-9.806679942252163329e-01 -3.698570952261630018e-01
-9.082671518554816803e-01 -3.081450301549057413e-01
-8.345102709677383324e-01 -2.520757631759450446e-01
-7.610995990119607812e-01 -2.052076589234682613e-01
-6.901757346121140113e-01 -1.712568939340432805e-01
-6.296540385923415917e-01 -1.560186313254924573e-01
-5.915254966097482914e-01 -1.667553101041052699e-01
-5.878666288573997090e-01 -2.107601627783679543e-01
-6.296330609830593783e-01 -2.944080942509120780e-01
-7.085151736443238146e-01 -4.082903602111774832e-01
-8.000070166334530830e-01 -5.297313687359518353e-01
-8.858575275753821643e-01 -6.419260216757933790e-01
-9.639999309013185247e-01 -7.431144479094657918e-01
-1.034738571050915823e+00 -8.337410154808692075e-01
-1.098377792463830493e+00 -9.142500924339085344e-01
-1.155221939579714752e+00 -9.850860468124824632e-01
-1.205575356838223922e+00 -1.046693246660493015e+00
-1.249742388679011107e+00 -1.099516060021840547e+00
-1.288027379541731188e+00 -1.143998854940427190e+00
-1.320734673866037268e+00 -1.180585999460153079e+00
-1.348168616091584893e+00 -1.209721861624920569e+00
-1.370633550658026945e+00 -1.231850809478630238e+00
-1.388433822005017859e+00 -1.247417211065183107e+00
-1.401873774572212072e+00 -1.256865434428480865e+00
-1.411257752799263798e+00 -1.260639847612424314e+00
-1.416890101125827028e+00 -1.259184818660915361e+00
-1.419075163991555977e+00 -1.252944715617854810e+00
-1.418117285836104413e+00 -1.242363906527143014e+00
-1.414320811099126551e+00 -1.227886759432682773e+00
-1.407990084220276827e+00 -1.209957642378374443e+00
-1.399429449639209455e+00 -1.189020923408119268e+00
-1.388943251795577982e+00 -1.165520970565818271e+00
-1.376835835129037289e+00 -1.139902151895373139e+00
-1.363411544079240478e+00 -1.112608835440684896e+00
-1.348974723085843097e+00 -1.084085389245655007e+00
-1.333829716588498027e+00 -1.054776181354184050e+00
-1.318280869026860147e+00 -1.025125579810173715e+00
-1.302632524840583450e+00 -9.955779526575253557e-01
-1.287188941352035432e+00 -9.665775406649038670e-01
-1.272182550871896467e+00 -9.384636508304711189e-01
-1.257643961877094929e+00 -9.112807327572404192e-01
-1.243568595295340362e+00 -8.850218282986452856e-01
-1.229951872054341866e+00 -8.596799793081203456e-01
-1.216789213081808319e+00 -8.352482276390991167e-01
-1.204076039305449264e+00 -8.117196151450160047e-01
-1.191807771652974024e+00 -7.890871836793049710e-01
-1.179979831052091699e+00 -7.673439750953998661e-01
-1.168587638430511388e+00 -7.464830312467348739e-01
-1.157626614715942637e+00 -7.264973939867437336e-01
-1.147092180836094544e+00 -7.073801051688609620e-01
-1.136979757718676431e+00 -6.891242066465205207e-01
-1.127284766291397178e+00 -6.717227402731560382e-01
-1.118002627481966327e+00 -6.551687479022018090e-01
-1.109128762218093422e+00 -6.394552713870917948e-01
-1.100658591427487121e+00 -6.245753525812602902e-01
-1.092587536037856966e+00 -6.105220333381410347e-01
-1.084911016976911835e+00 -5.972883555111681009e-01
-1.077624455172361273e+00 -5.848673609537753393e-01
-1.070723271551914380e+00 -5.732520915193972666e-01
-1.064202887043280699e+00 -5.624355890614675113e-01
-1.058058722574169330e+00 -5.524108954334202570e-01
-1.052286199072289152e+00 -5.431710524886896874e-01
-1.046880737465349709e+00 -5.347091020807095418e-01
-1.041837758681060322e+00 -5.270180860629140041e-01
-1.037152683647130091e+00 -5.200910462887371466e-01
-1.032820933291268117e+00 -5.139210246116128200e-01
-1.028837928541183722e+00 -5.085010628849750969e-01
-1.025199090324586448e+00 -5.038242029622582718e-01
-1.021899839569184953e+00 -4.998834866968959734e-01
-1.018935597202689003e+00 -4.966719559423224961e-01
-1.016301784152807475e+00 -4.941826525519719127e-01
-1.013993821347249691e+00 -4.924086183792780180e-01
-1.012007129713724973e+00 -4.913428952776750513e-01
-1.010337130179942866e+00 -4.909785251005970852e-01
-1.008979243673612025e+00 -4.913085497014778591e-01
-1.007928891122441772e+00 -4.923260109337517232e-01
-1.007181493454141652e+00 -4.940239506508526390e-01
-1.006732471596420764e+00 -4.963954107062144572e-01
-1.006577246476987986e+00 -4.994334329532712502e-01
-1.006711239023553306e+00 -5.031310592454573127e-01
-1.007129870163825380e+00 -5.074813314362063288e-01
-1.007828560825513531e+00 -5.124772913789527040e-01
-1.008802731936327080e+00 -5.181119809271300669e-01
-1.010047804423974904e+00 -5.243784419341727121e-01
-1.011559199216166993e+00 -5.312697162535146012e-01
-1.013332337240612002e+00 -5.387788457385896956e-01
-1.015362639425019253e+00 -5.468988722428320681e-01
-1.017645526697098290e+00 -5.556228376196760133e-01
-1.020176419984557992e+00 -5.649437837225551595e-01
-1.022950740215107457e+00 -5.748547524049034685e-01
-1.025963908316456230e+00 -5.853487855201554568e-01
-1.029211345216313855e+00 -5.964189249217449751e-01
-1.032688471842388989e+00 -6.080582124631059848e-01
-1.036390709122390952e+00 -6.202596899976724476e-01
-1.040313477984029289e+00 -6.330163993788785470e-01
-1.044452199355013100e+00 -6.463213824601582447e-01
-1.048802294163051041e+00 -6.601676810949453911e-01
-1.053359183335853322e+00 -6.745483371366742809e-01
