-9.089854262327455858e-01 -7.081302673725975438e-01
-6.405473429682613240e-01 -5.625879643622199167e-01
-3.966252457896005112e-01 -4.324601498544809464e-01
-1.761030933472253479e-01 -3.170136944017851732e-01
2.213515570840134464e-02 -2.155154685565374151e-01
1.992055427268166201e-01 -1.272323428711421567e-01
3.562241090575574698e-01 -5.143118789800445179e-02
4.943068960501621478e-01 1.262112581047137964e-02
6.145699450541669551e-01 6.565772770188033070e-02
7.181292974191093581e-01 1.084117472238176755e-01
8.061009944945267680e-01 1.416163138238789587e-01
8.796010776299563183e-01 1.660045569496592655e-01
9.397455881749354756e-01 1.823096060487540693e-01
9.876505674790015954e-01 1.912645905687585801e-01
1.024432056891691811e+00 1.936026399572680634e-01
1.051206097762543035e+00 1.900568836618778124e-01
1.069088731441093065e+00 1.813604511301832589e-01
1.079195999276878704e+00 1.682464718097794742e-01
1.082643942619437860e+00 1.514480751482620569e-01
1.080548602818306891e+00 1.316983905932260224e-01
1.074026021223023930e+00 1.097305475922667334e-01
1.064192239183125555e+00 8.627767559297963573e-02
1.052163298048150120e+00 6.207290404295993935e-02
1.039055239167633315e+00 3.784936238980282641e-02
1.025969986097420961e+00 1.433033248759486671e-02
1.013524879334689821e+00 -8.098915335102407562e-03
1.001742602483234768e+00 -2.946790214637347652e-02
9.906094170226601436e-01 -4.983155456148490037e-02
9.801115844325697379e-01 -6.924479919570324105e-02
9.702353661925680051e-01 -8.776256266429477426e-02
9.609670237822592886e-01 -1.054397715825263343e-01
9.522928186812474882e-01 -1.223313525656642420e-01
9.441990123691369474e-01 -1.384922322289750818e-01
9.366718663255317878e-01 -1.539773371877251884e-01
9.296976420300365751e-01 -1.688415940571813267e-01
9.232626009622550978e-01 -1.831399294526098176e-01
9.173530046017914774e-01 -1.969272699892771206e-01
9.119551144282502797e-01 -2.102585422824499450e-01
9.070551919212357372e-01 -2.231886729473947228e-01
9.026394985603515275e-01 -2.357725885993778858e-01
8.986942958252023272e-01 -2.480652158536660323e-01
8.952058451953920359e-01 -2.601214813255255387e-01
8.921604081505252193e-01 -2.719963116302230310e-01
8.895442461702058878e-01 -2.837446333830250245e-01
8.873436207340378301e-01 -2.954213731991979230e-01
8.855447933216260559e-01 -3.070814576940083529e-01
8.841340254125740206e-01 -3.187798134827227181e-01
8.830975784864864009e-01 -3.305713671806077003e-01
8.824217140229673184e-01 -3.425110454029294815e-01
8.820926935016206727e-01 -3.546537747649548544e-01
8.820967784020509184e-01 -3.670544818819502231e-01
8.824202302038623991e-01 -3.797680933691821581e-01
8.830493103866590143e-01 -3.928495358419171191e-01
8.839702804300451078e-01 -4.063537359154215656e-01
8.851694018136249120e-01 -4.203356202049621237e-01
8.866329360170025486e-01 -4.348501153258051977e-01
8.883471445197820282e-01 -4.499521478932172469e-01
8.902982888015680274e-01 -4.656966445224649531e-01
8.924726303419643347e-01 -4.821385318288144983e-01
8.948564306205754049e-01 -4.993327364275328417e-01
8.974360050911016629e-01 -5.173339194658422846e-01
9.002077403465132965e-01 -5.361472078547385722e-01
9.031898542175568201e-01 -5.556703529978176404e-01
9.064034219117517166e-01 -5.757870524789160394e-01
9.098695186366175802e-01 -5.963810038818710968e-01
9.136092195996737830e-01 -6.173359047905200292e-01
9.176436000084401412e-01 -6.385354527886997200e-01
9.219937350704360268e-01 -6.598633454602473858e-01
9.266794526041015612e-01 -6.812053427517926751e-01
9.316981744235093288e-01 -7.024842494346495991e-01
9.370279348831501709e-01 -7.236549244130073832e-01
9.426461286228242642e-01 -7.446732842592681534e-01
9.485301502823315634e-01 -7.654952455458339244e-01
9.546573945014718010e-01 -7.860767248451066003e-01
9.610052559200451539e-01 -8.063736387294885288e-01
9.675511291778511325e-01 -8.263419037713811699e-01
9.742724089146901356e-01 -8.459374365431867604e-01
9.811464897703613408e-01 -8.651161536173074262e-01
9.881507663846653688e-01 -8.838339715661451823e-01
9.952626333974016193e-01 -9.020468069621018214e-01
1.002459485448370602e+00 -9.197105763775796916e-01
1.009718717177371161e+00 -9.367811963849800305e-01
1.017017723224203918e+00 -9.532145835567055192e-01
1.024333898228668716e+00 -9.689666544651580615e-01
1.031644636830565620e+00 -9.839933256827393393e-01
1.038927333669694031e+00 -9.982505137818517005e-01
1.046159383385854236e+00 -1.011694135334897160e+00
1.053318180618846078e+00 -1.024280106914277733e+00
1.060381120008469402e+00 -1.035964345092395211e+00
1.067325596194524051e+00 -1.046702766441651722e+00
1.074129003816810091e+00 -1.056451287534448946e+00
1.080768737515127143e+00 -1.065165824943189232e+00
1.087222191929275050e+00 -1.072802295240274484e+00
1.093466761699054546e+00 -1.079316614998106827e+00
1.099479841464264585e+00 -1.084664700789088165e+00
1.105238825864705232e+00 -1.088802469185620403e+00
1.110721109540176554e+00 -1.091685836760105888e+00
1.115904087130478617e+00 -1.093270720084946079e+00
1.120765153275410819e+00 -1.093513035732543326e+00
1.125281702614773449e+00 -1.092368700275299531e+00
1.129431129788366350e+00 -1.089793630285616599e+00
1.133190829435989588e+00 -1.085743742335897100e+00
1.136538196197442785e+00 -1.080174952998542270e+00
1.139453939129329907e+00 -1.073049806876423817e+00
1.141946757739492835e+00 -1.064386822692328760e+00
1.144039408170466565e+00 -1.054232629032270996e+00
1.145754752535088850e+00 -1.042634066397191805e+00
1.147115652946196995e+00 -1.029637975288031360e+00
1.148144971516629198e+00 -1.015291196205731605e+00
1.148865570359222543e+00 -9.996405696512324912e-01
1.149300311586815448e+00 -9.827329361254757423e-01
1.149472057312244999e+00 -9.646151361294020843e-01
1.149403669648349169e+00 -9.453340101639523541e-01
1.149118010707965709e+00 -9.249363987300677215e-01
1.148637942603932149e+00 -9.034691423286889123e-01
1.147986327449086463e+00 -8.809790814607570963e-01
1.147186027356265958e+00 -8.575130566272136656e-01
1.146259904438308386e+00 -8.331179083289983467e-01
1.145230820808051497e+00 -8.078404770670528645e-01
1.144121638578333044e+00 -7.817276033423180559e-01
1.142955219861990557e+00 -7.548261276557348687e-01
1.141754426771862452e+00 -7.271828905082442507e-01
1.140542121420785371e+00 -6.988447324007873718e-01
1.139341165921597954e+00 -6.698584938343051798e-01
1.138174422387136842e+00 -6.402710153097381784e-01
1.137064752930240452e+00 -6.101291373280275376e-01
1.136035019663746981e+00 -5.794797003901146493e-01
1.135108084700493070e+00 -5.483695449969399061e-01
1.134306810153316691e+00 -5.168455116494445889e-01
1.133654058135055598e+00 -4.849544408485692015e-01
1.133172690758547763e+00 -4.527431730952554134e-01
1.132885570136630937e+00 -4.202585488904437838e-01
1.132815558382142207e+00 -3.875474087350751495e-01
1.132985517607919546e+00 -3.546565931300905694e-01
1.133418309926800926e+00 -3.216329425764312133e-01
1.134136797451624101e+00 -2.885232975750378626e-01
1.135163842295225933e+00 -2.553744986268512984e-01
1.136522306570444840e+00 -2.222333862328127463e-01
1.138235052390118573e+00 -1.891468008938630985e-01
1.140324941867084663e+00 -1.561615831109433306e-01
1.142815023013525000e+00 -1.233244047383795644e-01
1.145766566209690307e+00 -9.064726255942920363e-02
1.149325544685253941e+00 -5.806531151127709151e-02
1.153649303733025988e+00 -2.550338987315868208e-02
1.158895188645816088e+00 7.113664075691491714e-03
1.165220544716433881e+00 3.986101205603877207e-02
1.172782717237690120e+00 7.281381578864866422e-02
1.181739051502394000e+00 1.060472369942864618e-01
1.192246892803355385e+00 1.396364373937175607e-01
1.204384189497911262e+00 1.735272641633688884e-01
1.217747391354485398e+00 2.068813431460163887e-01
1.231752400467577724e+00 2.385662404698459527e-01
1.245814799461727462e+00 2.674490019392746221e-01
1.259350170961472504e+00 2.923966733587195499e-01
1.271774097591350738e+00 3.122763005325975283e-01
1.282502161975900501e+00 3.259549292653258767e-01
1.290949946739658794e+00 3.322996053613211376e-01
1.296588026285754758e+00 3.303028883631364265e-01
1.299416875095543045e+00 3.201667865957174008e-01
1.299733181251228720e+00 3.027693890142945099e-01
1.297836871609964415e+00 2.789961767836438011e-01
1.294027873028902098e+00 2.497326310685411832e-01
1.288606112365195511e+00 2.158642330337630644e-01
1.281871516475996620e+00 1.782764638440855476e-01
1.274124012218457835e+00 1.378548046642845137e-01
1.265663526449731124e+00 9.548473665913624620e-02
1.256789986026970452e+00 5.205174099341670219e-02
1.247803317807326895e+00 8.441298831903127839e-03
1.239003448647954198e+00 -3.446110866063043648e-02
1.230690305406003437e+00 -7.577000031940692160e-02
1.223163352240060675e+00 -1.146019493583505522e-01
1.216660530487853720e+00 -1.503466899251414968e-01
1.211297195117314596e+00 -1.829382388705697304e-01
1.207174174208454964e+00 -2.123751123355046011e-01
1.204392295841287153e+00 -2.386558264608155677e-01
1.203052388095822600e+00 -2.617788973873718672e-01
1.203255279052072746e+00 -2.817428412560427642e-01
1.205101796790049917e+00 -2.985461742076976899e-01
1.208692769389765553e+00 -3.121874123832059089e-01
1.214129024931230871e+00 -3.226650719234366860e-01
1.221511391494458643e+00 -3.299776689692594522e-01
1.230940697159460306e+00 -3.341237196615435279e-01
1.242517770006247302e+00 -3.351017401411582330e-01
1.256343438114831734e+00 -3.329102465489727769e-01
1.272518529565224821e+00 -3.275477550258565906e-01
1.291143872437438889e+00 -3.190127817126789944e-01
1.312320294811485821e+00 -3.073038427503093084e-01
1.336148624767376614e+00 -2.924194542796168528e-01
1.362729690385123371e+00 -2.743581324414708922e-01
1.392164319744738199e+00 -2.531183933767407468e-01
1.424553340926232758e+00 -2.286987532262959588e-01
1.459997582009618267e+00 -2.010977281310055709e-01
1.498597871074906385e+00 -1.703138342317397913e-01
1.540455036202109662e+00 -1.363455876693665247e-01
1.585669905471239538e+00 -9.919150458475567422e-02
1.634343306962308118e+00 -5.885010111877668482e-02
1.686576068755326618e+00 -1.531989341229883159e-02
1.742469018930306701e+00 3.140060239380854795e-02
1.802122985567260471e+00 8.131287015867612322e-02
1.865638796746199812e+00 1.344183937414346053e-01
1.933117280547136163e+00 1.907186570012146809e-01
