1.362381142362453446e+00 4.124430004791473925e-01
1.356391117337108820e+00 3.865252282294401875e-01
1.348733101569570936e+00 3.620462227350106921e-01
1.339460515331153401e+00 3.389730892700311138e-01
1.328626778893171156e+00 3.172729331086738269e-01
1.316285312526939366e+00 2.969128595251114278e-01
1.302489536503771417e+00 2.778599737935159575e-01
1.287292871094981583e+00 2.600813811880599014e-01
1.270748736571884585e+00 2.435441869829156059e-01
1.252910553205795585e+00 2.282154964522555562e-01
1.233831741268027304e+00 2.140624148702518215e-01
1.213565721029895128e+00 2.010520475110769423e-01
1.192165912762713775e+00 1.891514996489033762e-01
1.169685736737796855e+00 1.783278765579031921e-01
1.146178613226458642e+00 1.685482835122489864e-01
1.121697962500014967e+00 1.597798257861130777e-01
1.096297204829778327e+00 1.519896086536677848e-01
1.070029760487064330e+00 1.451447373890854542e-01
1.042949049743187917e+00 1.392123172665385433e-01
1.015108492869461143e+00 1.341594535601992599e-01
9.865615101372006146e-01 1.299532515442399505e-01
9.573615218177196073e-01 1.265608164928331836e-01
9.275619481823330625e-01 1.239492536801511252e-01
8.972162095023550332e-01 1.220856683803661497e-01
8.663777260490996834e-01 1.209371658676506589e-01
8.350999180938823985e-01 1.204708514161770411e-01
8.034362059080163432e-01 1.206538303001175733e-01
7.714400097628164588e-01 1.214532077936446713e-01
7.391647499295973534e-01 1.228360891709306818e-01
7.066638466796730800e-01 1.247695797061479234e-01
6.739907202843581357e-01 1.272207846734688119e-01
6.411987910149669068e-01 1.301568093470656384e-01
6.083414791428136681e-01 1.335447590011108743e-01
5.754722049392128058e-01 1.373517389097767827e-01
5.426443886754788171e-01 1.415448543472356546e-01
5.099114506229263100e-01 1.460912105876600031e-01
4.773268110528692265e-01 1.509579129052220914e-01
4.449438902366222859e-01 1.561120665740942937e-01
4.128161084454996521e-01 1.615207768684489564e-01
3.809968859508154893e-01 1.671511490624584817e-01
3.495396430238850161e-01 1.729702884302951604e-01
3.184977999360214529e-01 1.789453002461313946e-01
2.879247769585404626e-01 1.850432897841394753e-01
2.578739943627555431e-01 1.912313623184919154e-01
2.283988724199811082e-01 1.974766231233609226e-01
1.995528314015319327e-01 2.037461774729188990e-01
1.713892915787222082e-01 2.100071306413382188e-01
1.439616732228662099e-01 2.162265879027911730e-01
1.173233966052786431e-01 2.223716545314501913e-01
9.152788199727339424e-02 2.284094358014876203e-01
6.662854967016548779e-02 2.343070369870758063e-01
4.267881989526867842e-02 2.400315633623870959e-01
1.973211294389775813e-02 2.455501202015939188e-01
-2.158150912632938578e-03 2.508298127788685106e-01
-2.293855140300917611e-02 2.558377463683832453e-01
-4.255566825591654279e-02 2.605410262443105252e-01
-6.095608642244405850e-02 2.649067600125277755e-01
-7.810369844115035154e-02 2.689097827912399485e-01
-9.401826266201576687e-02 2.725498727328696802e-01
-1.087307880686229911e-01 2.758318311861694960e-01
-1.222722836445550298e-01 2.787604594998918661e-01
-1.346737583733942367e-01 2.813405590227893716e-01
-1.459662212387235480e-01 2.835769311036144824e-01
-1.561806812241255393e-01 2.854743770911196687e-01
-1.653481473131830637e-01 2.870376983340576227e-01
-1.734996284894788077e-01 2.882716961811807588e-01
-1.806661337365953746e-01 2.891811719812416026e-01
-1.868786720381156452e-01 2.897709270829926798e-01
-1.921682523776221951e-01 2.900457628351865713e-01
-1.965658837386978497e-01 2.900104805865756918e-01
-2.001025751049251566e-01 2.896698816859126224e-01
-2.028093354598870801e-01 2.890287674819498331e-01
-2.047171737871662511e-01 2.880919393234401271e-01
-2.058570990703451342e-01 2.868641985591355859e-01
-2.062601202930069433e-01 2.853503465377891235e-01
-2.059572464387338098e-01 2.835551846081528771e-01
-2.049794864911090031e-01 2.814835141189798162e-01
-2.033578494337147935e-01 2.791401364190220780e-01
-2.011233442501340896e-01 2.765298528570322989e-01
-1.983069799239497721e-01 2.736574647817631711e-01
-1.949397654387442780e-01 2.705277735419670537e-01
-1.910527097781005157e-01 2.671455804863965833e-01
-1.866768219256011718e-01 2.635156869638042298e-01
-1.818431108648286831e-01 2.596428943229422970e-01
-1.765825855793663191e-01 2.555320039125636988e-01
-1.709262550527963498e-01 2.511878170814207389e-01
-1.649051282687015452e-01 2.466151351782658596e-01
-1.585502142106647583e-01 2.418187595518517807e-01
-1.518925218622687312e-01 2.368034915509310001e-01
-1.449630602070960117e-01 2.315741325242558768e-01
-1.377928382287293974e-01 2.261354838205791029e-01
-1.304128649107517135e-01 2.204923467886531208e-01
-1.228541492367454524e-01 2.146495227772304837e-01
-1.151477001902935227e-01 2.086118131350637173e-01
-1.073245267549785414e-01 2.023840192109052916e-01
-9.941563791438336184e-02 1.959709423535078154e-01
-9.145204265209060102e-02 1.893773839116238422e-01
-8.346474995168286226e-02 1.826081452340057310e-01
-7.548476879674305418e-02 1.756680276694060905e-01
-6.754310817085368290e-02 1.685618325665775019e-01
-5.967077705759776113e-02 1.612943612742724075e-01
-5.189878444055769091e-02 1.538704151412433885e-01
-4.425813930331648494e-02 1.462947955162428593e-01
-3.677985062945661465e-02 1.385723037480234843e-01
-2.949492740256099907e-02 1.307077411853377613e-01
-2.243437860621213739e-02 1.227059091769381605e-01
-1.562921322399290006e-02 1.145716090715772073e-01
-9.110440239485996169e-03 1.063096422180074552e-01
-2.909068636274100145e-03 9.792480996498142964e-02
2.943892602060031206e-03 8.942191366125164242e-02
8.417434491933762503e-03 8.080575465557059134e-02
1.348054804976424846e-02 7.208113429669085748e-02
1.810222429196889360e-02 6.325285393336495254e-02
2.225145423496495412e-02 5.432571491434535355e-02
2.589722889516962029e-02 4.530451858838461382e-02
2.900853928900030618e-02 3.619406630423527976e-02
3.155437643287411359e-02 2.699915941065001920e-02
3.350373134320856067e-02 1.772459925638104200e-02
3.482582494734929451e-02 8.375192424919809461e-03
3.551168645143850527e-02 -1.043757957318890150e-03
3.559179978073111900e-02 -1.052605043710852506e-02
3.510080181418963330e-02 -2.006538900448123081e-02
3.407332943077667070e-02 -2.965547764946918630e-02
3.254401950945450678e-02 -3.929002036210463983e-02
3.054750892918598262e-02 -4.896272113241968704e-02
2.811843456893328361e-02 -5.866728395044659011e-02
2.529143330765915021e-02 -6.839741280621745856e-02
2.210114202432596556e-02 -7.814681168976450598e-02
1.858219759789628972e-02 -8.790918459111995986e-02
1.476923690733259603e-02 -9.767823550031592972e-02
1.069689683159752783e-02 -1.074476684073846222e-01
6.399814249653467367e-03 -1.172111873023582440e-01
1.912626040462898393e-03 -1.269624961752689740e-01
-2.730030917011550505e-03 -1.366952990161489634e-01
-7.493519743807421606e-03 -1.464032998150304188e-01
-1.234320356096222163e-02 -1.560802025619455469e-01
-1.724444548951336101e-02 -1.657197112469264710e-01
-2.216260865049835341e-02 -1.753155298600053702e-01
-2.706305616495472549e-02 -1.848613623912144788e-01
-3.191115115391999352e-02 -1.943509128305860312e-01
-3.667225673843157313e-02 -2.037778851681520398e-01
-4.131173603952687651e-02 -2.131359833939446002e-01
-4.579495217824360032e-02 -2.224189114979963078e-01
-5.008726827561915673e-02 -2.316203734703391193e-01
-5.415404745269094405e-02 -2.407340733010052414e-01
-5.796065283049654793e-02 -2.497537149800268530e-01
-6.147244753007338747e-02 -2.586730024974360775e-01
-6.465479467245892342e-02 -2.674856398432650662e-01
-6.747305737869080389e-02 -2.761853310075461643e-01
-6.989259876980637165e-02 -2.847657799803114398e-01
-7.187878196684310828e-02 -2.932206907515930716e-01
-7.339697009083860635e-02 -3.015437673114233497e-01
-7.441252626283020866e-02 -3.097287136498342308e-01
-7.489081360385552166e-02 -3.177692337568581160e-01
-7.479719523495198530e-02 -3.256590316225271287e-01
-7.409703427715716439e-02 -3.333918112368735032e-01
-7.275569385150833235e-02 -3.409612765899291964e-01
-7.073853707904323440e-02 -3.483611316717265538e-01
-6.801092708079921334e-02 -3.555850804722978653e-01
-6.453822697781373685e-02 -3.626268269816750878e-01
-6.028579989112443915e-02 -3.694800751898906777e-01
-5.521900894176862834e-02 -3.761385290869765918e-01
-4.930321725078392475e-02 -3.825958926629650092e-01
-4.250378793920770587e-02 -3.888458699078883307e-01
-3.478608412807760591e-02 -3.948821648117784577e-01
-2.611546893843088440e-02 -4.006984813646677357e-01
-1.645730549130525883e-02 -4.062885235565882325e-01
-5.776956907738353859e-03 -4.116459953775722380e-01
5.960213691232780012e-03 -4.167646008176520422e-01
1.878884318457042096e-02 -4.216380438668596020e-01
3.274356845123724963e-02 -4.262600285152270962e-01
4.785902637019552597e-02 -4.306242587527869814e-01
6.416985382040790720e-02 -4.347244385695712143e-01
8.171068768083684930e-02 -4.385542719556119740e-01
1.005161648304448846e-01 -4.421074629009416057e-01
1.206209221481946425e-01 -4.453777153955920665e-01
1.420595965130483918e-01 -4.483587334295957572e-01
1.648668248039688033e-01 -4.510442209929846902e-01
1.890772438999183680e-01 -4.534278820757910999e-01
2.147254906798597152e-01 -4.555034206680472764e-01
2.418462020227551135e-01 -4.572645407597851763e-01
2.704740148075672201e-01 -4.587049463410372008e-01
3.006435659132585814e-01 -4.598183414018354731e-01
3.323894922187915490e-01 -4.605984299322121167e-01
3.656659669284172409e-01 -4.611277050356019092e-01
3.997388402329233315e-01 -4.622482024328886108e-01
4.335245759274430899e-01 -4.651874946529169774e-01
4.659368970088162976e-01 -4.711761786085328363e-01
4.958895264738831798e-01 -4.814448512125814594e-01
5.222961873194836846e-01 -4.972241093779085630e-01
5.440706025424579817e-01 -5.197445500173596411e-01
5.601264951396461855e-01 -5.502367700437805764e-01
5.693775881078881884e-01 -5.899313663700156418e-01
5.707376044440245488e-01 -6.400589359089123853e-01
5.631202671448950481e-01 -7.018500755733155794e-01
5.454392992073399116e-01 -7.765353822760706626e-01
5.166084236281989206e-01 -8.653454529300234066e-01
4.755413634043123561e-01 -9.695108844480194721e-01
4.211518415325203324e-01 -1.090262273742904187e+00
3.523535810096629084e-01 -1.228830217727523655e+00
2.680603048325800319e-01 -1.386445313314722760e+00
