-4.874002675567292719e-01 1.408919392381798197e+00
-2.768653771411532794e-01 1.076320662636662373e+00
-1.085784948075919215e-01 7.679569732657629544e-01
2.251120798849969365e-02 4.843839928932291983e-01
1.214545597916658615e-01 2.261573901431914446e-01
1.933023891464509814e-01 -6.167166360220502699e-03
2.431055245973995360e-01 -2.120340079928769161e-01
2.759147946890561087e-01 -3.908874661306483422e-01
2.967810279659649497e-01 -5.421718721494043214e-01
3.107550529726706978e-01 -6.653315574250154851e-01
3.228876982537177143e-01 -7.598108533333521875e-01
3.382297923536504158e-01 -8.250540912502839497e-01
3.618321638170133303e-01 -8.605056025516815144e-01
3.987456411883510965e-01 -8.656097186134152910e-01
4.540210530122077981e-01 -8.398107708113546899e-01
5.320994693369497375e-01 -7.831564514656286224e-01
6.223962955122808172e-01 -7.105624691642987711e-01
6.987230479097008562e-01 -6.523847063462121509e-01
7.392624419321617291e-01 -6.338353571600584546e-01
7.469017173917180674e-01 -6.517145721346697673e-01
7.320030266851567102e-01 -6.942257954265957931e-01
7.049301421575837612e-01 -7.495706081311263036e-01
6.754874596377457019e-01 -8.065884285953847099e-01
6.474160282006158340e-01 -8.610324949591150467e-01
6.207440784990454485e-01 -9.128896408557196640e-01
5.954463177559011777e-01 -9.622077307922484168e-01
5.714974531940489877e-01 -1.009034629275749495e+00
5.488721920363557327e-01 -1.053418200813272865e+00
5.275452415056873789e-01 -1.095406309911866494e+00
5.074913088249104476e-01 -1.135046821078579793e+00
4.886851012168911823e-01 -1.172387598820462395e+00
4.711013259044961599e-01 -1.207476507644563046e+00
4.547146901105914019e-01 -1.240361412057930490e+00
4.394999010580433740e-01 -1.271090176567613694e+00
4.254316659697183756e-01 -1.299710665680661847e+00
4.124846920684828167e-01 -1.326270743904124361e+00
4.006336865772031630e-01 -1.350818275745049535e+00
3.898533567187454363e-01 -1.373401125710487225e+00
3.801184097159761577e-01 -1.394067158307485732e+00
3.714035527917616819e-01 -1.412864238043094689e+00
3.636834931689683637e-01 -1.429840229424363063e+00
3.569329380704623911e-01 -1.445042996958338488e+00
3.511265947191103409e-01 -1.458520405152072597e+00
3.462391703377783458e-01 -1.470320318512611912e+00
3.422453721493328160e-01 -1.480490601547006735e+00
3.391199073766401617e-01 -1.489079118762306253e+00
3.368374832425666265e-01 -1.496133734665559212e+00
3.353728069699785652e-01 -1.501702313763814356e+00
3.347005857817424435e-01 -1.505832720564120875e+00
3.347955269007243384e-01 -1.508572819573528179e+00
3.356323375497908823e-01 -1.509970475299084791e+00
3.371857249518083188e-01 -1.510073552247840345e+00
3.394303963296427806e-01 -1.508929914926842475e+00
3.423410589061609000e-01 -1.506587427843142146e+00
3.458924199042288650e-01 -1.503093955503787216e+00
3.500591865467130859e-01 -1.498497362415826872e+00
3.548160660564798063e-01 -1.492845513086310305e+00
3.601377656563954366e-01 -1.486186272022286703e+00
3.659989925693263313e-01 -1.478567503730804589e+00
3.723744540181387341e-01 -1.470037072718913373e+00
3.792388572256991663e-01 -1.460642843493662024e+00
3.865669094148738161e-01 -1.450432680562099508e+00
3.943333178085290380e-01 -1.439454448431275013e+00
4.025127896295312979e-01 -1.427756011608237507e+00
4.110800321007467839e-01 -1.415385234600035513e+00
4.200097524450419062e-01 -1.402389981913719108e+00
4.292766578852829085e-01 -1.388818118056336148e+00
4.388554556443363119e-01 -1.374717507534936711e+00
4.487208529450683048e-01 -1.360136014856569098e+00
4.588475570103452972e-01 -1.345121504528282941e+00
4.692102750630336438e-01 -1.329721841057126763e+00
4.797837143259995329e-01 -1.313984888950149976e+00
4.905425820221094302e-01 -1.297958512714401325e+00
5.014615853742298013e-01 -1.281690576856929775e+00
5.125154316052267234e-01 -1.265228945884784517e+00
5.236788279379668287e-01 -1.248621484305014739e+00
5.349264815953161945e-01 -1.231916056624669409e+00
5.462330998001413418e-01 -1.215160527350797270e+00
5.575733897753084589e-01 -1.198402760990447513e+00
5.689220587436839560e-01 -1.181690622050669326e+00
5.802538139281342433e-01 -1.165071975038511676e+00
5.915433803489091868e-01 -1.148594652743354372e+00
6.027682854460677531e-01 -1.132301493612380527e+00
6.139118889146133462e-01 -1.116224942119361963e+00
6.249582783080923631e-01 -1.100396145582441809e+00
6.358915411800512008e-01 -1.084846251319760979e+00
6.466957650840368110e-01 -1.069606406649462604e+00
6.573550375735950357e-01 -1.054707758889687819e+00
6.678534462022727158e-01 -1.040181455358579754e+00
6.781750785236161372e-01 -1.026058643374279544e+00
6.883040220911718077e-01 -1.012370470254929877e+00
6.982243644584862352e-01 -9.991480833186726640e-01
7.079201931791055946e-01 -9.864226298836499263e-01
7.173755958065766158e-01 -9.742252572680036860e-01
7.265746598944458068e-01 -9.625871127898761870e-01
7.355014729962593423e-01 -9.515393437674093402e-01
7.441401226655638412e-01 -9.411130975187455006e-01
7.524746964559058116e-01 -9.313395213620263569e-01
7.604892819208315391e-01 -9.222497626153941530e-01
7.681679666138877538e-01 -9.138749685969911329e-01
7.754948380886206305e-01 -9.062462866249589855e-01
7.824539838985765661e-01 -8.993948640174400655e-01
7.890294915973021794e-01 -8.933518480925763949e-01
7.952054487383438675e-01 -8.881483861685102177e-01
8.009659428752481380e-01 -8.838156255633833336e-01
8.062950615615613881e-01 -8.803847135953379865e-01
8.111768923508300144e-01 -8.778867975825160874e-01
8.155955227966007470e-01 -8.763530248430601022e-01
8.195350404524197607e-01 -8.758145426951117196e-01
8.229795328718335634e-01 -8.763024984568131837e-01
8.259130876083885520e-01 -8.778480394463065162e-01
8.283197922156313453e-01 -8.804823129817338501e-01
8.301837342471083403e-01 -8.842364663812372072e-01
8.314890012563659338e-01 -8.891416469629587205e-01
8.322196807969505228e-01 -8.952290020450404118e-01
8.323899444523248370e-01 -9.025735838220356744e-01
8.321540016089485903e-01 -9.114548167900349274e-01
8.317067771733060999e-01 -9.222115460041326873e-01
8.312432005686098968e-01 -9.351826231111732834e-01
8.309582012180737332e-01 -9.507068997580016001e-01
8.310467085449101399e-01 -9.691232275914620775e-01
8.317036519723318699e-01 -9.907704582583990449e-01
8.331092707187615076e-01 -1.015943402037342569e+00
8.352824447916964434e-01 -1.044453112816731588e+00
8.381422541804499637e-01 -1.075811443117749011e+00
8.416062985884015246e-01 -1.109525807550812537e+00
8.455921777189304711e-01 -1.145103620726337867e+00
8.500174912754167034e-01 -1.182052297254742035e+00
8.547998389612400105e-01 -1.219879251746442073e+00
8.598568204797797376e-01 -1.258091898811854126e+00
8.651060355344155628e-01 -1.296197653061395227e+00
8.704650838285271641e-01 -1.333703929105482189e+00
8.758515650654946638e-01 -1.370118141554532043e+00
8.811830789486968518e-01 -1.404947705018960491e+00
8.863772251815137393e-01 -1.437700034109184566e+00
8.913516034673251154e-01 -1.467882543435621523e+00
8.960238135095103251e-01 -1.495002647608687507e+00
9.003187368129292878e-01 -1.518615846274015801e+00
9.042248991800503344e-01 -1.538697911217331127e+00
9.077637094044443966e-01 -1.555441755516864921e+00
9.109568514287245122e-01 -1.569042109184669576e+00
9.138260091955038300e-01 -1.579693702232795260e+00
9.163928666473953877e-01 -1.587591264673295255e+00
9.186791077270122230e-01 -1.592929526518220618e+00
9.207064163769674847e-01 -1.595903217779623073e+00
9.224964765398742106e-01 -1.596707068469554125e+00
9.240709721583457714e-01 -1.595535808600066163e+00
9.254515871749949829e-01 -1.592584168183210691e+00
9.266600055324347718e-01 -1.588046877231038545e+00
9.277179111732786199e-01 -1.582118665755602338e+00
9.286469880401395649e-01 -1.574994263768954017e+00
9.294689200756303116e-01 -1.566868401283144419e+00
9.302053912223644527e-01 -1.557935808310226156e+00
9.308780854229549151e-01 -1.548391214862250287e+00
9.315086866200146254e-01 -1.538429350951268759e+00
9.321188787561569544e-01 -1.528244946589333519e+00
9.327303457739947179e-01 -1.518032731788496070e+00
9.333647716161410646e-01 -1.507987436560807692e+00
9.340438402252092542e-01 -1.498303790918321221e+00
9.347892355438123246e-01 -1.489176524873087715e+00
9.356226415145633135e-01 -1.480800368437158676e+00
9.365657420800750366e-01 -1.473370051622586052e+00
9.376402211829614197e-01 -1.467080304441422012e+00
9.388677627658345015e-01 -1.462125856905717169e+00
9.402700507713082079e-01 -1.458701439027524360e+00
9.418687691419951324e-01 -1.457001780818894865e+00
9.436856018205086460e-01 -1.457221612291880630e+00
9.457422118955282064e-01 -1.459555388349785154e+00
9.480510721900052840e-01 -1.464076324298946519e+00
9.506010810703091618e-01 -1.470546637080780483e+00
9.533774097433594941e-01 -1.478679374295687854e+00
9.563652294160744916e-01 -1.488187583544067882e+00
9.595497112953742525e-01 -1.498784312426320930e+00
9.629160265881768765e-01 -1.510182608542846472e+00
9.664493465014017959e-01 -1.522095519494044202e+00
9.701348422419679984e-01 -1.534236092880314706e+00
9.739576850167946942e-01 -1.546317376302057456e+00
9.779030460328005381e-01 -1.558052417359671926e+00
9.819560964969049621e-01 -1.569154263653558923e+00
9.861020076160267323e-01 -1.579335962784117697e+00
9.903259505970849474e-01 -1.588310562351747945e+00
9.946130966469989287e-01 -1.595791109956850695e+00
9.989486169726872200e-01 -1.601490653199824532e+00
1.003317682781069031e+00 -1.605122239681070040e+00
1.007705465279063795e+00 -1.606398917000986915e+00
1.012097135673589943e+00 -1.605033732759975074e+00
1.016477865171566908e+00 -1.600739734558434213e+00
1.020832824979913678e+00 -1.593229969996764694e+00
1.025147186305548574e+00 -1.582217486675365326e+00
1.029406120355392140e+00 -1.567415332194637578e+00
1.033594798336362253e+00 -1.548536554154980260e+00
1.037698391455378122e+00 -1.525294200156793956e+00
1.041702070919358958e+00 -1.497401317800478138e+00
1.045591007935223749e+00 -1.464570954686432502e+00
1.049350373709891704e+00 -1.426516158415057189e+00
1.052965339450281590e+00 -1.382949976586751673e+00
1.056421076363312617e+00 -1.333585456801916536e+00
1.059702755655903328e+00 -1.278135646660951030e+00
1.062795548534973600e+00 -1.216313593764255296e+00
1.065684626207441976e+00 -1.147832345712229696e+00
1.068355159880227667e+00 -1.072404950105273258e+00
