-1.512608695878423282e+00 1.720867399137768761e+00
-1.430586691385031806e+00 1.435276092047038432e+00
-1.357710203027716611e+00 1.171570071280065850e+00
-1.293501889685751971e+00 9.289410992896753871e-01
-1.237484410238412158e+00 7.065809385286918598e-01
-1.189180423564971223e+00 5.036813514499397515e-01
-1.148112588544704771e+00 3.194341005062450445e-01
-1.113803564056885964e+00 1.530309481504310287e-01
-1.085776008980789076e+00 3.663656835322886326e-03
-1.063552582195689045e+00 -1.294760109862548858e-01
-1.046655942580859699e+00 -2.471962928614774846e-01
-1.034608749015576201e+00 -3.503054263375201538e-01
-1.026933660379111712e+00 -4.396116489615581324e-01
-1.023153335550741172e+00 -5.159231982807668260e-01
-1.022790433409739519e+00 -5.800483118423217510e-01
-1.025367612835379916e+00 -6.327952271933978690e-01
-1.030407532706937301e+00 -6.749721818811704743e-01
-1.037432851903686393e+00 -7.073874134528154167e-01
-1.045966229304900796e+00 -7.308491594555073245e-01
-1.055536891703017011e+00 -7.461673802699855251e-01
-1.065825342883732096e+00 -7.541917178432607782e-01
-1.076663483161674151e+00 -7.558115270440948219e-01
-1.087889804671773097e+00 -7.519178918459106242e-01
-1.099342799548957306e+00 -7.434018962221305982e-01
-1.110860959928157365e+00 -7.311546241461781559e-01
-1.122282777944301868e+00 -7.160671595914752663e-01
-1.133446745732320959e+00 -6.990305865314452305e-01
-1.144191355427143675e+00 -6.809359889395106835e-01
-1.154355099163699494e+00 -6.626744507890943714e-01
-1.163776469076917675e+00 -6.451370560536189291e-01
-1.172293957301728140e+00 -6.292148887065074359e-01
-1.179746055973059704e+00 -6.157990327211821935e-01
-1.186001981436163755e+00 -6.056465031555778866e-01
-1.191112252300338792e+00 -5.987231800746616317e-01
-1.195193657326363956e+00 -5.947057654898264545e-01
-1.198363083466732926e+00 -5.932705329407021999e-01
-1.200737417673939600e+00 -5.940937559669179358e-01
-1.202433546900476546e+00 -5.968517081081033959e-01
-1.203568358098838553e+00 -6.012206629038880923e-01
-1.204258738221518410e+00 -6.068768938939014257e-01
-1.204621574221009350e+00 -6.134966746177733521e-01
-1.204773753049805274e+00 -6.207562786151327172e-01
-1.204832161660399192e+00 -6.283319794256094770e-01
-1.204913687005285450e+00 -6.359000505888331434e-01
-1.205135216036956836e+00 -6.431367656444332281e-01
-1.205613635707907028e+00 -6.497183981320390211e-01
-1.206465832970629259e+00 -6.553212215912801453e-01
-1.207808694777617653e+00 -6.596215095617864455e-01
-1.209759108081364554e+00 -6.622955355831865454e-01
-1.212433959834364972e+00 -6.630195731951110671e-01
-1.215950136989111474e+00 -6.614698959371889675e-01
-1.220424526498097517e+00 -6.573227773490499803e-01
-1.225974015313817000e+00 -6.502544909703232845e-01
-1.232715490388762714e+00 -6.399413103406386139e-01
-1.240762352903986176e+00 -6.260702163034038703e-01
-1.250116451206508161e+00 -6.086708484508454031e-01
-1.260647233599791361e+00 -5.881795418541965192e-01
-1.272216454770149552e+00 -5.650562642001070168e-01
-1.284685869403898062e+00 -5.397609831752288034e-01
-1.297917232187351777e+00 -5.127536664662113441e-01
-1.311772297806825804e+00 -4.844942817597058804e-01
-1.326112820948634363e+00 -4.554427967423625434e-01
-1.340800556299092783e+00 -4.260591791008326301e-01
-1.355697258544515726e+00 -3.968033965217661052e-01
-1.370664682371218079e+00 -3.681354166918141546e-01
-1.385564582465514505e+00 -3.405152072976269650e-01
-1.400258713513720554e+00 -3.144027360258554449e-01
-1.414608830202150447e+00 -2.902579705631501139e-01
-1.428476687217119512e+00 -2.685408785961616585e-01
-1.441724039244941968e+00 -2.497114278115405150e-01
-1.454212640971932924e+00 -2.342295858959376476e-01
-1.465804247084407708e+00 -2.225553205360035480e-01
-1.476360612268680539e+00 -2.151485994183885142e-01
-1.485743491211066969e+00 -2.124693902297436210e-01
-1.493814638597880551e+00 -2.149776606567192772e-01
-1.500440807491178141e+00 -2.231164065497801552e-01
-1.505607635201836159e+00 -2.369249558278228307e-01
-1.509421863656225327e+00 -2.560314292891793242e-01
-1.511995677277457650e+00 -2.800454678963431032e-01
-1.513441260488644025e+00 -3.085767126118073578e-01
-1.513870797712896454e+00 -3.412348043980655277e-01
-1.513396473373326501e+00 -3.776293842176112192e-01
-1.512130471893045280e+00 -4.173700930329374836e-01
-1.510184977695164577e+00 -4.600665718065379828e-01
-1.507672175202795950e+00 -5.053284615009056013e-01
-1.504704248839050962e+00 -5.527654030785346118e-01
-1.501393383027040729e+00 -6.019870375019177322e-01
-1.497851762189877478e+00 -6.526030057335484580e-01
-1.494191570750672104e+00 -7.042229487359207285e-01
-1.490524993132536169e+00 -7.564565074715271509e-01
-1.486964213758581455e+00 -8.089133229028615535e-01
-1.483621417051919744e+00 -8.612030359924170986e-01
-1.480608787435661933e+00 -9.129352877026871704e-01
-1.478038509332920247e+00 -9.637197189961652644e-01
-1.476022767166805361e+00 -1.013165970835344876e+00
-1.474673745360429722e+00 -1.060883684182719611e+00
-1.474103628336904004e+00 -1.106482500000781188e+00
-1.474424600519340434e+00 -1.149572059252025769e+00
-1.475748846330849906e+00 -1.189762002898944626e+00
-1.478188550194544648e+00 -1.226661971904031923e+00
-1.481855896533535777e+00 -1.259881607229780931e+00
-1.486863069770934631e+00 -1.289030549838685369e+00
-1.493322254329852994e+00 -1.313718440693237843e+00
-1.501345634633402648e+00 -1.333554920755932294e+00
-1.511045395104694267e+00 -1.348149630989262215e+00
-1.522533720166840521e+00 -1.357112212355720660e+00
-1.535922794242952083e+00 -1.360052305817800899e+00
-1.551324801756140959e+00 -1.356579552337997097e+00
-1.568845123075917503e+00 -1.346321367432596672e+00
-1.588450782718263676e+00 -1.329266600214031868e+00
-1.609979833169539187e+00 -1.305741019580052731e+00
-1.633265402529837207e+00 -1.276083258637563667e+00
-1.658140618899249130e+00 -1.240631950493469526e+00
-1.684438610377867684e+00 -1.199725728254674939e+00
-1.711992505065784709e+00 -1.153703225028085200e+00
-1.740635431063092264e+00 -1.102903073920604493e+00
-1.770200516469882190e+00 -1.047663908039139447e+00
-1.800520889386247880e+00 -9.883243604905923574e-01
-1.831429677912280063e+00 -9.252230643818690758e-01
-1.862760010148072132e+00 -8.586986528198747859e-01
-1.894345014193715704e+00 -7.890897589115141164e-01
-1.926017818149302618e+00 -7.167350157636921404e-01
-1.957611550114925825e+00 -6.419730564833131536e-01
-1.988959338190676274e+00 -5.651425141772825622e-01
-2.019894310476646915e+00 -4.865820219525048840e-01
-2.050249595072930031e+00 -4.066302129158850809e-01
-2.079858320079617684e+00 -3.256257201743281149e-01
-2.108553613596801490e+00 -2.439071768347386149e-01
-2.136168603724574844e+00 -1.618132160040216538e-01
-2.162536418563028029e+00 -7.968247078908187453e-02
-2.187490186212254439e+00 2.146425703175744177e-03
-2.210863034772346580e+00 8.333484036584648535e-02
-2.232488092343395625e+00 1.635441400920252530e-01
-2.252198487025494078e+00 2.424356917748075602e-01
-2.269827346918734445e+00 3.196708623072882505e-01
-2.285207898413407879e+00 3.949106821776182108e-01
-2.298207400170994230e+00 4.676997040926668681e-01
-2.308776855681913709e+00 5.372958583410023525e-01
-2.316879918936615823e+00 6.029137780075717323e-01
-2.322480243925547416e+00 6.637680961773219090e-01
-2.325541484639156664e+00 7.190734459351993957e-01
-2.326027295067892631e+00 7.680444603661504832e-01
-2.323901329202202604e+00 8.098957725551240161e-01
-2.319127241032535647e+00 8.438420155870658412e-01
-2.311668684549339936e+00 8.690978225469230267e-01
-2.301489313743063203e+00 8.848778265196421966e-01
-2.288562758391506691e+00 8.904485503578750683e-01
-2.273036688271079964e+00 8.859817983501631078e-01
-2.255206669924888274e+00 8.724186703400349518e-01
-2.235372973572825384e+00 8.507247326804991960e-01
-2.213835869434784165e+00 8.218655517245644360e-01
-2.190895627730657935e+00 7.868066938252394893e-01
-2.166852518680339124e+00 7.465137253355329516e-01
-2.142006812503722379e+00 7.019522126084541958e-01
-2.116658779420699243e+00 6.540877219970112622e-01
-2.091108689651164365e+00 6.038858198542130795e-01
-2.065656813415009729e+00 5.523120725330683545e-01
-2.040603420932129097e+00 5.003320463865860157e-01
-2.016245768645248404e+00 4.489013515935665888e-01
-1.992756488176477214e+00 3.985638935663853855e-01
-1.970141863484918598e+00 3.493140393076115124e-01
-1.948396601441702680e+00 3.011079102899398285e-01
-1.927515408917957807e+00 2.539016279860644709e-01
-1.907492992784814989e+00 2.076513138686805759e-01
-1.888324059913402353e+00 1.623130894104823085e-01
-1.870003317174850688e+00 1.178430760841643055e-01
-1.852525471440288340e+00 7.419739536242117572e-02
-1.835885229580845879e+00 3.133216871794844427e-02
-1.820077298467652316e+00 -1.079648237656129217e-02
-1.805096384971836887e+00 -5.223243644841242539e-02
-1.790937195964529716e+00 -9.301957202491038801e-02
-1.777594438316859593e+00 -1.332017676333606959e-01
-1.765062818899957087e+00 -1.728229018010687679e-01
-1.753337044584951432e+00 -2.119268530553400365e-01
-1.742411822242971198e+00 -2.505574999234798650e-01
-1.732281858745146952e+00 -2.887587209327936444e-01
-1.722941860962607707e+00 -3.265743946105870155e-01
-1.714386535766483366e+00 -3.640483994841652304e-01
-1.706610590027903385e+00 -4.012246140808337080e-01
-1.699608730617996777e+00 -4.381469169278980891e-01
-1.693375664407893666e+00 -4.748591865526635147e-01
-1.687906098268723731e+00 -5.114053014824356813e-01
-1.683194739071615986e+00 -5.478291402445198965e-01
-1.679236293687700332e+00 -5.841745813662218012e-01
-1.676025468988105782e+00 -6.204855033748464255e-01
-1.673556971843962460e+00 -6.568057847976994656e-01
-1.671825509126399156e+00 -6.931793041620860629e-01
-1.670825787706546439e+00 -7.296499399953122467e-01
-1.670552514455533100e+00 -7.662615708246829360e-01
-1.671000396244488373e+00 -8.030580751775036052e-01
-1.672164139944543049e+00 -8.400833315810800617e-01
-1.674038452426825918e+00 -8.773812185627174465e-01
-1.676618040562465772e+00 -9.149956146497203457e-01
-1.679897611222593401e+00 -9.529703983693958991e-01
-1.683871871278337373e+00 -9.913494482490485815e-01
-1.688535527600827812e+00 -1.030176642815984200e+00
-1.693883287061194176e+00 -1.069495860597507786e+00
-1.699909856530566143e+00 -1.109350980120925145e+00
-1.706609942880072506e+00 -1.149785879913541198e+00
-1.713978252980843386e+00 -1.190844438502661751e+00
-1.722009493704008243e+00 -1.232570534415592389e+00
