-3.153232262160118315e-01 6.648404119184983530e-02
-3.352007069340973699e-01 1.677376961432262142e-02
-3.530716288843381290e-01 -2.996706001581846829e-02
-3.689856001566421129e-01 -7.381339500204797677e-02
-3.829922288409174924e-01 -1.148401826478405302e-01
-3.951411230270723829e-01 -1.531223702566705813e-01
-4.054818908050148440e-01 -1.887349051320127702e-01
-4.140641402646529912e-01 -2.217527345773416814e-01
-4.209374794958949950e-01 -2.522508058961318578e-01
-4.261515165886488044e-01 -2.803040663918577313e-01
-4.297558596328227010e-01 -3.059874633679940392e-01
-4.318001167183245226e-01 -3.293759441280152411e-01
-4.323338959350626065e-01 -3.505444559753959077e-01
-4.314068053729450680e-01 -3.695679462136108318e-01
-4.290684531218799669e-01 -3.865213621461342508e-01
-4.253684472717751963e-01 -4.014796510764408466e-01
-4.203563959125392047e-01 -4.145177603080053008e-01
-4.140819071340798296e-01 -4.257106371443019066e-01
-4.065945890263053530e-01 -4.351332288888054012e-01
-3.979440496791237236e-01 -4.428604828449904107e-01
-3.881798971824431677e-01 -4.489673463163313949e-01
-3.773517396261715784e-01 -4.535287666063028689e-01
-3.655091851002172931e-01 -4.566196910183794588e-01
-3.527018416944883716e-01 -4.583150668560359575e-01
-3.389793174988929292e-01 -4.586898414227464915e-01
-3.243912206033388035e-01 -4.578189620219857980e-01
-3.089871590977345539e-01 -4.557773759572286698e-01
-2.928167410719877406e-01 -4.526400305319493445e-01
-2.759295746160071450e-01 -4.484818730496225592e-01
-2.583752678197001607e-01 -4.433778508137227736e-01
-2.402034287729752915e-01 -4.374029111277245585e-01
-2.214636655657405695e-01 -4.306320012951025955e-01
-2.022055862879040822e-01 -4.231400686193315108e-01
-1.824787990293740003e-01 -4.150020604038856531e-01
-1.623329118800583282e-01 -4.062929239522395930e-01
-1.418175329298651255e-01 -3.970876065678679567e-01
-1.209822702687027296e-01 -3.874610555542454815e-01
-9.987673198647913086e-02 -3.774882182148466270e-01
-7.855052617310212537e-02 -3.672440418531455197e-01
-5.705326091848027248e-02 -3.568034737726175076e-01
-3.543454431252122949e-02 -3.462414612767363287e-01
-1.374398444513356445e-02 -3.356329516689772752e-01
7.968810593774843312e-03 -3.250528922528144737e-01
2.965423271429586116e-02 -3.145762303317226616e-01
5.126267382652147792e-02 -3.042779132091762984e-01
7.274452584054356963e-02 -2.942328881886500103e-01
9.405018066645411123e-02 -2.845161025736182570e-01
1.151300302143446613e-01 -2.752025036675557756e-01
1.359344663943072573e-01 -2.663670387739371370e-01
1.564138811164341170e-01 -2.580846551962366342e-01
1.765186662908168336e-01 -2.504303002379291154e-01
1.962029371836495339e-01 -2.434727448057985022e-01
2.154535952444225355e-01 -2.372263732616816390e-01
2.342745854133713446e-01 -2.316772977965713964e-01
2.526699983957783058e-01 -2.268113888027371294e-01
2.706439248969260136e-01 -2.226145166724480540e-01
2.882004556220965630e-01 -2.190725517979734971e-01
3.053436812765725761e-01 -2.161713645715825916e-01
3.220776925656360090e-01 -2.138968253855448309e-01
3.384065801945700391e-01 -2.122348046321290427e-01
3.543344348686566225e-01 -2.111711727036049147e-01
3.698653472931781039e-01 -2.106917999922413576e-01
3.850034081734169389e-01 -2.107825568903079760e-01
3.997527082146556943e-01 -2.114293137900736530e-01
4.141173381221763261e-01 -2.126179410838081874e-01
4.281013886012619563e-01 -2.143343091637800735e-01
4.417089503571942077e-01 -2.165642884222592768e-01
4.549441140952559803e-01 -2.192937492515145692e-01
4.678109705207293967e-01 -2.225085620438154721e-01
4.803136103388972455e-01 -2.261945971914309517e-01
4.924561242550413720e-01 -2.303377250866307790e-01
5.042426029744445648e-01 -2.349238161216836429e-01
5.156771372023891686e-01 -2.399387406888591756e-01
5.267638176441575837e-01 -2.453683691804265377e-01
5.375067350050320991e-01 -2.511985719886548063e-01
5.479099799902951151e-01 -2.574152195058134196e-01
5.579776433052292539e-01 -2.640041821241715936e-01
5.677138156551169157e-01 -2.709513302359987108e-01
5.771225877452399455e-01 -2.782425342335637097e-01
5.862080502808814098e-01 -2.858636645091361950e-01
5.949742939673231534e-01 -2.938005914549851050e-01
6.034254095098482429e-01 -3.020391854633799888e-01
6.115654876137384122e-01 -3.105653169265898961e-01
6.193986189842765056e-01 -3.193648562368840982e-01
6.269288943267445902e-01 -3.284236737865318667e-01
6.341604043464252882e-01 -3.377276399678025842e-01
6.410972397486012220e-01 -3.472626251729655222e-01
6.477434912385541255e-01 -3.570144997942895082e-01
6.541032495215669540e-01 -3.669691342240443688e-01
6.601806053029217747e-01 -3.771123988544990979e-01
6.659796492879015428e-01 -3.874301640779229672e-01
6.715044721817878814e-01 -3.979083002865851371e-01
6.767591646898638569e-01 -4.085326778727548236e-01
6.817478175174114252e-01 -4.192891672287015759e-01
6.864745213697130977e-01 -4.301636387466946099e-01
6.909433669520513854e-01 -4.411419628190026976e-01
6.951584449697085777e-01 -4.522100098378954991e-01
6.991238461279671856e-01 -4.633536501956423415e-01
7.028436611321093874e-01 -4.745587542845122742e-01
7.063219806874180273e-01 -4.858111924967746797e-01
7.095628954991749504e-01 -4.970968352246987187e-01
7.125704962726627789e-01 -5.084015528605537737e-01
7.153488737131641351e-01 -5.197112157966088386e-01
7.179021185259611970e-01 -5.310116944251336291e-01
7.202343214163364760e-01 -5.422888591383968615e-01
7.223495730895721501e-01 -5.535285803286681405e-01
7.242519642509506195e-01 -5.647167283882162936e-01
7.259455856057547285e-01 -5.758391737093114804e-01
7.274345278592665442e-01 -5.868817866842220843e-01
7.287228817167684669e-01 -5.978304377052178209e-01
7.298147378835427856e-01 -6.086709971645676287e-01
7.307141870648720117e-01 -6.193893354545407792e-01
7.314253199660387672e-01 -6.299713229674067660e-01
7.319522272923252304e-01 -6.404028300954348607e-01
7.322989997490138014e-01 -6.506697272308942237e-01
7.324697280413868805e-01 -6.607578847660539045e-01
7.324685028747267568e-01 -6.706531730931830637e-01
7.322994149543162745e-01 -6.803414626045516389e-01
7.319665549854373898e-01 -6.898086236924284576e-01
7.314740136733723919e-01 -6.990405267490825691e-01
7.308258817234043470e-01 -7.080230421667838003e-01
7.300262498408146561e-01 -7.167420403378006455e-01
7.290792087308868297e-01 -7.251833916544032643e-01
7.279888490989023797e-01 -7.333329665088598182e-01
7.267592616501442615e-01 -7.411766352934405777e-01
7.253945370898948752e-01 -7.487002684004145925e-01
7.238987661234359550e-01 -7.558897362220503569e-01
7.222760394560505670e-01 -7.627309091506178085e-01
7.205304477930208895e-01 -7.692096575783863299e-01
7.186660818396292116e-01 -7.753118518976247486e-01
7.166870323011582666e-01 -7.810233625006025582e-01
7.145973898828900106e-01 -7.863300597795886970e-01
7.124012452901072878e-01 -7.912178141268529918e-01
7.101026892280919434e-01 -7.956724959346640480e-01
7.077058124021271546e-01 -7.996799755952918032e-01
7.052147055174945445e-01 -8.032261235010048628e-01
7.026334592794769573e-01 -8.062968100440726094e-01
6.999661643933566824e-01 -8.088779056167649806e-01
6.972169115644160087e-01 -8.109552806113502488e-01
6.943897914979376695e-01 -8.125148054200982406e-01
6.914888948992038431e-01 -8.135423504352783386e-01
6.885183124734968185e-01 -8.140237860491592592e-01
6.854821349260989960e-01 -8.139449826540106070e-01
6.823844529622931088e-01 -8.132918106421016535e-01
6.792293572873612240e-01 -8.120501404057016703e-01
6.760209386065857418e-01 -8.102058423370797069e-01
6.727632876252491734e-01 -8.077447868285050347e-01
6.694604950486339190e-01 -8.046528442722470365e-01
6.661166515820226008e-01 -8.009158850605749835e-01
6.627358479306972860e-01 -7.965197795857583696e-01
6.593221747999402638e-01 -7.914503982400658000e-01
6.558797228950341562e-01 -7.856936114157668793e-01
6.524125829212614747e-01 -7.792352895051312123e-01
6.489248455839045082e-01 -7.720613029004275152e-01
6.454206015882456571e-01 -7.641575219939253927e-01
6.419039416395670994e-01 -7.555098171778934502e-01
6.383789564431517904e-01 -7.461040588446021804e-01
6.348497367042814643e-01 -7.359261173863196337e-01
6.313203731282388542e-01 -7.249618631953156367e-01
6.277949564203063604e-01 -7.131971666638592389e-01
6.242775772857664940e-01 -7.006178981842200448e-01
6.207723264299014332e-01 -6.872099281486668820e-01
6.172832945579935782e-01 -6.729591269494692440e-01
6.138145723753256622e-01 -6.578513649788964024e-01
6.103702505871795303e-01 -6.418725126292174066e-01
6.069544198988380268e-01 -6.250084402927016392e-01
6.035711710155833298e-01 -6.072450183616182606e-01
6.002245946426981726e-01 -5.885681172282374307e-01
5.969187814854644003e-01 -5.689636072848267556e-01
5.936578222491648571e-01 -5.484173589236566171e-01
5.904458076390817212e-01 -5.269152425369957315e-01
5.872868283604976147e-01 -5.044431285171139256e-01
5.841849751186946049e-01 -4.809868872562799713e-01
5.811443386189553140e-01 -4.565323891467632511e-01
5.781690095665621421e-01 -4.310655045808330366e-01
5.752630786667974894e-01 -4.045721039507587102e-01
5.724306366249436451e-01 -3.770380576488093216e-01
5.696757741462830094e-01 -3.484492360672543088e-01
5.670025819360982045e-01 -3.187915095983627212e-01
5.644151506996714085e-01 -2.880507486344040524e-01
5.619175711422850217e-01 -2.562128235676473520e-01
5.595139339692214442e-01 -2.232636047903620025e-01
5.571489636827513525e-01 -1.894411203252795439e-01
5.538348451966812469e-01 -1.589443551202609495e-01
5.478707248971468324e-01 -1.388593518069830557e-01
5.379843238860663179e-01 -1.321940420980708408e-01
5.232637906411978790e-01 -1.386132332639154197e-01
5.028074391287574718e-01 -1.576874431418392175e-01
4.757135833149616078e-01 -1.889871895691650205e-01
4.410805371660260765e-01 -2.320829903832152818e-01
3.980066146481671674e-01 -2.865453634213127043e-01
3.455901297276008366e-01 -3.519448265207798521e-01
2.829293963705446502e-01 -4.278518975189373741e-01
2.091227285432119276e-01 -5.138370942531116370e-01
1.232684402118201378e-01 -6.094709345606231787e-01
2.446484534258522997e-02 -7.143239362787949798e-01
-8.818974209827663835e-02 -8.279666172449495765e-01
-2.155970081445493791e-01 -9.499694952964092831e-01
-3.586586388300169181e-01 -1.079903088270496969e+00
-5.182763201884632576e-01 -1.217337914004535282e+00
-6.953517382536722469e-01 -1.361844490335846869e+00
