-3.946951157911689489e-01 -1.176266747541658164e+00
-3.810814344144093924e-01 -9.775958322414299850e-01
-3.688925751225021754e-01 -7.934065814861285260e-01
-3.581083660429691395e-01 -6.231723130097175378e-01
-3.487086353033316821e-01 -4.663663445461609380e-01
-3.406732110311109785e-01 -3.224619938294212562e-01
-3.339819213538283149e-01 -1.909325785934620767e-01
-3.286145943990053109e-01 -7.125141657224684510e-02
-3.245510582941633637e-01 3.710817450026063224e-02
-3.217711411668240928e-01 1.346728768900969653e-01
-3.202546711445083960e-01 2.219693728632997354e-01
-3.199814763547380037e-01 2.995243446859042757e-01
-3.209313849250343131e-01 3.678644746239478347e-01
-3.230842249829185553e-01 4.275164449434670777e-01
-3.264198246559124605e-01 4.790069379104983094e-01
-3.309180120715370932e-01 5.228626357910779454e-01
-3.365586153573140726e-01 5.596102208512432341e-01
-3.433214626407646852e-01 5.897763753570304246e-01
-3.511863820494104949e-01 6.138877815744760991e-01
-3.601332017107726768e-01 6.324711217696167287e-01
-3.701417497523727951e-01 6.460530782084891177e-01
-3.811918543017321359e-01 6.551603331571294042e-01
-3.932633434863722632e-01 6.603195688815750586e-01
-4.063360454338145189e-01 6.620574676478618859e-01
-4.203897882715802448e-01 6.609007117220268013e-01
-4.354044001271908382e-01 6.573759833701064981e-01
-4.513597091281678075e-01 6.520099648581370033e-01
-4.682355434020326057e-01 6.453293384521557874e-01
-4.860117310763063525e-01 6.378607864181987663e-01
-5.046681002785107228e-01 6.301309910223029664e-01
-5.241844791361668365e-01 6.226666345305044148e-01
-5.445406957767966460e-01 6.159943992088404707e-01
-5.657165783279211047e-01 6.106409673233470503e-01
-5.876919549170616097e-01 6.071330211400610688e-01
-6.104466536717397807e-01 6.059972429250192194e-01
-6.339605027194767928e-01 6.077603149442577513e-01
-6.582133301877941545e-01 6.129489194638135796e-01
-6.831849642042134851e-01 6.220897387497231756e-01
-7.088552328962557381e-01 6.357094550680230105e-01
-7.352039640893545114e-01 6.543347423376156824e-01
-7.621890472714906162e-01 6.778860865457398965e-01
-7.896868468314590661e-01 7.040313175081026609e-01
-8.175547938927952840e-01 7.299151115912589916e-01
-8.456503195790359140e-01 7.526821451617647929e-01
-8.738308550137169339e-01 7.694770945861755251e-01
-9.019538313203742108e-01 7.774446362310463154e-01
-9.298766796225441666e-01 7.737294464629329571e-01
-9.574568310437625573e-01 7.554762016483904663e-01
-9.845517167075656939e-01 7.198295781539749694e-01
-1.011018767737489554e+00 6.639342523462411494e-01
-1.036715415257070338e+00 5.849349005917450217e-01
-1.061355866880643983e+00 4.825610675739140931e-01
-1.083976097433673624e+00 3.687829032874754276e-01
-1.103411519429952081e+00 2.591902649099509515e-01
-1.118509514606492505e+00 1.692322760325649100e-01
-1.128774129794176462e+00 1.066266357752539834e-01
-1.134692424112700548e+00 6.751728163077121148e-02
-1.136832074361252998e+00 4.709897699100058788e-02
-1.135760757339022042e+00 4.056648524782626580e-02
-1.132046149845196581e+00 4.311456979313208621e-02
-1.126255928678964624e+00 4.993799401880243821e-02
-1.118957770639514626e+00 5.623152131672128073e-02
-1.110719352526035930e+00 5.718991507877277392e-02
-1.102108351137715880e+00 4.800793869684091136e-02
-1.093692443273743375e+00 2.388035556280982893e-02
-1.086039305733306870e+00 -1.999807093143645201e-02
-1.079687216471790112e+00 -8.802675934765778754e-02
-1.074537670483711294e+00 -1.758150540920731253e-01
-1.069876523802607782e+00 -2.704740946052527906e-01
-1.064964463929871208e+00 -3.587675969864755898e-01
-1.059102720022398580e+00 -4.282288452179541238e-01
-1.052056834655272777e+00 -4.752047913424832237e-01
-1.043888624492078199e+00 -5.016663072999431039e-01
-1.034664698676001304e+00 -5.096752366083355801e-01
-1.024451666350228107e+00 -5.012934227856630232e-01
-1.013316136657945732e+00 -4.785827093499276375e-01
-1.001324718742339970e+00 -4.436049398191317938e-01
-9.885440217465976120e-01 -3.984219577112779187e-01
-9.750406548139048946e-01 -3.450956065443684384e-01
-9.608812270874482753e-01 -2.856877298364055018e-01
-9.461323477104139901e-01 -2.222601711053915630e-01
-9.308606258259888300e-01 -1.568747738693290761e-01
-9.151326705773590309e-01 -9.159338164622018996e-02
-8.990150911077107176e-01 -2.847783795406733792e-02
-8.825744965602309033e-01 3.041001368912644304e-02
-8.658774960781052688e-01 8.300832976536019758e-02
-8.489906988045208269e-01 1.272552667566309303e-01
-8.319807138826635917e-01 1.610889811449361664e-01
-8.151585116652607654e-01 1.829857614971420743e-01
-7.999746717197517842e-01 1.939332970838186787e-01
-7.877136423038871849e-01 1.954131467993496518e-01
-7.783586910545952087e-01 1.882847453148097094e-01
-7.716835083206622370e-01 1.733073128198786561e-01
-7.674617844508749842e-01 1.512400695042362131e-01
-7.654672097940194986e-01 1.228422355575621155e-01
-7.654734746988829386e-01 8.887303116953625126e-02
-7.672542695142514635e-01 5.009167652983870928e-02
-7.705832845889111216e-01 7.257391828148463189e-03
-7.752342102716488492e-01 -3.887060274585437541e-02
-7.809807369112512498e-01 -8.753308700249004537e-02
-7.875965548565045937e-01 -1.379708407520787439e-01
-7.948553544561953732e-01 -1.894246438049407566e-01
-8.025308260591098586e-01 -2.411352759713961957e-01
-8.103966600140352083e-01 -2.923435170617653678e-01
-8.182265466697570266e-01 -3.422901468863686625e-01
-8.257941763750623609e-01 -3.902159452555259422e-01
-8.328732394787377036e-01 -4.353616919795578188e-01
-8.392374263295693249e-01 -4.769681668687843490e-01
-8.446605642864430941e-01 -5.142766441583120907e-01
-8.489853251800445477e-01 -5.467768353403135162e-01
-8.522347229632296628e-01 -5.746092478386298774e-01
-8.544609406621764824e-01 -5.980196507543009687e-01
-8.557161613030638270e-01 -6.172538131883670287e-01
-8.560525679120700726e-01 -6.325575042418675187e-01
-8.555223435153737066e-01 -6.441764930158425662e-01
-8.541776711391533272e-01 -6.523565486113320766e-01
-8.520707338095874217e-01 -6.573434401293757334e-01
-8.492537145528544773e-01 -6.593829366710137752e-01
-8.457787963951326482e-01 -6.587208073372856632e-01
-8.416981623626011988e-01 -6.556028212292317470e-01
-8.370639954814381722e-01 -6.502747474478917100e-01
-8.319284787778220558e-01 -6.429823550943052357e-01
-8.263437952779313367e-01 -6.339714132695125626e-01
-8.203621280079447242e-01 -6.234876910745533740e-01
-8.140356599940404836e-01 -6.117769576104676865e-01
-8.074165742623973241e-01 -5.990849819782952945e-01
-8.005570538391937330e-01 -5.856575332790761035e-01
-7.935092817506081975e-01 -5.717403806138500189e-01
-7.863254410228192048e-01 -5.575792930836571681e-01
-7.790577146820053533e-01 -5.434200397895371237e-01
-7.717582857543450192e-01 -5.295083898325297911e-01
-7.644793372660165787e-01 -5.160901123136751867e-01
-7.572730522431988520e-01 -5.034109763340132160e-01
-7.501916137120703265e-01 -4.917167509945838400e-01
-7.432884958078825877e-01 -4.812379302105951884e-01
-7.366285132465189012e-01 -4.720708368344259664e-01
-7.302823639502764586e-01 -4.642421891644196164e-01
-7.243207957919186590e-01 -4.577781145320684031e-01
-7.188145566442097900e-01 -4.527047402688647582e-01
-7.138343943799130287e-01 -4.490481937063011131e-01
-7.094510568717925514e-01 -4.468346021758698439e-01
-7.057352919926118684e-01 -4.460900930090634375e-01
-7.027578476151349340e-01 -4.468407935373743811e-01
-7.005894716121254806e-01 -4.491128310922949951e-01
-6.993009096047165807e-01 -4.529323302782199967e-01
-6.989280602229022143e-01 -4.582832102158178600e-01
-6.993838329824628719e-01 -4.650004298174681971e-01
-7.005540174333632075e-01 -4.728861012205941572e-01
-7.023244031255690967e-01 -4.817423365626193332e-01
-7.045807796090455266e-01 -4.913712479809671518e-01
-7.072089364337581507e-01 -5.015749476130610951e-01
-7.100946631496718453e-01 -5.121555475963244231e-01
-7.131237493067522637e-01 -5.229151600681808398e-01
-7.161819844549646152e-01 -5.336558971660535500e-01
-7.191551581442739982e-01 -5.441798710273658690e-01
-7.219290599246460660e-01 -5.542891937895415566e-01
-7.243894793460459169e-01 -5.637859775900039283e-01
-7.264222059584389823e-01 -5.724723345661762997e-01
-7.279130293117905826e-01 -5.801503768554822082e-01
-7.287477389560658159e-01 -5.866222165953449696e-01
-7.288121244412303357e-01 -5.916899659231883435e-01
-7.279983642987760684e-01 -5.951663503509979636e-01
-7.263201864318796774e-01 -5.970660131775076263e-01
-7.239002373985996552e-01 -5.975845333445137797e-01
-7.208650170582773242e-01 -5.969238908969678459e-01
-7.173410252702536738e-01 -5.952860658798209137e-01
-7.134547618938698044e-01 -5.928730383380246272e-01
-7.093327267884665943e-01 -5.898867883165301862e-01
-7.051014198133854771e-01 -5.865292958602889017e-01
-7.008873408279671091e-01 -5.830025410142521958e-01
-6.968169896915527017e-01 -5.795085038233712682e-01
-6.930098689332639950e-01 -5.762499844877905231e-01
-6.895205685283810615e-01 -5.734373915906316732e-01
-6.863684759512396205e-01 -5.712852597906833418e-01
-6.835726302306954771e-01 -5.700081645879355730e-01
-6.811520703956043254e-01 -5.698206814823784105e-01
-6.791258354748224146e-01 -5.709373859740016766e-01
-6.775129644972052168e-01 -5.735728535627956370e-01
-6.763324964916089810e-01 -5.779416597487501139e-01
-6.756034704868894014e-01 -5.842583800318550402e-01
-6.753449255119022832e-01 -5.927375899121005709e-01
-6.755759005955034313e-01 -6.035938648894765279e-01
-6.763154347665486510e-01 -6.170417804639728443e-01
-6.775825670538940804e-01 -6.332959121355797860e-01
-6.793963364863953025e-01 -6.525708354042870640e-01
-6.817757820929082335e-01 -6.750811257700847223e-01
-6.847399429022890116e-01 -7.010413587329629159e-01
-6.883078579433929978e-01 -7.306661097929113557e-01
-6.924985662450762192e-01 -7.641699544499199748e-01
-6.973311068361949250e-01 -8.017674682039793721e-01
-7.028245187456044762e-01 -8.436732265550788146e-01
-7.089978410021609001e-01 -8.901018050032086792e-01
-7.158701126347198906e-01 -9.412677790483575668e-01
-7.234603726721376971e-01 -9.973857241905178528e-01
-7.317876601432697914e-01 -1.058670215929678360e+00
-7.408710140769723118e-01 -1.125335829765829132e+00
-7.507294735021008414e-01 -1.197597141198960102e+00
-7.613820774475115183e-01 -1.275668725729061315e+00
-7.728478649420600366e-01 -1.359765158856122591e+00
-7.851458750146023124e-01 -1.450101016080134197e+00
-7.982951466939941509e-01 -1.546890872901086178e+00
