2.070341974434247168e-01 7.150882623977578012e-01
1.814175487355493277e-01 7.081628919004167022e-01
1.557823634983846739e-01 7.012633500026569378e-01
1.301361507664499373e-01 6.943925161560507986e-01
1.044864195742642721e-01 6.875532698121713526e-01
7.884067895634681855e-02 6.807484904225911126e-01
5.320643794721675174e-02 6.739810574388827025e-01
2.759120558139320500e-02 6.672538503126189680e-01
2.002490893395362462e-03 6.605697484953721998e-01
-2.355219708225759004e-02 6.539316314387154661e-01
-4.906534931104658548e-02 6.473423785942213904e-01
-7.452945675845233653e-02 6.408048694134625967e-01
-9.993701038995575492e-02 6.343219833480119307e-01
-1.252805011710378391e-01 6.278965998494412393e-01
-1.505524200671790880e-01 6.215315983693248114e-01
-1.757452580438606526e-01 6.152298583592338277e-01
-2.008515060665632401e-01 6.089942592707413560e-01
-2.258636551007678073e-01 6.028276805554205753e-01
-2.507741961119548946e-01 5.967330016648436652e-01
-2.755756200656056532e-01 5.907131020505834718e-01
-3.002604179272008733e-01 5.847708611642126186e-01
-3.248210806622211511e-01 5.789091584573037297e-01
-3.492500992361477485e-01 5.731308733814296508e-01
-3.735399646144611507e-01 5.674388853881630057e-01
-3.976831677626423422e-01 5.618360739290766404e-01
-4.216721996461722521e-01 5.563253184557429565e-01
-4.454995512305314764e-01 5.509094984197345779e-01
-4.691577134812009997e-01 5.455914932726244615e-01
-4.926391773636618066e-01 5.403741824659851201e-01
-5.159364338433943820e-01 5.352604454513892884e-01
-5.390419738858799326e-01 5.302531616804095904e-01
-5.619482884565993874e-01 5.253552106046187609e-01
-5.846478685210330095e-01 5.205694716755895346e-01
-6.071332050446619499e-01 5.158988243448945354e-01
-6.293967889929674708e-01 5.113461480641064982e-01
-6.514311113314296131e-01 5.069143222847978247e-01
-6.732286630255300830e-01 5.026062264585416939e-01
-6.947819350407488104e-01 4.984247400369102299e-01
-7.160834183425677235e-01 4.943727424714766672e-01
-7.371256038964664192e-01 4.904531132138131300e-01
-7.579009826679266038e-01 4.866687317154925196e-01
-7.784020456224289841e-01 4.830224774280876265e-01
-7.986212837254540453e-01 4.795172298031712965e-01
-8.185511879424830495e-01 4.761558682923157648e-01
-8.381842492389964816e-01 4.729412723470938218e-01
-8.575129585804758259e-01 4.698763214190784243e-01
-8.765298069324011232e-01 4.669638949598420852e-01
-8.952272852602535247e-01 4.642068724209573172e-01
-9.135978845295138484e-01 4.616081332539967996e-01
-9.316340957056631344e-01 4.591705569105336004e-01
-9.493284097541823119e-01 4.568970228421402879e-01
-9.666733176405517547e-01 4.547904105003892639e-01
-9.836613103302528360e-01 4.528535993368534296e-01
-1.000284878788765708e+00 4.510894688031051314e-01
-1.016536513981571854e+00 4.495008983507176037e-01
-1.032408706874151649e+00 4.480907674312631372e-01
-1.047893948431986466e+00 4.468619554963145224e-01
-1.062984729620557234e+00 4.458173419974445495e-01
-1.077673541405343327e+00 4.449598063862255093e-01
-1.091952874751827229e+00 4.442922281142305252e-01
-1.105815220625489204e+00 4.438174866330319990e-01
-1.119253069991810401e+00 4.435384613942027765e-01
-1.132258913816271084e+00 4.434580318493154261e-01
-1.144825243064352405e+00 4.435790774499426825e-01
-1.156944548701535291e+00 4.439044776476572252e-01
-1.168609321693300451e+00 4.444371118940316778e-01
-1.179812053005128591e+00 4.451798596406387754e-01
-1.190545233602501085e+00 4.461356003390512526e-01
-1.200801354450898195e+00 4.473072134408416223e-01
-1.210572906515801073e+00 4.486975783975826748e-01
-1.219852380762690203e+00 4.503095746608470340e-01
-1.228632268157046958e+00 4.521460816822076012e-01
-1.236905059664351825e+00 4.542099789132366117e-01
-1.244663246250085509e+00 4.565041458055071888e-01
-1.251899318879729162e+00 4.590314618105917344e-01
-1.258605768518763934e+00 4.617948063800630387e-01
-1.264775086132669868e+00 4.647970589654938922e-01
-1.270399762686928335e+00 4.680410990184567521e-01
-1.275472289147020044e+00 4.715298059905243533e-01
-1.279985156478425923e+00 4.752660593332694305e-01
-1.283930855646626679e+00 4.792527384982646632e-01
-1.287301877617103241e+00 4.834927229370827306e-01
-1.290090713355336316e+00 4.879888921012963121e-01
-1.292289853826806612e+00 4.927441254424779760e-01
-1.293891789996995278e+00 4.977613024122004015e-01
-1.294889012831383912e+00 5.030433024620366567e-01
-1.295274013295451887e+00 5.085930050435589767e-01
-1.295039282354680577e+00 5.144132896083402073e-01
-1.294177310974551354e+00 5.205070356079529725e-01
-1.292680590120544037e+00 5.268771224939698961e-01
-1.290541610758140667e+00 5.335264297179639348e-01
-1.287752863852821283e+00 5.404578367315076015e-01
-1.284306840370066816e+00 5.476742229861735201e-01
-1.280196031275358415e+00 5.551784679335342032e-01
-1.275412927534176566e+00 5.629734510251627189e-01
-1.269950020112002420e+00 5.710620517126315798e-01
-1.263799799974316684e+00 5.794471494475132989e-01
-1.256954758086600288e+00 5.881316236813808329e-01
-1.249407385414333937e+00 5.971183538658065837e-01
-1.241150172922998562e+00 6.064102194523636191e-01
-1.232175611578074648e+00 6.160100998926242299e-01
-1.222476192345043566e+00 6.259208746381612620e-01
-1.212044406189386025e+00 6.361454231405473392e-01
-1.200872744076582288e+00 6.466866248513551962e-01
-1.188953696972114393e+00 6.575473592221575680e-01
-1.176279755841462160e+00 6.687305057045269674e-01
-1.162843411650106740e+00 6.802389437500362401e-01
-1.148637155363529061e+00 6.920755528102577880e-01
-1.133653477947209831e+00 7.042432123367647900e-01
-1.117884870366630201e+00 7.167448017811296479e-01
-1.101323823587270434e+00 7.295832005949246524e-01
-1.083962828574611681e+00 7.427612882297232044e-01
-1.065794376294135315e+00 7.562819441370974838e-01
-1.046810957711320933e+00 7.701480477686202253e-01
-1.027005063791650796e+00 7.843624785758643858e-01
-1.006369185500604724e+00 7.989281160104023671e-01
-9.848958138036644216e-01 8.138478395238065710e-01
-9.625774396663097088e-01 8.291245285676503984e-01
-9.394065540540219583e-01 8.447610625935062512e-01
-9.153756479322820994e-01 8.607603210529466420e-01
-8.904786783896345703e-01 8.771249141884410738e-01
-8.647659463137267188e-01 8.938471064099624552e-01
-8.383605703574487089e-01 9.109057913499722936e-01
-8.113904981859119125e-01 9.282789759390701612e-01
-7.839836774642287009e-01 9.459446671078560742e-01
-7.562680558575104461e-01 9.638808717869293829e-01
-7.283715810308691863e-01 9.820655969068901037e-01
-7.004222006494164043e-01 1.000476849398337587e+00
-6.725478623782640275e-01 1.019092636191871515e+00
-6.448765138825236498e-01 1.037890964218091572e+00
-6.175361028273075314e-01 1.056849840407597663e+00
-5.906545768777271554e-01 1.075947271690989249e+00
-5.643598836988943379e-01 1.095161264998866235e+00
-5.387799709559207839e-01 1.114469827261827861e+00
-5.140427863139181985e-01 1.133850965410474032e+00
-4.902762774379986754e-01 1.153282686375404653e+00
-4.676083919932738642e-01 1.172742997087218964e+00
-4.461670776448552478e-01 1.192209904476516868e+00
-4.260802820578550865e-01 1.211661415473898273e+00
-4.074759528973848077e-01 1.231075537009961973e+00
-3.904820378285565052e-01 1.250430276015308984e+00
-3.752264845164819951e-01 1.269703639420537433e+00
-3.618372406262725383e-01 1.288873634156248338e+00
-3.504422538230401729e-01 1.307918267153040714e+00
-3.411694717718968262e-01 1.326815545341514468e+00
-3.341468421379540921e-01 1.345543475652269283e+00
-3.295023125863239533e-01 1.364080065015904841e+00
-3.273638307821179483e-01 1.382403320363020160e+00
-3.278593443904481153e-01 1.400491248624215590e+00
-3.311168010764261038e-01 1.418321856730091035e+00
-3.372641485051636745e-01 1.435873151611245513e+00
-3.464269866642555318e-01 1.453117746496440432e+00
-3.586902637285794282e-01 1.469934858585647319e+00
-3.741045441161144902e-01 1.486124709675321842e+00
-3.927193092089305559e-01 1.501485033327170981e+00
-4.145840403890977410e-01 1.515813563102903272e+00
-4.397482190386860501e-01 1.528908032564226582e+00
-4.682613265397654878e-01 1.540566175272849003e+00
-5.001728442744057812e-01 1.550585724790478404e+00
-5.355322536246772680e-01 1.558764414678822208e+00
-5.743890359726495642e-01 1.564899978499588284e+00
-6.167926727003929521e-01 1.568790149814485391e+00
-6.627926451899772697e-01 1.570232662185220507e+00
-7.124384348234723552e-01 1.569025249173501946e+00
-7.657795229829486017e-01 1.564965644341038020e+00
-8.228653910504757363e-01 1.557851581249535711e+00
-8.837455204081237081e-01 1.547480793460703774e+00
-9.484693924379612451e-01 1.533651014536250523e+00
-1.017086488522060739e+00 1.516159978037882272e+00
-1.089641020563683504e+00 1.494811299884676981e+00
-1.165963305145421236e+00 1.469647368891801475e+00
-1.245600452722731788e+00 1.441026718925907835e+00
-1.328080098845680013e+00 1.409329623831630407e+00
-1.412929879064330096e+00 1.374936357453605096e+00
-1.499677428928745559e+00 1.338227193636465806e+00
-1.587850383988990810e+00 1.299582406224847997e+00
-1.676976379795130034e+00 1.259382269063386683e+00
-1.766583051897228307e+00 1.218007055996717547e+00
-1.856198035845347816e+00 1.175837040869473826e+00
-1.945348967189554523e+00 1.133252497526292535e+00
-2.033563481479911506e+00 1.090633699811807356e+00
-2.120369214266483393e+00 1.048360921570653748e+00
-2.205293801099334594e+00 1.006814436647466726e+00
-2.287864877528528407e+00 9.663745188868808622e-01
-2.367610079104129905e+00 9.274214421335316150e-01
-2.444057041376202832e+00 8.903354802320539996e-01
-2.516733399894811374e+00 8.554969070270824760e-01
-2.585166790210019272e+00 8.232859963632525035e-01
-2.648884847871891157e+00 7.940830220851990973e-01
-2.707415208430491660e+00 7.682682580375569392e-01
-2.760285507435884078e+00 7.462219780649612666e-01
-2.807023380438133042e+00 7.283244560120469835e-01
-2.847156462987301406e+00 7.149559657234493271e-01
-2.880212390633455577e+00 7.064967810438026463e-01
-2.905718798926658408e+00 7.033271758177424005e-01
-2.923203323416974087e+00 7.058274238899033826e-01
-2.932193599654467242e+00 7.143777991049208298e-01
-2.932217263189202505e+00 7.293585753074297573e-01
-2.922801949571242730e+00 7.511500263420649581e-01
-2.903475294350652103e+00 7.801324260534613364e-01
-2.873764933077495698e+00 8.166860482862541293e-01
