1.580001193508626001e+00 5.789125959325063242e-01
1.518855517642589747e+00 5.315968531720609569e-01
1.459776235195351379e+00 4.865346189981784586e-01
1.402726456109348208e+00 4.436778891381499279e-01
1.347669290327018654e+00 4.029786593192664079e-01
1.294567847790799808e+00 3.643889252688191638e-01
1.243385238443130092e+00 3.278606827140996272e-01
1.194084572226445484e+00 2.933459273823983970e-01
1.146628959083185295e+00 2.607966550010071272e-01
1.100981508955785726e+00 2.301648612972168051e-01
1.057105331786685642e+00 2.014025419983186405e-01
1.014963537518322356e+00 1.744616928316037319e-01
9.745192360931329567e-01 1.492943095243633722e-01
9.357355374535556436e-01 1.258523878038885213e-01
8.985755515420277284e-01 1.040879233974705970e-01
8.630023883009869667e-01 8.395291203240068389e-02
8.289791576728710032e-01 6.539934943596999173e-02
7.964689696001175934e-01 4.837923133546956356e-02
7.654349340251640488e-01 3.284455345819053268e-02
7.358401608904481250e-01 1.874731153142433077e-02
7.076477601384076888e-01 6.039501282461935856e-03
6.808208417114803845e-01 -5.326881561405355688e-03
6.553225155521034129e-01 -1.539984127288648169e-02
6.311158916027144183e-01 -2.422738212469032273e-02
6.081640798057514896e-01 -3.185750838952557812e-02
5.864301901036518272e-01 -3.833822434010114577e-02
5.658773324388534087e-01 -4.371753424912582647e-02
5.464686167537938788e-01 -4.804344238930843142e-02
5.281671529909105489e-01 -5.136395303335786200e-02
5.109360510926411747e-01 -5.372707045398286002e-02
4.947384210014233452e-01 -5.518079892389228525e-02
4.795373726596947606e-01 -5.577314271579510152e-02
4.652960160098931208e-01 -5.555210610239991187e-02
4.519774609944558486e-01 -5.456569335641579116e-02
4.395448175558206994e-01 -5.286190875055125221e-02
4.279611956364254288e-01 -5.048875655751543234e-02
4.171897051787073485e-01 -4.749424105001701091e-02
4.071934561251045470e-01 -4.392636650076470195e-02
3.979355584180542804e-01 -3.983313718246759422e-02
3.893791219999943043e-01 -3.526255736783436012e-02
3.814872568133622077e-01 -3.026263132957386290e-02
3.742230728005957463e-01 -2.488136334039484782e-02
3.675496799041323426e-01 -1.916675767300638628e-02
3.614301880664098077e-01 -1.316681860011697375e-02
3.558277072298657862e-01 -6.929550394435640866e-03
3.507053473369377561e-01 -5.029573286712795939e-04
3.460262183300634731e-01 6.064956324467464868e-03
3.417534301516804707e-01 1.272618629227169687e-02
3.378500927442263935e-01 1.943272830203248563e-02
3.342793160501389971e-01 2.613657808104107722e-02
3.310042100118558150e-01 3.278973135658872634e-02
3.279878845718144920e-01 3.934418385596649692e-02
3.251934496724526169e-01 4.575193130646555695e-02
3.225840152562078345e-01 5.196496943537701196e-02
3.201226912655177892e-01 5.793529396999230752e-02
3.177725876428201812e-01 6.361490063760236180e-02
3.154968143305525996e-01 6.895578516549842607e-02
3.132584812711525779e-01 7.390994328097173771e-02
3.110206984070578717e-01 7.842937071131322879e-02
3.087465756807060702e-01 8.246606318381428935e-02
3.063992230345348733e-01 8.597201642576614289e-02
3.039417504109817592e-01 8.889922616445980474e-02
3.013372677524843724e-01 9.119968812718651230e-02
2.985488850014804685e-01 9.282539804123730864e-02
2.955397121004076366e-01 9.372835163390363933e-02
2.922728589917034103e-01 9.386054463247638091e-02
2.887114356178056007e-01 9.317397276424689567e-02
2.848185519211516858e-01 9.162063175650628222e-02
2.805573178441793103e-01 8.915251733654569466e-02
2.758908433293262297e-01 8.572162523165635650e-02
2.707822383190299220e-01 8.127995116912943574e-02
2.651946127557281985e-01 7.577949087625607261e-02
2.590910765818584260e-01 6.917224008032742122e-02
2.524347397398584159e-01 6.141019450863469814e-02
2.451887121721657292e-01 5.244534988846903667e-02
2.373161038212181773e-01 4.222970194712168113e-02
2.287800246294531270e-01 3.071524641188365379e-02
2.195435845393083896e-01 1.785397901004633775e-02
2.095698934932214985e-01 3.597895468900695875e-03
1.988220614336301262e-01 -1.210100848426197417e-02
1.872631983029718894e-01 -2.929073712215058550e-02
1.748564140436844327e-01 -4.801929471747392458e-02
1.615648185982054008e-01 -6.833468554294075403e-02
1.473515219089723549e-01 -9.028491387126003076e-02
1.321796339184231617e-01 -1.139179839751402884e-01
1.160122645689951743e-01 -1.392819001272907198e-01
9.881252380312607886e-02 -1.664246666004200459e-01
8.054352156325354783e-02 -1.953942876672370710e-01
6.118232280880468721e-02 -2.262027568726315552e-01
4.089851032827573202e-02 -2.583652781733375980e-01
2.000195402197256847e-02 -2.910350465795076280e-01
-1.194296463437578100e-03 -3.233570518099037616e-01
-2.237719148128722996e-02 -3.544762835832878656e-01
-4.323368138490907980e-02 -3.835377316184218066e-01
-6.345071652763578651e-02 -4.096863856340680066e-01
-8.271524726279996798e-02 -4.320672353489881101e-01
-1.007142239437340547e-01 -4.498252704819440395e-01
-1.171345969237711643e-01 -4.621054807516981611e-01
-1.316633165562437202e-01 -4.680528558770123970e-01
-1.439873331944842294e-01 -4.668123855766483921e-01
-1.537935971918255040e-01 -4.575290595693684570e-01
-1.607690589016000926e-01 -4.393478675739344586e-01
-1.646006686771406824e-01 -4.114137993091084855e-01
-1.649753768717799052e-01 -3.728718444936524046e-01
-1.615801338388503650e-01 -3.228669928463281935e-01
-1.541018899316847490e-01 -2.605442340858979411e-01
-1.425033444501337954e-01 -1.856747582140042541e-01
-1.285467005395534434e-01 -1.021162615683200853e-01
-1.147160133622093930e-01 -1.536569946790218230e-02
-1.034972763220790570e-01 6.907557120103019477e-02
-9.737592610177733810e-02 1.457072640820186726e-01
-9.800184029730193980e-02 2.106358047742412087e-01
-1.045099928647083704e-01 2.648035734015621312e-01
-1.155641198300912664e-01 3.100591021818682735e-01
-1.298279572195452647e-01 3.482509233330460252e-01
-1.459652410591650851e-01 3.812275690729822752e-01
-1.626444836573642527e-01 4.108311105996457213e-01
-1.789812579120525216e-01 4.382988668832602519e-01
-1.948966389931545140e-01 4.637785298839663950e-01
-2.103960533019943180e-01 4.873036871288590199e-01
-2.254849272398960769e-01 5.089079261450324410e-01
-2.401686872081840729e-01 5.286248344595814164e-01
-2.544527596081823106e-01 5.464879995996005935e-01
-2.683425708412150446e-01 5.625310090921842310e-01
-2.818435473086063348e-01 5.767874504644273648e-01
-2.949611154116804634e-01 5.892909112434242536e-01
-3.077007015517614907e-01 6.000749789562698222e-01
-3.200677321301734768e-01 6.091732411300582184e-01
-3.320676335482408148e-01 6.166192852918842560e-01
-3.437058322072873429e-01 6.224466989688424157e-01
-3.549877545086375652e-01 6.266890696880277334e-01
-3.659188268536154309e-01 6.293799849765344678e-01
-3.765044756435450557e-01 6.305530323614568777e-01
-3.867501272797507217e-01 6.302417993698902210e-01
-3.966612081635564890e-01 6.284798735289286453e-01
-4.062431446962865844e-01 6.253008423656668535e-01
-4.155013632792650125e-01 6.207382934071994374e-01
-4.244412903138161108e-01 6.148258141806210997e-01
-4.330683522012640507e-01 6.075969922130264322e-01
-4.413879753429327257e-01 5.990854150315094717e-01
-4.494055861401464735e-01 5.893246701631656981e-01
-4.571266109942292433e-01 5.783483451350892590e-01
-4.645564763065055947e-01 5.661900274743746353e-01
-4.717006084782994768e-01 5.528833047081168628e-01
-4.785644339109350609e-01 5.384617643634098672e-01
-4.851533790057363515e-01 5.229589939673489063e-01
-4.914728701640276309e-01 5.064085810470277949e-01
-4.975283337871330147e-01 4.888441131295416797e-01
-5.033251962763767295e-01 4.702991777419851527e-01
-5.088688840330829466e-01 4.508073624114528610e-01
-5.141648234585755040e-01 4.304022546650391745e-01
-5.192184409541789059e-01 4.091174420298388514e-01
-5.240351629212172124e-01 3.869865120329462060e-01
-5.286204157610145948e-01 3.640430522014562187e-01
-5.329796258748951132e-01 3.403206500624632036e-01
-5.371182196641830497e-01 3.158528931430616971e-01
-5.410416235302023535e-01 2.906733689703466794e-01
-5.447552638742773068e-01 2.648156650714121318e-01
-5.482645670977320806e-01 2.383133689733532568e-01
-5.515749596018909573e-01 2.112000682032643406e-01
-5.546918677880778858e-01 1.835093502882400862e-01
-5.576207180576169264e-01 1.552748027553749466e-01
-5.603669368118324723e-01 1.265300131317635968e-01
-5.629359504520486945e-01 9.730856894450076733e-02
-5.653331853795893203e-01 6.764405772068082801e-02
-5.675640679957790757e-01 3.757006698739839834e-02
-5.696340247019417991e-01 7.120184271748226240e-03
-5.715484818994016614e-01 -2.367200289917460732e-02
-5.733128659894828338e-01 -5.477290699827674220e-02
-5.749326033735094876e-01 -8.614894049846288926e-02
-5.764131204528057939e-01 -1.177665158726385053e-01
-5.777598436286959238e-01 -1.495920455937090054e-01
-5.789781993025039375e-01 -1.815919421345798535e-01
-5.800736138755541171e-01 -2.137326179681563465e-01
-5.810515137491704118e-01 -2.459804855673440038e-01
-5.819173253246772148e-01 -2.783019574050481504e-01
-5.826764750033984752e-01 -3.106634459541741111e-01
-5.833343891866586972e-01 -3.430313636876275440e-01
-5.838964942757814969e-01 -3.753721230783135798e-01
-5.843682166720913784e-01 -4.076521365991377932e-01
-5.847549827769125130e-01 -4.398378167230055924e-01
-5.850622189915687388e-01 -4.718955759228222746e-01
-5.852953517173846709e-01 -5.037918266714933591e-01
-5.854598073556840365e-01 -5.354929814419241429e-01
-5.855610123077913398e-01 -5.669654527070203676e-01
-5.856043929750305299e-01 -5.981756529396868860e-01
-5.855953757587256669e-01 -6.290899946128295506e-01
-5.855393870602011441e-01 -6.596748901993535474e-01
-5.854418532807809106e-01 -6.898967521721642848e-01
-5.853082008217893595e-01 -7.197219930041673930e-01
-5.851438560845503289e-01 -7.491170251682680581e-01
-5.849542454703883232e-01 -7.780482611373717994e-01
-5.847447953806271803e-01 -8.064821133843832479e-01
-5.845209322165911825e-01 -8.343849943822092552e-01
-5.842880823796045009e-01 -8.617233166037544523e-01
-5.840516722709913067e-01 -8.884634925219244694e-01
-5.838171282920757710e-01 -9.145719346096243818e-01
-5.835898768441818429e-01 -9.400150553397598197e-01
-5.833753443286339158e-01 -9.647592671852361912e-01
-5.831789571467560496e-01 -9.887709826189587936e-01
-5.830061416998724155e-01 -1.012016614113833146e+00
