8.404856182812982246e-02 5.452200930340429103e-02
1.585788637790189540e-02 -7.541000084129888779e-03
-4.875948055516210466e-02 -6.757373481040968022e-02
-1.098680618590877067e-01 -1.256016479550190468e-01
-1.675323804219004398e-01 -1.816501925975420317e-01
-2.218169591316257183e-01 -2.357448218175625387e-01
-2.727863208762891234e-01 -2.879109886946646379e-01
-3.205049885439160140e-01 -3.381741463084323440e-01
-3.650374850225320267e-01 -3.865597477384494218e-01
-4.064483332001623817e-01 -4.330932460642999970e-01
-4.448020559648329098e-01 -4.778000943655679733e-01
-4.801631762045689977e-01 -5.207057457218375873e-01
-5.125962168073958658e-01 -5.618356532126924652e-01
-5.421657006613391783e-01 -6.012152699177166770e-01
-5.689361506544247105e-01 -6.388700489164945706e-01
-5.929720896746775161e-01 -6.748254432886094945e-01
-6.143380406101234259e-01 -7.091069061136459073e-01
-6.330985263487876047e-01 -7.417398904711877128e-01
-6.493180697786955502e-01 -7.727498494408187035e-01
-6.630611937878733153e-01 -8.021622361021230052e-01
-6.743924212643456206e-01 -8.300025035346845215e-01
-6.833762750961385191e-01 -8.562961048180876000e-01
-6.900772781712771753e-01 -8.810684930319157004e-01
-6.945599533777870871e-01 -9.043451212557527263e-01
-6.968888236036938633e-01 -9.261514425691832475e-01
-6.971284117370227795e-01 -9.465129100517907235e-01
-6.953432406657998888e-01 -9.654549767831593909e-01
-6.915978332780499116e-01 -9.830030958428732646e-01
-6.859567124617990119e-01 -9.991827203105163591e-01
-6.784844011050725765e-01 -1.014019303265672578e+00
-6.692454220958954370e-01 -1.027538297787925492e+00
-6.583042983222937572e-01 -1.039765156956859560e+00
-6.457255526722925909e-01 -1.050725333852058796e+00
-6.315737080339177689e-01 -1.060444281553106993e+00
-6.159132872951945670e-01 -1.068947453139587944e+00
-5.988088133441488159e-01 -1.076260301691086330e+00
-5.803248090688057914e-01 -1.082408280287185498e+00
-5.605257973571906582e-01 -1.087416842007469464e+00
-5.394763010973290251e-01 -1.091311439931522020e+00
-5.172408431772467230e-01 -1.094117527138927848e+00
-4.938839464849690830e-01 -1.095860556709270295e+00
-4.694701339085217695e-01 -1.096565981722134264e+00
-4.440639283359299472e-01 -1.096259255257102438e+00
-4.177298526552191693e-01 -1.094965830393759720e+00
-3.905324297544147671e-01 -1.092711160211689236e+00
-3.625361825215425715e-01 -1.089520697790476111e+00
-3.338056338446278581e-01 -1.085419896209703250e+00
-3.044053066116962358e-01 -1.080434208548955555e+00
-2.743997237107732023e-01 -1.074589087887816374e+00
-2.438534080298840057e-01 -1.067909987305869723e+00
-2.128308824570545044e-01 -1.060422359882700283e+00
-1.813966698803098632e-01 -1.052151658697890957e+00
-1.496225906274938344e-01 -1.043127685073457656e+00
-1.176303399251463211e-01 -1.033409958719806454e+00
-8.556247245807929724e-02 -1.023070428635395324e+00
-5.356161320755872118e-02 -1.012181085705432970e+00
-2.177038715485139428e-02 -1.000813920815126767e+00
9.668580718776520477e-03 -9.890409248496841998e-01
4.061266543205806212e-02 -9.769340886943131963e-01
7.091924200372766440e-02 -9.645654032342213524e-01
1.004456854525185849e-01 -9.520068593546162639e-01
1.290493707971643311e-01 -9.393304479407058594e-01
1.565876730563984798e-01 -9.266081598776975126e-01
1.829179672489546216e-01 -9.139119860507992632e-01
2.078976283935664027e-01 -9.013139173452184849e-01
2.313840315089673305e-01 -8.888859446461631064e-01
2.532345516138911345e-01 -8.767000588388408344e-01
2.733065637270712389e-01 -8.648282508084590425e-01
2.914574428672412343e-01 -8.533425114402255485e-01
3.075445640531348501e-01 -8.423148316193482810e-01
3.214253023034854828e-01 -8.318172022310348357e-01
3.329570326370268618e-01 -8.219216141604929193e-01
3.419971300724926055e-01 -8.127000582929299055e-01
3.484029696286162214e-01 -8.042245255135538340e-01
3.520319263241312724e-01 -7.965670067075723004e-01
3.527413751777714324e-01 -7.897994927601929005e-01
3.503886912082703198e-01 -7.839939745566235629e-01
3.448312494343612755e-01 -7.792224429820716614e-01
3.359264248747781401e-01 -7.755568889217447914e-01
3.235315925482545873e-01 -7.730693032608515480e-01
3.075042200953762572e-01 -7.718316274603608251e-01
2.878337279859827791e-01 -7.718453912174759735e-01
2.649045658611480780e-01 -7.729013314722962269e-01
2.391747906172974891e-01 -7.747509073661436041e-01
2.111024591508568748e-01 -7.771455780403406788e-01
1.811456283582513760e-01 -7.798368026362102468e-01
1.497623551359068550e-01 -7.825760402950744377e-01
1.174106963802487302e-01 -7.851147501582558252e-01
8.454870898770278087e-02 -7.872043913670770943e-01
5.163444985469455711e-02 -7.885964230628605964e-01
1.912597587764958140e-02 -7.890423043869289055e-01
-1.251865604700640525e-02 -7.882934944806043731e-01
-4.284138902284813366e-02 -7.861014524852097951e-01
-7.138416615344964078e-02 -7.822176375420673011e-01
-9.768893054238557416e-02 -7.763935087924996870e-01
-1.212976252932302795e-01 -7.683805253778291933e-01
-1.417521935095579222e-01 -7.579301464393787269e-01
-1.585945782949433336e-01 -7.447938311184705285e-01
-1.713859134261770389e-01 -7.287356880656217228e-01
-1.800163212831270287e-01 -7.097366783738234819e-01
-1.846524446463062019e-01 -6.879600312259408490e-01
-1.854695239346462465e-01 -6.635746429278742697e-01
-1.826427995670788784e-01 -6.367494097855234125e-01
-1.763475119625356746e-01 -6.076532281047888340e-01
-1.667589015399483510e-01 -5.764549941915704245e-01
-1.540522087182486510e-01 -5.433236043517680747e-01
-1.384026739163679853e-01 -5.084279548912820079e-01
-1.199855375532383056e-01 -4.719369421160123368e-01
-9.897604004779109177e-02 -4.340194623318589517e-01
-7.554942181895804576e-02 -3.948444118447219653e-01
-4.988092328567084871e-02 -3.545806869605016565e-01
-2.214578486686112277e-02 -3.133971839850978602e-01
7.480753018539402360e-03 -2.714627992244107446e-01
3.882344995159912882e-02 -2.289464289843402278e-01
7.170706551338641710e-02 -1.860169695707865889e-01
1.059563592849694647e-01 -1.428433172896498293e-01
1.413960908474159173e-01 -9.959436844683099144e-02
1.778510197817957383e-01 -5.643901934822815464e-02
2.151459056691764071e-01 -1.354616629974237686e-02
2.531055080906263743e-01 2.891529439272633520e-02
2.915545866272137854e-01 7.077646642327777016e-02
3.303179008600070632e-01 1.118684534860119595e-01
3.692202103700746307e-01 1.520223592750288566e-01
4.080862747384848555e-01 1.910692874844283351e-01
4.467408535463059382e-01 2.288403418083103658e-01
4.850087063746062466e-01 2.651666259407747805e-01
5.227145928044540923e-01 2.998792435759217168e-01
5.596832724169179540e-01 3.328092984078508398e-01
5.957395047930659215e-01 3.637878941306622593e-01
6.307080495139666398e-01 3.926461344384558627e-01
6.644136661606883099e-01 4.192151230253317040e-01
6.966811143142991325e-01 4.433259635853894487e-01
7.273351535558677528e-01 4.648097598127293173e-01
7.562005434664621495e-01 4.834976154014510308e-01
7.831020436271508567e-01 4.992206340456545322e-01
8.078919856578817837e-01 5.118565148059479597e-01
8.305643860002814849e-01 5.215223970042712764e-01
8.511586456173190207e-01 5.284121175334258735e-01
8.697141860554796766e-01 5.327195480713251552e-01
8.862704288612480719e-01 5.346385602958824146e-01
9.008667955811094918e-01 5.343630258850112780e-01
9.135427077615488889e-01 5.320868165166254826e-01
9.243375869490514374e-01 5.280038038686380997e-01
9.332908546901019786e-01 5.223078596189623113e-01
9.404419350706565428e-01 5.151928452807315040e-01
9.458371352757938277e-01 5.068250712796682489e-01
9.495446308909093469e-01 4.972833150570130645e-01
9.516369306005680873e-01 4.866290098908834794e-01
9.521865430893347026e-01 4.749235890593971887e-01
9.512659770417742910e-01 4.622284858406717212e-01
9.489477411424520614e-01 4.486051335128247719e-01
9.453043440759321125e-01 4.341149653539739806e-01
9.404082945267798754e-01 4.188194146422368203e-01
9.343321011795600040e-01 4.027799146557310972e-01
9.271482727188373740e-01 3.860578986725741735e-01
9.189293178291770836e-01 3.687147999708838553e-01
9.097477451951434535e-01 3.508120518287776157e-01
8.996760635013022478e-01 3.324110875243732610e-01
8.887867814322176763e-01 3.135733403357882643e-01
8.771524076724550589e-01 2.943602435411402096e-01
8.648454509065788276e-01 2.748332304185467923e-01
8.519384198191540802e-01 2.550537342461255408e-01
8.385038230947454707e-01 2.350831883019941226e-01
8.246141694179184300e-01 2.149830258642702330e-01
8.103419674732376121e-01 1.948146802110713172e-01
7.957597259452674487e-01 1.746395846205150981e-01
7.809399535185732599e-01 1.545191723707191600e-01
7.659551588777203657e-01 1.345148767398015588e-01
7.508778507072725317e-01 1.146881310058789766e-01
7.357805376917950779e-01 9.510036844706939996e-02
7.207357285158533244e-01 7.581302234149071839e-02
7.058159318640117030e-01 5.688752596726022459e-02
6.910936564208353117e-01 3.838531260249580801e-02
6.766414108708888042e-01 2.036781552531485504e-02
6.625317038987373897e-01 2.896468013835105503e-03
6.488370441889457219e-01 -1.396729665382590718e-02
6.356299404260785657e-01 -3.016204519955049956e-02
6.229829012947011302e-01 -4.562634434522108012e-02
6.109684354793780692e-01 -6.029876081272006472e-02
5.996590516646744806e-01 -7.411786132392982063e-02
5.891272585351549074e-01 -8.702221260073274289e-02
5.794455647753844474e-01 -9.895038136501126125e-02
5.706864790699279766e-01 -1.098409343386476805e-01
5.629225101033502598e-01 -1.196324382435243888e-01
5.562261665602162841e-01 -1.282634598015238714e-01
5.506699571250909253e-01 -1.356725657345284608e-01
5.463263904825390593e-01 -1.417983227644205313e-01
5.432679753171254511e-01 -1.465792976130824987e-01
5.415672203134150875e-01 -1.499540570023966957e-01
5.412966341559728445e-01 -1.518611676542455657e-01
5.425287255293637090e-01 -1.522391962905114970e-01
5.453360031181524459e-01 -1.510267096330768777e-01
5.497909756069035980e-01 -1.481622744038241513e-01
5.559661516801827075e-01 -1.435844573246355949e-01
5.639340400225542060e-01 -1.372318251173936243e-01
5.737671493185830807e-01 -1.290429445039806833e-01
5.855379882528343183e-01 -1.189563822062790904e-01
5.993190655098725728e-01 -1.069107049461712755e-01
6.151828897742629421e-01 -9.284447944553959886e-02
6.332019697305701911e-01 -7.669627242626647634e-02
6.534488140633593067e-01 -5.840465061023430993e-02
