5.666962054508541957e-01 1.640220457377779217e+00
6.159423318487203813e-01 1.537201532644079993e+00
6.574255348047790548e-01 1.442488045944978703e+00
6.913676469378466916e-01 1.355719716624526505e+00
7.179905008667395450e-01 1.276536264026774115e+00
7.375159292102728692e-01 1.204577407495768915e+00
7.501657645872636948e-01 1.139482866375563619e+00
7.561618396165276090e-01 1.080892360010207387e+00
7.557259869168809763e-01 1.028445607743750267e+00
7.490800391071400499e-01 9.817823289202430859e-01
7.364458288061208613e-01 9.405422428837355575e-01
7.180451886326394417e-01 9.043650689782772867e-01
6.940999512055118226e-01 8.728905265479190989e-01
6.648319491435541462e-01 8.457583349367108205e-01
6.304630150655828880e-01 8.226082134887027220e-01
5.912149815904138572e-01 8.030798815479448516e-01
5.473096813368634184e-01 7.868130584584874798e-01
4.989689469237473807e-01 7.734474635643803220e-01
4.464146109698823861e-01 7.626228162096743146e-01
3.898685060940841329e-01 7.539788357384190620e-01
3.295524649151687080e-01 7.471552414946646126e-01
2.656883200519528088e-01 7.417917528224614587e-01
1.984979041232516894e-01 7.375280890658592048e-01
1.282030497478819642e-01 7.340039695689083432e-01
5.502558954466003904e-02 7.308591136756592554e-01
-2.081264386759860280e-02 7.277332407301614348e-01
-9.908981787007738185e-02 7.242660700764655957e-01
-1.795840998439603153e-01 7.200973210586216755e-01
-2.620736571704312401e-01 7.148667130206798337e-01
-3.463366572306734725e-01 7.082139653066898966e-01
-4.321504020584476247e-01 6.997807881566520116e-01
-5.192162653810656892e-01 6.893835792869306145e-01
-6.071015476189278726e-01 6.771471974968341634e-01
-6.953598627446713198e-01 6.632279898557507103e-01
-7.835448247309332315e-01 6.477823034330676411e-01
-8.712100475503509189e-01 6.309664852981735628e-01
-9.579091451755605835e-01 6.129368825204563054e-01
-1.043195731579200869e+00 5.938498421693036988e-01
-1.126623420733907421e+00 5.738617113141037951e-01
-1.207745826612318885e+00 5.531288370242448682e-01
-1.286116563187070794e+00 5.318075663691147481e-01
-1.361289244430801126e+00 5.100542464181013758e-01
-1.432817484316146972e+00 4.880252242405931917e-01
-1.500254896815745642e+00 4.658768469059776929e-01
-1.563155095902233782e+00 4.437654614836429867e-01
-1.621071695548249592e+00 4.218474150429772918e-01
-1.673558309726428606e+00 4.002790546533684934e-01
-1.720168552409409024e+00 3.792167273842046993e-01
-1.760456037569827492e+00 3.588167803048739612e-01
-1.793974379180321765e+00 3.392355604847640538e-01
-1.820277191213528045e+00 3.206294149932631399e-01
-1.838918774562367853e+00 3.031545158084849034e-01
-1.849742444623887261e+00 2.868933670913942358e-01
-1.853327213661631667e+00 2.717409489117267318e-01
-1.850367439350163679e+00 2.575628405841474677e-01
-1.841557479364045902e+00 2.442246214233216306e-01
-1.827591691377839833e+00 2.315918707439141300e-01
-1.809164433066107414e+00 2.195301678605900142e-01
-1.786970062103411028e+00 2.079050920880143871e-01
-1.761702936164311950e+00 1.965822227408520473e-01
-1.734057412923374120e+00 1.854271391337683761e-01
-1.704727850055156813e+00 1.743054205814280055e-01
-1.674408605234225744e+00 1.630826463984964003e-01
-1.643756409149070841e+00 1.516321846122524186e-01
-1.613025554765320058e+00 1.399107070724737723e-01
-1.582226395211433712e+00 1.279253806987087350e-01
-1.551365868386972879e+00 1.156840793562189523e-01
-1.520450912191489978e+00 1.031946769102650430e-01
-1.489488464524545863e+00 9.046504722610866633e-02
-1.458485463285694284e+00 7.750306416901060758e-02
-1.427448846374493652e+00 6.431660160423210981e-02
-1.396385551690500382e+00 5.091353339703454106e-02
-1.365302517133270888e+00 3.730173341267867954e-02
-1.334206680602362471e+00 2.348907551642584815e-02
-1.303104979997331769e+00 9.483433573537220634e-03
-1.272004353217734973e+00 -4.707318550726078722e-03
-1.240911738163129385e+00 -1.907530699110300196e-02
-1.209834072733072308e+00 -3.361265788233223223e-02
-1.178778294827119710e+00 -4.831149735915275800e-02
-1.147751342344828673e+00 -6.316395155630334657e-02
-1.116760153185756277e+00 -7.816214660852285889e-02
-1.085811665249458491e+00 -9.329820865055021839e-02
-1.054912816435493284e+00 -1.085642638171241542e-01
-1.024070544643416403e+00 -1.239524382429836730e-01
-9.932917877727852618e-01 -1.394548580628673651e-01
-9.625834837231564967e-01 -1.550636494115143760e-01
-9.319525703940866324e-01 -1.707709384236635597e-01
-9.014059856851326380e-01 -1.865688512340535343e-01
-8.709506674958517047e-01 -2.024495139774234453e-01
-8.405935537257995804e-01 -2.184050527885118553e-01
-8.103415822745341224e-01 -2.344275938020577710e-01
-7.802016910416114115e-01 -2.505092631527999769e-01
-7.501808179265887500e-01 -2.666421869754774798e-01
-7.202859008290226628e-01 -2.828184914048288978e-01
-6.905238776484702301e-01 -2.990303025755931543e-01
-6.609016862844876439e-01 -3.152697466225093392e-01
-6.314262646366323173e-01 -3.315289496803158764e-01
-6.021045506044607754e-01 -3.478000378837519668e-01
-5.729434820875294321e-01 -3.640751373675563674e-01
-5.439499969853958117e-01 -3.803463742664678904e-01
-5.151310331976161061e-01 -3.966058747152254593e-01
-4.864935286237473955e-01 -4.128457648485679976e-01
-4.580444211633463714e-01 -4.290581708012341511e-01
-4.297906487159698363e-01 -4.452352187079628432e-01
-4.017391491811745374e-01 -4.613690347034929973e-01
-3.738968604585172772e-01 -4.774517449225634813e-01
-3.462707204475553580e-01 -4.934754754999129411e-01
-3.188676670478445829e-01 -5.094323525702805222e-01
-2.916946381589426429e-01 -5.253145022684048149e-01
-2.647585716804055078e-01 -5.411140507290248536e-01
-2.380664055117907296e-01 -5.568231240868793952e-01
-2.116250775526546113e-01 -5.724338484767074187e-01
-1.854415257025542052e-01 -5.879383500332474588e-01
-1.595226878610461474e-01 -6.033287548912388276e-01
-1.338755019276872404e-01 -6.185971891854200599e-01
-1.085069058020344396e-01 -6.337357790505300237e-01
-8.342383738364479717e-02 -6.487366506213074757e-01
-5.863323457207422762e-02 -6.635919300324916170e-01
-3.414203526687999146e-02 -6.782937434188212045e-01
-9.957177367618920763e-03 -6.928342169150348839e-01
1.391440122615230507e-02 -7.072054766558716343e-01
3.746576261487680193e-02 -7.213996487760705456e-01
6.068996889899785918e-02 -7.354088594103700416e-01
8.358008217895858405e-02 -7.492252346935092122e-01
1.061291645552022572e-01 -7.628409007602268144e-01
1.283302781281720761e-01 -7.762479837452618270e-01
1.501764849983110439e-01 -7.894386097833527849e-01
1.716608472660627882e-01 -8.024049050092390001e-01
1.927764270318702011e-01 -8.151389955576588964e-01
2.135162863961768132e-01 -8.276330075633520078e-01
2.338734874594255442e-01 -8.398790671610564251e-01
2.538410923220595916e-01 -8.518693004855112383e-01
2.734121630845222084e-01 -8.635958336714553152e-01
2.925797618472567585e-01 -8.750507928536276347e-01
3.113369507107062173e-01 -8.862263041667668428e-01
3.296767917753141708e-01 -8.971144937456121404e-01
3.475923471415233723e-01 -9.077074877249019513e-01
3.650766789097773524e-01 -9.179974122393754765e-01
3.821228491805190863e-01 -9.279763934237712508e-01
3.987239200541920492e-01 -9.376365574128284752e-01
4.148729536312392718e-01 -9.469700303412856845e-01
4.305630120121036741e-01 -9.559689383438817467e-01
4.457871572972291752e-01 -9.646254075553557517e-01
4.605384515870585838e-01 -9.729315641104465673e-01
4.748099569820352084e-01 -9.808795341438929505e-01
4.885947355826021354e-01 -9.884614437904335471e-01
5.018858494892025623e-01 -9.956694191848074471e-01
5.146763608022799641e-01 -1.002495586461753518e+00
5.269593316222773716e-01 -1.008932071756010629e+00
5.387278240496379267e-01 -1.014971001202317424e+00
5.499749001848047714e-01 -1.020604500935412773e+00
5.606936221282213806e-01 -1.025824697090035764e+00
5.708770519803307852e-01 -1.030623715800925044e+00
5.805182518415762383e-01 -1.034993683202819481e+00
5.896102838124008816e-01 -1.038926725430458164e+00
5.981462099932481902e-01 -1.042414968618579740e+00
6.061190924845610839e-01 -1.045450538901922855e+00
6.135219933867828157e-01 -1.048025562415226819e+00
6.203479748003567495e-01 -1.050132165293230280e+00
6.265900988257260273e-01 -1.051762473670672104e+00
6.322414275633337910e-01 -1.052908613682290939e+00
6.372950231136231825e-01 -1.053562711462825652e+00
6.417439475770376767e-01 -1.053716893147015554e+00
6.455812630540201935e-01 -1.053363284869598848e+00
6.488000316450145410e-01 -1.052494012765315734e+00
6.513933154504627510e-01 -1.051101202968902637e+00
6.533541765708094085e-01 -1.049176981615101090e+00
6.546756771064968783e-01 -1.046713474838648184e+00
6.553772481450271803e-01 -1.043716553672981995e+00
6.556253516903817191e-01 -1.040268729374698609e+00
6.556373920908336039e-01 -1.036479067021372602e+00
6.556308234098149335e-01 -1.032456657604727823e+00
6.558230997107559190e-01 -1.028310592116485012e+00
6.564316750570884373e-01 -1.024149961548368681e+00
6.576740035122426997e-01 -1.020083856892099128e+00
6.597675391396508049e-01 -1.016221369139400643e+00
6.629297360027428532e-01 -1.012671589281994633e+00
6.673780481649506102e-01 -1.009543608311604057e+00
6.733299296897046204e-01 -1.006946517219950543e+00
6.810028346404365385e-01 -1.004989406998757939e+00
6.906142170805767977e-01 -1.003781368639747207e+00
7.023815310735570527e-01 -1.003431493134641750e+00
7.165222306828077370e-01 -1.004048871475163418e+00
7.332537699717608382e-01 -1.005742594653035837e+00
7.527936030038465676e-01 -1.008621753659979747e+00
7.753591838424964688e-01 -1.012795439487718996e+00
8.011679665511414195e-01 -1.018372743127974989e+00
8.304374051932126299e-01 -1.025462755572471130e+00
8.633849538321407557e-01 -1.034174567812929046e+00
9.002280665313576735e-01 -1.044617270841072143e+00
9.411841973542938167e-01 -1.056899955648621825e+00
9.864708003643802847e-01 -1.071131713227301052e+00
1.036305329625047511e+00 -1.087421634568832118e+00
1.090905239199728038e+00 -1.105878810664937539e+00
1.150487983151852411e+00 -1.126612332507339831e+00
1.215271015544851396e+00 -1.149731291087761509e+00
1.285471790442156204e+00 -1.175344777397924867e+00
1.361307761907198488e+00 -1.203561882429552865e+00
1.442996384003408350e+00 -1.234491697174367131e+00
1.530755110794217222e+00 -1.268243312624090624e+00
1.624801396343056314e+00 -1.304925819770445639e+00
