3.869977555417480897e-02 -5.684290926750128481e-01
1.208742261641750776e-02 -5.340490772972067424e-01
-1.403201692210301332e-02 -5.030644761133710174e-01
-3.966084388362765140e-02 -4.753301360954021448e-01
-6.480135909039728970e-02 -4.507009042151969291e-01
-8.945586336465280453e-02 -4.290316274446515643e-01
-1.136266575286351693e-01 -4.101771527556629104e-01
-1.373160424045851979e-01 -3.939923271201276611e-01
-1.605263188147438014e-01 -3.803319975099423988e-01
-1.832597875813518629e-01 -3.690510108970036507e-01
-2.055187495266502795e-01 -3.600042142532082767e-01
-2.273055054728799484e-01 -3.530464545504524709e-01
-2.486223562422817945e-01 -3.480325787606331489e-01
-2.694716026570966316e-01 -3.448174338556469487e-01
-2.898555455395654401e-01 -3.432558668073903974e-01
-3.097764857119290616e-01 -3.432027245877601329e-01
-3.292367239964283931e-01 -3.445128541686528489e-01
-3.482385612153044430e-01 -3.470411025219649614e-01
-3.667842981907978861e-01 -3.506423166195934416e-01
-3.848762357451497307e-01 -3.551713434334345942e-01
-4.025166747006008738e-01 -3.604830299353850576e-01
-4.197079158793922127e-01 -3.664322230973415806e-01
-4.364522601037646998e-01 -3.728737698912007459e-01
-4.527520081959590104e-01 -3.796625172888591360e-01
-4.686094609782161524e-01 -3.866533122622133889e-01
-4.840269192727772452e-01 -3.937010017831601982e-01
-4.990066839018827971e-01 -4.006604328235959800e-01
-5.135510556877740385e-01 -4.073864523554177053e-01
-5.276623354526916998e-01 -4.137339073505216236e-01
-5.413428240188765672e-01 -4.195576447808044840e-01
-5.545948222085698154e-01 -4.247125116181630355e-01
-5.674206308440119528e-01 -4.290533548344936388e-01
-5.798225507474443763e-01 -4.324350214016932092e-01
-5.918028827411074833e-01 -4.347123582916582185e-01
-6.033639276472424484e-01 -4.357402124762851936e-01
-6.145079862880900023e-01 -4.353734309274708836e-01
-6.252373594858913197e-01 -4.334668606171120375e-01
-6.355543480628869091e-01 -4.298753485171049604e-01
-6.454612528413179451e-01 -4.244537415993463458e-01
-6.549603746434253804e-01 -4.170568868357331094e-01
-6.640540142914497235e-01 -4.075396311981614450e-01
-6.727444726076321491e-01 -3.957568216585282683e-01
-6.810340504142136098e-01 -3.815633051887301619e-01
-6.889250485334349472e-01 -3.648139287606637082e-01
-6.964197677875366699e-01 -3.453635393462254344e-01
-7.035205089987601745e-01 -3.230669839173119229e-01
-7.102337206723045027e-01 -2.978587403529586730e-01
-7.166008061988127231e-01 -2.703443815182344223e-01
-7.226806928160317556e-01 -2.414659186838147009e-01
-7.285324390167816633e-01 -2.121678830720268583e-01
-7.342151032938816213e-01 -1.833948059051983548e-01
-7.397877441401518039e-01 -1.560912184056565677e-01
-7.453094200484114973e-01 -1.312016517957290129e-01
-7.508391895114805425e-01 -1.096706372977430122e-01
-7.564361110221787809e-01 -9.244270613402598424e-02
-7.621592430733257206e-01 -8.046238952690536184e-02
-7.680676441577413138e-01 -7.467421869870861928e-02
-7.742203727682450687e-01 -7.602272487176303661e-02
-7.806764873976567154e-01 -8.545243926839593551e-02
-7.874950465387958731e-01 -1.039078931109349846e-01
-7.947351086844826051e-01 -1.323336176217075055e-01
-8.024557323275360865e-01 -1.716741440230408478e-01
-8.107159759607764915e-01 -2.228740035372624995e-01
-8.195748980770234393e-01 -2.868777273866998656e-01
-8.290915571690961050e-01 -3.646298467936802123e-01
-8.393250117298148849e-01 -4.570748929805312222e-01
-8.503166719695516296e-01 -5.644229733156823636e-01
-8.617936268519161835e-01 -6.738194840853964918e-01
-8.733995373149300301e-01 -7.700445631064146701e-01
-8.850831635999646396e-01 -8.523960577631259916e-01
-8.968225459871611571e-01 -9.215600280803833977e-01
-9.085957247566599504e-01 -9.782225340830404958e-01
-9.203807401886026085e-01 -1.023069635795952115e+00
-9.321556325631293882e-01 -1.056787393243971085e+00
-9.438984421603813235e-01 -1.080061866451951014e+00
-9.555872092604992263e-01 -1.093579115444745398e+00
-9.671999741436242415e-01 -1.098025200247208177e+00
-9.787147770898967369e-01 -1.094086180884192849e+00
-9.901096583794579686e-01 -1.082448117380552910e+00
-1.001362658292448193e+00 -1.063797069761141856e+00
-1.012451817109009111e+00 -1.038819098050813627e+00
-1.023355175109280868e+00 -1.008200262274421943e+00
-1.034050772573404942e+00 -9.726266224568205221e-01
-1.044516649781521478e+00 -9.327842386228623051e-01
-1.054730847013771733e+00 -8.893591707974018989e-01
-1.064671404550296518e+00 -8.430374790052919121e-01
-1.074316362671236424e+00 -7.945052232713862850e-01
-1.083643761656733151e+00 -7.444484636205392913e-01
-1.092631641786926178e+00 -6.935532600776033174e-01
-1.101258043341957427e+00 -6.425056726674330809e-01
-1.109501006601967488e+00 -5.919917614148818563e-01
-1.117338779895672873e+00 -5.426925197457204142e-01
-1.124760748652757991e+00 -4.950177196877977304e-01
-1.131772828465396952e+00 -4.489745748481439591e-01
-1.138382274596540178e+00 -4.045376738821172546e-01
-1.144596342309138537e+00 -3.616816054450751605e-01
-1.150422286866142230e+00 -3.203809581923761085e-01
-1.155867363530502345e+00 -2.806103207793771426e-01
-1.160938827565169307e+00 -2.423442818614363614e-01
-1.165643934233093537e+00 -2.055574300939114751e-01
-1.169989938797226126e+00 -1.702243541321608600e-01
-1.173984096520516829e+00 -1.363196426315416987e-01
-1.177633662665917402e+00 -1.038178842474122010e-01
-1.180945892496377159e+00 -7.269366763513009089e-02
-1.183928041274848297e+00 -4.292158145005336989e-02
-1.186587364264280131e+00 -1.447621434753950526e-02
-1.188931116727623971e+00 1.266784501705325860e-02
-1.190966553927830240e+00 3.853600798836745445e-02
-1.192700931127849362e+00 6.315368591104496276e-02
-1.194141503590631981e+00 8.654629012972799018e-02
-1.195295526579128964e+00 1.087392319890589792e-01
-1.196170255356290957e+00 1.297579228336797341e-01
-1.196772945185068604e+00 1.496277740082326557e-01
-1.197110851328412107e+00 1.683741968573597980e-01
-1.197191229049272332e+00 1.860226027257033399e-01
-1.197021333610600147e+00 2.025984029579055989e-01
-1.196608420275345974e+00 2.181270088986082267e-01
-1.195959744306460015e+00 2.326338318924540960e-01
-1.195082560966893359e+00 2.461442832840850525e-01
-1.193984125519596873e+00 2.586837744181434418e-01
-1.192671693227520535e+00 2.702777166392709707e-01
-1.191152519353615657e+00 2.809515212921103733e-01
-1.189433859160831997e+00 2.907305997213033288e-01
-1.187522967912121086e+00 2.996403632714924048e-01
-1.185427100870432904e+00 3.077062232873195025e-01
-1.183153513298718318e+00 3.149535911134269117e-01
-1.180709460459927973e+00 3.214078780944565339e-01
-1.178102197617012292e+00 3.270944955750509919e-01
-1.175338980032922143e+00 3.320388548998521872e-01
-1.172427062970608169e+00 3.362663674135022429e-01
-1.169373701693020351e+00 3.398024444606433381e-01
-1.166186151463110443e+00 3.426724973859178736e-01
-1.162871667543828424e+00 3.449019375339679172e-01
-1.159437505198124496e+00 3.465161762494353148e-01
-1.155890919688949969e+00 3.475406248769626338e-01
-1.152239166279255489e+00 3.480006947611918866e-01
-1.148489500231991034e+00 3.479217972467652520e-01
-1.144649176810107472e+00 3.473293436783247978e-01
-1.140725451276555669e+00 3.462487454005128695e-01
-1.136725578894286048e+00 3.447054137579714239e-01
-1.132656814926249700e+00 3.427247600953429729e-01
-1.128526414635396602e+00 3.403321957572694179e-01
-1.124341633284677622e+00 3.375531320883928821e-01
-1.120109726137043404e+00 3.344129804333556000e-01
-1.115837948455444595e+00 3.309371521367999724e-01
-1.111533555502831394e+00 3.271510585433676233e-01
-1.107203802542155113e+00 3.230801109977013419e-01
-1.102855944836365953e+00 3.187497208444428631e-01
-1.098497237648414782e+00 3.141852994282345879e-01
-1.094134936241252021e+00 3.094122580937185285e-01
-1.089776295877828094e+00 3.044560081855369194e-01
-1.085428571821094090e+00 2.993419610483318838e-01
-1.081099019334000211e+00 2.940955280267457117e-01
-1.076794893679497545e+00 2.887421204654204709e-01
-1.072523450120536292e+00 2.833071497089982849e-01
-1.068291943920067100e+00 2.778160271021214434e-01
-1.064107630341040833e+00 2.722941639894320143e-01
-1.059977764646407916e+00 2.667669717155722320e-01
-1.055909602099119216e+00 2.612598616251842198e-01
-1.051910397962124932e+00 2.557982450629101567e-01
-1.047987407498376156e+00 2.504075333733922215e-01
-1.044147885970823308e+00 2.451131379012726208e-01
-1.040399088642416592e+00 2.399404699911934224e-01
-1.036748270776107539e+00 2.349149409877968886e-01
-1.033202687634845907e+00 2.300619622357250871e-01
-1.029769594481582784e+00 2.254069450796202800e-01
-1.026456246579268594e+00 2.209753008641245908e-01
-1.023270189634777783e+00 2.167932355704818848e-01
-1.020239059736558263e+00 2.129419212206813961e-01
-1.017423269724765822e+00 2.095922050010782800e-01
-1.014886252308226267e+00 2.069231962718338647e-01
-1.012691440195764958e+00 2.051140043931092838e-01
-1.010902266096208146e+00 2.043437387250658377e-01
-1.009582162718382081e+00 2.047915086278648822e-01
-1.008794562771111902e+00 2.066364234616675510e-01
-1.008602898963224082e+00 2.100575925866351723e-01
-1.009070604003544425e+00 2.152341253629289908e-01
-1.010261110600898737e+00 2.223451311507102790e-01
-1.012237832078741073e+00 2.315696801717966324e-01
-1.014998936811517094e+00 2.429551155263066642e-01
-1.018331748000411263e+00 2.561230917634463311e-01
-1.021981076647597853e+00 2.706094328861823883e-01
-1.025691733755251134e+00 2.859499628974814800e-01
-1.029208530325544491e+00 3.016805058003103612e-01
-1.032276277360652639e+00 3.173368855976356206e-01
-1.034639785862749184e+00 3.324549262924240689e-01
-1.036043866834008842e+00 3.465704518876424056e-01
-1.036233331276605218e+00 3.592192863862572749e-01
-1.034952990192712807e+00 3.699372537912354875e-01
-1.031947654584505436e+00 3.782601781055436874e-01
-1.026962135454157155e+00 3.837238833321485187e-01
-1.019741243803842012e+00 3.858641934740167923e-01
-1.010029790635734726e+00 3.842169325341150965e-01
-9.975725869520083444e-01 3.783179245154102421e-01
-9.821144437548376960e-01 3.677029934208689288e-01
-9.634001720463967189e-01 3.519079632534578561e-01
-9.411745828288596849e-01 3.304686580161437237e-01
-9.151824871044001997e-01 3.029209017118930647e-01
-8.851686958751926459e-01 2.688005183436728007e-01
-8.508780201434112955e-01 2.276433319144495759e-01
-8.120552709112298650e-01 1.789851664271900344e-01
