-1.197176150551580109e+00 -5.397932448383000459e-01
-1.142627082412883910e+00 -6.248323788033834925e-01
-1.093554265662008529e+00 -6.991358784599238652e-01
-1.049687346517919506e+00 -7.631076660003458523e-01
-1.010755971199584158e+00 -8.171516636170744752e-01
-9.764897859259685786e-01 -8.616717935025348662e-01
-9.466184369160399736e-01 -8.970719778491522689e-01
-9.208715703887645487e-01 -9.237561388493512604e-01
-8.989788325631096200e-01 -9.421281986955569732e-01
-8.806698696580416152e-01 -9.525920795801946506e-01
-8.656743278925271845e-01 -9.555517036956894250e-01
-8.537218534855324226e-01 -9.514109932344657627e-01
-8.445420926560248676e-01 -9.405738703889490182e-01
-8.378646916229708363e-01 -9.234442573515639907e-01
-8.334192966053372009e-01 -9.004260763147363678e-01
-8.309355538220900561e-01 -8.719232494708902825e-01
-8.301431094921967180e-01 -8.383396990124514225e-01
-8.307716098346237255e-01 -8.000793471318444761e-01
-8.325507010683373954e-01 -7.575461160214944645e-01
-8.352100294123050439e-01 -7.111439278738266312e-01
-8.385124796340771569e-01 -6.612726387695411212e-01
-8.423626539691054793e-01 -6.083147683206179268e-01
-8.467029173347161430e-01 -5.526482165846321459e-01
-8.514756349894587739e-01 -4.946508835774168222e-01
-8.566231721918824427e-01 -4.347006693148048884e-01
-8.620878942005364420e-01 -3.731754738126289439e-01
-8.678121662739701758e-01 -3.104531970867219770e-01
-8.737383536707332699e-01 -2.469117391529170313e-01
-8.798088216493747948e-01 -1.829290000270467342e-01
-8.859659354684440435e-01 -1.188828797249444347e-01
-8.921520603864905308e-01 -5.515127826244230203e-02
-8.983095616620637713e-01 7.887904344626337286e-03
-9.043808045537129470e-01 6.985676808042889929e-02
-9.103081543199871284e-01 1.303774129291322137e-01
-9.160339762194360524e-01 1.890719388749035890e-01
-9.215006355106090119e-01 2.455624459019099814e-01
-9.266504974520551885e-01 2.994710339943185140e-01
-9.314274732157387104e-01 3.504298041050554757e-01
-9.358085830115493442e-01 3.982850492956550026e-01
-9.398026511499170121e-01 4.430888127123207010e-01
-9.434197867349113364e-01 4.849014492093678408e-01
-9.466700988706028275e-01 5.237833136411114143e-01
-9.495636966610615515e-01 5.597947608618666360e-01
-9.521106892103580188e-01 5.929961457259489421e-01
-9.543211856225621847e-01 6.234478230876733251e-01
-9.562052950017440045e-01 6.512101478013551104e-01
-9.577731264519739884e-01 6.763434747213091791e-01
-9.590347890773223138e-01 6.989081587018506347e-01
-9.600003919818591580e-01 7.189645545972950247e-01
-9.606800442696543652e-01 7.365730172619570082e-01
-9.610838550447790007e-01 7.517939015501525768e-01
-9.612219334113023539e-01 7.646875623161961677e-01
-9.611043884732948239e-01 7.753143544144029953e-01
-9.607413293348271432e-01 7.837346326990888290e-01
-9.601428650999688230e-01 7.900087520245679951e-01
-9.593191048727905956e-01 7.941970672451564850e-01
-9.582801577573624163e-01 7.963599332151690691e-01
-9.570361328577543514e-01 7.965577047889206286e-01
-9.555971392780369111e-01 7.948507368207269330e-01
-9.539732861222800508e-01 7.912993841649026416e-01
-9.521746824945540588e-01 7.859640016757634129e-01
-9.502114374989293344e-01 7.789049442076240171e-01
-9.480936602394753887e-01 7.701825666147994465e-01
-9.458314598202632872e-01 7.598572237516055816e-01
-9.434349453453628742e-01 7.479892704723569707e-01
-9.409142259188442159e-01 7.346390616313692723e-01
-9.382794106447772675e-01 7.198669520829570345e-01
-9.355406086272330946e-01 7.037332966814360269e-01
-9.327079289702810971e-01 6.862984502811210197e-01
-9.297914807779917856e-01 6.676227677363273383e-01
-9.268013731544353373e-01 6.477666039013701971e-01
-9.237477152036820405e-01 6.267903136305650325e-01
-9.206406160298019614e-01 6.047542517782265037e-01
-9.174901847368651664e-01 5.817187731986698251e-01
-9.143065304289420547e-01 5.577442327462103222e-01
-9.110996911186225455e-01 5.328914981061043665e-01
-9.078772593302916194e-01 5.072390779244213554e-01
-9.046438235331836220e-01 4.808871511292933110e-01
-9.014037879075426085e-01 4.539372260500151302e-01
-8.981615566336130785e-01 4.264908110158812660e-01
-8.949215338916387541e-01 3.986494143561858938e-01
-8.916881238618635797e-01 3.705145444002235777e-01
-8.884657307245319435e-01 3.421877094772892147e-01
-8.852587586598876790e-01 3.137704179166769802e-01
-8.820716118481747303e-01 2.853641780476816048e-01
-8.789086944696373749e-01 2.570704981995970417e-01
-8.757744107045195570e-01 2.289908867017182437e-01
-8.726731647330651098e-01 2.012268518833395525e-01
-8.696093607355187549e-01 1.738799020737554490e-01
-8.665874028921237704e-01 1.470515456022605805e-01
-8.636116953831246557e-01 1.208432907981492610e-01
-8.606866423887653550e-01 9.535664599071601299e-02
-8.578166480892898127e-01 7.069311950925551147e-02
-8.550061166649424171e-01 4.695421968306201510e-02
-8.522594522959666685e-01 2.424145484143017462e-02
-8.495810591626069552e-01 2.656333313654384888e-03
-8.469753414451075546e-01 -1.769963657097055332e-02
-8.444467033237120779e-01 -3.672494648315068055e-02
-8.419995489786646914e-01 -5.431808809359119777e-02
-8.396382825902096725e-01 -7.037755307299774221e-02
-8.373673083385909655e-01 -8.480183309207564579e-02
-8.351910304040521815e-01 -9.748941982153049024e-02
-8.331138529668380421e-01 -1.083388049320677948e-01
-8.311401802071920475e-01 -1.172484800943930372e-01
-8.292744163053586970e-01 -1.241169369792117783e-01
-8.275209654415819349e-01 -1.288426672572295095e-01
-8.258842317961055945e-01 -1.313241625991516393e-01
-8.243686195491738422e-01 -1.314599146756837422e-01
-8.229785328810306222e-01 -1.291484151575313377e-01
-8.217183759719203229e-01 -1.242881557154000005e-01
-8.205925530020866665e-01 -1.167776280199950834e-01
-8.196054681517738194e-01 -1.065153237420222027e-01
-8.187615256012258369e-01 -9.339973455218680831e-02
-8.180651295306867743e-01 -7.732935212119446122e-02
-8.175206841204007979e-01 -5.820266811975062515e-02
-8.171318744832930525e-01 -3.595647601853145525e-02
-8.168844022103723956e-01 -1.148547857068602310e-02
-8.167451439782483780e-01 1.331289462276759490e-02
-8.166833562887090281e-01 3.670830653855693820e-02
-8.166883007985074050e-01 5.828294269806385403e-02
-8.167568076030462532e-01 7.811554795311567712e-02
-8.168857210056498230e-01 9.628579932619574233e-02
-8.170718853096440304e-01 1.128733738397875441e-01
-8.173121448183532367e-01 1.279579485163744867e-01
-8.176033438351021365e-01 1.416192003784399189e-01
-8.179423266632157574e-01 1.539368064484672172e-01
-8.183259376060194601e-01 1.649904437489399800e-01
-8.187510209668378280e-01 1.748597893023415006e-01
-8.192144210489956668e-01 1.836245201311551556e-01
-8.197129821558177820e-01 1.913643132578644046e-01
-8.202435485906298673e-01 1.981588457049527352e-01
-8.208029646567557291e-01 2.040877944949034406e-01
-8.213880746575209502e-01 2.092308366502000083e-01
-8.219957228962503359e-01 2.136676491933258148e-01
-8.226227536762688031e-01 2.174779091467643199e-01
-8.232660113009011571e-01 2.207412935329989001e-01
-8.239223400734722036e-01 2.235374793745129596e-01
-8.245885842973071922e-01 2.259461436937899304e-01
-8.252616119611337897e-01 2.280463130375438852e-01
-8.259392970517656085e-01 2.298893860763477903e-01
-8.266208719447672992e-01 2.314894558470150798e-01
-8.273056651778994963e-01 2.328579744695518094e-01
-8.279930052889236114e-01 2.340063940639641737e-01
-8.286822208156002789e-01 2.349461667502582563e-01
-8.293726402956903554e-01 2.356887446484401127e-01
-8.300635922669546973e-01 2.362455798785159378e-01
-8.307544052671541612e-01 2.366281245604917871e-01
-8.314444078340499367e-01 2.368478308143738553e-01
-8.321329285054027691e-01 2.369161507601681427e-01
-8.328192958189735151e-01 2.368445365178808160e-01
-8.335028383125232532e-01 2.366444402075179865e-01
-8.341828845238126178e-01 2.363273139490857100e-01
-8.348587629906026875e-01 2.359046098625902643e-01
-8.355298022506544298e-01 2.353877800680375942e-01
-8.361953308417284791e-01 2.347882766854338665e-01
-8.368546773015863582e-01 2.341175518347852480e-01
-8.375071701679882574e-01 2.333870576360978222e-01
-8.381521379786954773e-01 2.326082462093776448e-01
-8.387889092714685413e-01 2.317925696746308273e-01
-8.394168125840690831e-01 2.309514801518636196e-01
-8.400351764542571820e-01 2.300964297610819387e-01
-8.406433294197944717e-01 2.292388706222920902e-01
-8.412406000184412536e-01 2.283902548555001022e-01
-8.418263167879586062e-01 2.275620345807120026e-01
-8.423998082661077191e-01 2.267656619179340416e-01
-8.429604029906493379e-01 2.260125889871722471e-01
-8.435074294993443189e-01 2.253142679084327860e-01
-8.440402163299535188e-01 2.246821508017217695e-01
-8.445580920202377939e-01 2.241276897870452256e-01
-8.450603851079583340e-01 2.236623369844093767e-01
-8.455464241308757734e-01 2.232975445138202508e-01
-8.460155376267509686e-01 2.230447644952840147e-01
-8.464670541333454423e-01 2.229154490488068352e-01
-8.469003021884191629e-01 2.229210502943946293e-01
-8.473146103297338749e-01 2.230730203520537303e-01
-8.477093070950498799e-01 2.233828113417901384e-01
-8.480837210221283673e-01 2.238618753836099651e-01
-8.484371806487303047e-01 2.245216645975194047e-01
-8.487690145126164376e-01 2.253736311035244577e-01
-8.490785511515477335e-01 2.264292270216313185e-01
-8.493651191032850489e-01 2.276999044718460707e-01
-8.496280469055893514e-01 2.291971155741747979e-01
-8.498666630962217194e-01 2.309323124486236944e-01
-8.500802962129426765e-01 2.329169472151987885e-01
-8.502682747935131902e-01 2.351624719939061914e-01
-8.504299273756944499e-01 2.376803389047521253e-01
-8.505645824972473124e-01 2.404820000677426461e-01
-8.506715686959321898e-01 2.435789076028837263e-01
-8.507502145095109380e-01 2.469825136301817547e-01
-8.507998484757436364e-01 2.507042702696426484e-01
-8.508197991323914744e-01 2.547556296412725740e-01
-8.508093950172151976e-01 2.591480438650775597e-01
-8.507679646679761065e-01 2.638929650610638000e-01
-8.506948366224348357e-01 2.690018453492374895e-01
-8.505893394183522416e-01 2.744861368496046006e-01
-8.504508015934892917e-01 2.803572916821712724e-01
-8.502785516856070647e-01 2.866267619669438105e-01
-8.500719182324661949e-01 2.933059998239280208e-01
-8.498302297718276499e-01 3.004064573731302090e-01
-8.495528148414525083e-01 3.079395867345564586e-01
-8.492390019791014044e-01 3.159168400282128530e-01
