4.737886221154892219e-01 1.233667800343737575e+00
3.663955727740478285e-01 1.081202079215875411e+00
2.796145341566497744e-01 9.399019572075101303e-01
2.122161008598563992e-01 8.093597733765464097e-01
1.629708674802296808e-01 6.891678667808895931e-01
1.306494286143317363e-01 5.789185764784464672e-01
1.140223788587240855e-01 4.782042415271214320e-01
1.118603128099689148e-01 3.866172009848209412e-01
1.229338250646280217e-01 3.037497939094503940e-01
1.460135102192632595e-01 2.291943593589155226e-01
1.798699628704365505e-01 1.625432363911218092e-01
2.232737776147097342e-01 1.033887640639750832e-01
2.749955490486445941e-01 5.132328143538084780e-02
3.338058717688033861e-01 5.939127563244737951e-03
3.984753403717476439e-01 -3.317135849452752111e-02
4.677745494540391791e-01 -6.641583768003021804e-02
5.404740936122401918e-01 -9.420197093535785660e-02
6.153445674429125489e-01 -1.169374192026047532e-01
6.911565655426177290e-01 -1.350298434238651757e-01
7.666806825079179877e-01 -1.488869045412335723e-01
8.402891201694908663e-01 -1.588560531119952990e-01
9.033445451565271789e-01 -1.642253660100892743e-01
9.412215536495670554e-01 -1.633779236917205224e-01
9.391022319961664921e-01 -1.546677119805702771e-01
8.898142794257936083e-01 -1.376495866042009575e-01
8.171475758616257856e-01 -1.167410446035682392e-01
7.447419342004294451e-01 -9.613835855567824662e-02
6.759624850428359588e-01 -7.635219100869115871e-02
6.110094096138726227e-01 -5.731786779573551371e-02
5.500828891385677322e-01 -3.897071474994000251e-02
4.933831048419478615e-01 -2.124605770443301067e-02
4.411102379490413616e-01 -4.079222492343210008e-03
3.934644696848755285e-01 1.259446505320082829e-02
3.506459812744779914e-01 2.883967909907052610e-02
3.128549539428767123e-01 4.472109381213729140e-02
2.802915689150990430e-01 6.030338335927258597e-02
2.531560074161725571e-01 7.565122190734770158e-02
2.316484506711249114e-01 9.082928362323428040e-02
2.159690799049837073e-01 1.059022426738036177e-01
2.063180763427766296e-01 1.209347732259271474e-01
2.028956212095312794e-01 1.359915494464763175e-01
2.059018957302751751e-01 1.511372455023224926e-01
2.154863862427460197e-01 1.664265888902042578e-01
2.312848777765320885e-01 1.818135155333484021e-01
2.526344354483561760e-01 1.971933505444202206e-01
2.788684282237177126e-01 2.124606938269181788e-01
3.093202250681158505e-01 2.275101452843405481e-01
3.433231949470499367e-01 2.422363048201857105e-01
3.802107068260190403e-01 2.565337723379521040e-01
4.193161296705226748e-01 2.702971477411381662e-01
4.599728324460600204e-01 2.834210309332421684e-01
5.015141841181303128e-01 2.958000218177624929e-01
5.432735536522328434e-01 3.073287202981975774e-01
5.845843100138666815e-01 3.179017262780458597e-01
6.247798221685314513e-01 3.274136396608055555e-01
6.631934590817262221e-01 3.357590603499751580e-01
6.991585897189498411e-01 3.428325882490528831e-01
7.320085830457022658e-01 3.485288232615373905e-01
7.610768080274822323e-01 3.527423652909267848e-01
7.856966336297892539e-01 3.553678142407196150e-01
8.052014288181227331e-01 3.562997700144143187e-01
8.189245625579816279e-01 3.554328325155091117e-01
8.261994038148655628e-01 3.526616016475024318e-01
8.263593215542733850e-01 3.478806773138927166e-01
8.187376847417043857e-01 3.409846594181780710e-01
8.026751522762920477e-01 3.318695817851523011e-01
7.781902620692353612e-01 3.205648162368667786e-01
7.465204690803837195e-01 3.073394941323959184e-01
7.090305472721271096e-01 2.924877903275291957e-01
6.670852706068560733e-01 2.763038796780558082e-01
6.220494130469604865e-01 2.590819370397651755e-01
5.752877485548318903e-01 2.411161372684468562e-01
5.281650510928592723e-01 2.227006552198897427e-01
4.820460946234335631e-01 2.041296657498834766e-01
4.382956531089450269e-01 1.856973437142173111e-01
3.982785005117842614e-01 1.676978639686807493e-01
3.633594107943414753e-01 1.504254013690629888e-01
3.349031579190070440e-01 1.341741307711534492e-01
3.142745158481716206e-01 1.192382270307415365e-01
3.028382585442251362e-01 1.059118650036165038e-01
3.017306485840376418e-01 9.446020167212826335e-02
3.097193331076900646e-01 8.484761170611709868e-02
3.241702446711458019e-01 7.686047087043401671e-02
3.424310292411114620e-01 7.028283277897255654e-02
3.618496411381746936e-01 6.489876960319487798e-02
3.803606734046281468e-01 6.052765901590111131e-02
3.977057680562375297e-01 5.709763177350223040e-02
4.139733932010881134e-01 5.455769156256778940e-02
4.292520169472650582e-01 5.285684206966726612e-02
4.436301074028536351e-01 5.194408698137017305e-02
4.571961326759391153e-01 5.176842998424603659e-02
4.700385608746069366e-01 5.227887476486436230e-02
4.822458601069421480e-01 5.342442500979466269e-02
4.939064984810300762e-01 5.515408440560642250e-02
5.051089441049558815e-01 5.741685663886919588e-02
5.159416650868049459e-01 6.016174539615246064e-02
5.264931295346623186e-01 6.333775436402570846e-02
5.368518055566134928e-01 6.689388722905850737e-02
5.471061612607437397e-01 7.077914767782036987e-02
5.573446647551382194e-01 7.494253939688076682e-02
5.676557841478820920e-01 7.933306607280919687e-02
5.781279875470608509e-01 8.389973139217521414e-02
5.888497430607596561e-01 8.859153904154833115e-02
5.999095187970634457e-01 9.335749270749800488e-02
6.113957828640580461e-01 9.814659607659377560e-02
6.233970033698283952e-01 1.029078528354052113e-01
6.360016484224596534e-01 1.075902666705017136e-01
6.492981861300372026e-01 1.121428412684528642e-01
6.633750846006462032e-01 1.165145803158281479e-01
6.783208119423722593e-01 1.206544874991971050e-01
6.942238362633001980e-01 1.245115665051292342e-01
7.111726256715155126e-01 1.280348210201940617e-01
7.292556482751033631e-01 1.311732547309610031e-01
7.485613721821491318e-01 1.338758713239997233e-01
7.691782655007378677e-01 1.360916744858796101e-01
7.911947963389550642e-01 1.377696679031702176e-01
8.146994328048851042e-01 1.388588552624410444e-01
8.397806430066148131e-01 1.393082402502616446e-01
8.665268950522283520e-01 1.390668265532014891e-01
8.950266570498113250e-01 1.380836178578301043e-01
9.253683971074490033e-01 1.363076178507169889e-01
9.576405833332264361e-01 1.336878302184316414e-01
9.919316838352291166e-01 1.301732586475436160e-01
1.028324622762533114e+00 1.257151534572011620e-01
1.066628961541735476e+00 1.203755424086537240e-01
1.106261515368762050e+00 1.143756096486088503e-01
1.146608691595773610e+00 1.079488617908662268e-01
1.187056897574932712e+00 1.013288054492256923e-01
1.226992540658399244e+00 9.474894723748687742e-02
1.265802028198335760e+00 8.844279376944956528e-02
1.302871767546903259e+00 8.264385165891348362e-02
1.337696939731684687e+00 7.754542290764904200e-02
1.370246765156938329e+00 7.316559645091896824e-02
1.400619566197307320e+00 6.947474292623202763e-02
1.428913667992124603e+00 6.644323194922063802e-02
1.455227395680722680e+00 6.404143313551728667e-02
1.479659074402433383e+00 6.223971610075427346e-02
1.502307029296589214e+00 6.100845046056404403e-02
1.523269585502522894e+00 6.031800583057905091e-02
1.542645068159566479e+00 6.013875182643165646e-02
1.560531802407052693e+00 6.044105806375432710e-02
1.577028113384312924e+00 6.119529415817941825e-02
1.592232326230680783e+00 6.237182972533934083e-02
1.606242766085488327e+00 6.394103438086659597e-02
1.619157758088067833e+00 6.587327774039353212e-02
1.631075627377751580e+00 6.813892941955253246e-02
1.642094699093871846e+00 7.070835903397607036e-02
1.652313298375762018e+00 7.355193619929657756e-02
1.661829750362752822e+00 7.664003053114638864e-02
1.670742380194177645e+00 7.994301164515797697e-02
1.679149513009368988e+00 8.343124915696371879e-02
1.687149473947658684e+00 8.707511268219605971e-02
1.694840588148379679e+00 9.084497183648740370e-02
1.702321180750863805e+00 9.471119623547014088e-02
1.709689576894444007e+00 9.864415549477670297e-02
1.717044101718452342e+00 1.026142192300395078e-01
1.724483080362221310e+00 1.065917570568909595e-01
1.732104837965083410e+00 1.105471385909634618e-01
1.740007699666370700e+00 1.144507334478895022e-01
1.748289990605415234e+00 1.182729112433013596e-01
1.757050035921550180e+00 1.219840415928315491e-01
1.766386160754107815e+00 1.255544941121124469e-01
1.776396690242420195e+00 1.289546384167764848e-01
1.787179949525820044e+00 1.321548441224560944e-01
1.798834263743639195e+00 1.351254808447836520e-01
1.811457958035210591e+00 1.378369181993915338e-01
1.825149357539866291e+00 1.402595258019122271e-01
1.840006787396938792e+00 1.423636732679781081e-01
1.856128572745760374e+00 1.441197302132216085e-01
1.873613038725663982e+00 1.454980662532752156e-01
1.892558510475981448e+00 1.464690510037711946e-01
1.913063313136045052e+00 1.470030540803420327e-01
1.935225771845187293e+00 1.470704450986201339e-01
1.959144211742741115e+00 1.466415936742379300e-01
1.984916957968038353e+00 1.456868694228278249e-01
2.012642335660411064e+00 1.441766419600221671e-01
2.042418669959192190e+00 1.420812809014534717e-01
2.074344286003714011e+00 1.393711558627541147e-01
2.108517508933308804e+00 1.360166364595565003e-01
2.145036663887309292e+00 1.319880923074930323e-01
2.184000076005047752e+00 1.272558930221961981e-01
2.225506070425856464e+00 1.217904082192982906e-01
2.269652972289067261e+00 1.155620075144317832e-01
2.316539106734013309e+00 1.085410605232290937e-01
2.366262798900026887e+00 1.006979368613226539e-01
2.418922373926439828e+00 9.200300614434483992e-02
2.474616156952585300e+00 8.242663798792806973e-02
2.533440462776197943e+00 7.193949617013736808e-02
2.594335447197168687e+00 6.068141897343017760e-02
2.653149932979935510e+00 4.924458275414313191e-02
2.705221574794733463e+00 3.829596033619198092e-02
2.745888027311793156e+00 2.850252454349256823e-02
2.770486945201349194e+00 2.053124819996080333e-02
2.774355983133633075e+00 1.504910412951213777e-02
2.752832795778878960e+00 1.272306515606255219e-02
2.701255037807317905e+00 1.422010410352786067e-02
2.614960363889183625e+00 2.020719379582384609e-02
2.489286428694708508e+00 3.135130705686629826e-02
2.319570886894125383e+00 4.831941671057105731e-02
2.101151393157666192e+00 7.177849558085383497e-02
1.829365602155564652e+00 1.023955164916305199e-01
