1.185137346185511920e+00 4.423409032049735456e-01
7.620820147803789579e-01 4.051570894137017098e-01
3.858757488703206673e-01 3.866433461091048351e-01
5.395790000188831897e-02 3.855601102718773099e-01
-2.362321802783642899e-01 4.006678188827141884e-01
-4.872551404238850137e-01 4.307269089223103586e-01
-7.016716288881202912e-01 4.744978173713609859e-01
-8.820422941245181780e-01 5.307409812105606806e-01
-1.030927784586524787e+00 5.982168374206041639e-01
-1.150888748727588506e+00 6.756858229821868234e-01
-1.244485835001156060e+00 7.619083748760033803e-01
-1.314279691860674060e+00 8.556449300827485560e-01
-1.362830967759590450e+00 9.556559255831172939e-01
-1.392700311151352066e+00 1.060701798357804648e+00
-1.406448370489406186e+00 1.169542985387505452e+00
-1.406635794227200087e+00 1.280939923652914425e+00
-1.395823230818180605e+00 1.393653050134726845e+00
-1.376571328715795239e+00 1.506442801813637100e+00
-1.351440736373491269e+00 1.618069615670340466e+00
-1.322992102244715973e+00 1.727293928685532221e+00
-1.293571668494098326e+00 1.832813252403855842e+00
-1.264155099136877070e+00 1.932922851644045759e+00
-1.235178534162441277e+00 2.025759647993518708e+00
-1.207076815527921232e+00 2.109460182084232471e+00
-1.180284785190448105e+00 2.182160994548146160e+00
-1.155237285107151068e+00 2.241998626017216889e+00
-1.132369157235161738e+00 2.287109617123404881e+00
-1.112115243531609954e+00 2.315630508498667695e+00
-1.094910385953627330e+00 2.325697840774965108e+00
-1.081189426458343261e+00 2.315448154584253349e+00
-1.071282956048463353e+00 2.283587163716010338e+00
-1.064958897675305716e+00 2.231892549532641823e+00
-1.061796198057840535e+00 2.163173736457851160e+00
-1.061373664215737644e+00 2.080240911623860267e+00
-1.063270103168667990e+00 1.985904262162891953e+00
-1.067064321936301630e+00 1.882973975207167472e+00
-1.072335127538308841e+00 1.774260237888909630e+00
-1.078661326994360348e+00 1.662573237340340349e+00
-1.085621727324126651e+00 1.550723160693681324e+00
-1.092795135547278251e+00 1.441520195081155142e+00
-1.099760358683485650e+00 1.337774527634984167e+00
-1.106096203752418683e+00 1.242296345487390541e+00
-1.111381477773748516e+00 1.157895835770596626e+00
-1.115194987767145429e+00 1.087383185616823900e+00
-1.117115540752279923e+00 1.033568582158295168e+00
-1.116724106135858596e+00 9.992464989842848588e-01
-1.113876113805657209e+00 9.852169718320514802e-01
-1.108967070327431248e+00 9.883554300060339859e-01
-1.102455526657555973e+00 1.005079174490986826e+00
-1.094800033752407975e+00 1.031805506271664674e+00
-1.086459142568362735e+00 1.064951726332821869e+00
-1.077891404061796621e+00 1.100935135659212971e+00
-1.069555369189085781e+00 1.136173035235593209e+00
-1.061900753848120882e+00 1.167145785252682533e+00
-1.055125093069249953e+00 1.192133657615709108e+00
-1.049143098915927830e+00 1.211435540377158837e+00
-1.043854494698790436e+00 1.225457302075568133e+00
-1.039159003728473918e+00 1.234604811249472300e+00
-1.034956349315614421e+00 1.239283936437407307e+00
-1.031146254770848536e+00 1.239900546177908458e+00
-1.027628443404811964e+00 1.236860509009511055e+00
-1.024302638528141740e+00 1.230569693470751735e+00
-1.021068563451473565e+00 1.221433968100165135e+00
-1.017825941485443364e+00 1.209859201436287224e+00
-1.014474495940688392e+00 1.196251262017653527e+00
-1.010913950127844130e+00 1.181016018382800237e+00
-1.007044027357546945e+00 1.164559339070262656e+00
-1.002764450940433205e+00 1.147287092618575866e+00
-9.979749441871391680e-01 1.129605147566276280e+00
-9.925752304083012012e-01 1.111919372451899202e+00
-9.864650329145550067e-01 1.094635635813979713e+00
-9.795440750165378407e-01 1.078159806191054892e+00
-9.717120800248845169e-01 1.062897752121658934e+00
-9.628687712502325136e-01 1.049255342144328029e+00
-9.529138720032175325e-01 1.037638444797597703e+00
-9.417471055944760527e-01 1.028452928620003703e+00
-9.292681953346442203e-01 1.022104662150081777e+00
-9.153769186097744370e-01 1.018999332094581156e+00
-9.000133776810085307e-01 1.019407030382465829e+00
-8.832295049881557780e-01 1.023221813351942178e+00
-8.650964603023825195e-01 1.030273084302195219e+00
-8.456854033948544291e-01 1.040390246532409080e+00
-8.250674940367380694e-01 1.053402703341768554e+00
-8.033138919991990035e-01 1.069139858029457768e+00
-7.804957570534039046e-01 1.087431113894661516e+00
-7.566842489705183361e-01 1.108105874236563482e+00
-7.319505275217080831e-01 1.130993542354349346e+00
-7.063657524781395969e-01 1.155923521547202570e+00
-6.800010836109791068e-01 1.182725215114308392e+00
-6.529276806913923981e-01 1.211228026354850273e+00
-6.252167034905456999e-01 1.241261358568013895e+00
-5.969393117796046866e-01 1.272654615052982496e+00
-5.681666653297359204e-01 1.305237199108941537e+00
-5.389699239121050756e-01 1.338838514035074923e+00
-5.094202472978784924e-01 1.373287963130567224e+00
-4.795887952582220115e-01 1.408414949694603013e+00
-4.495467275643021399e-01 1.444048877026366196e+00
-4.193652039872841075e-01 1.480019148425042008e+00
-3.891153842983346434e-01 1.516155167189815245e+00
-3.588684282686195326e-01 1.552286336619868923e+00
-3.286954956693047825e-01 1.588242060014388723e+00
-2.986677462715566223e-01 1.623851740672558552e+00
-2.688563398465410592e-01 1.658944781893563203e+00
-2.393324361654240728e-01 1.693350586976586802e+00
-2.101671949993718091e-01 1.726898559220814366e+00
-1.814317761195503864e-01 1.759418101925429800e+00
-1.531973392971257286e-01 1.790738618389617454e+00
-1.255350443032638430e-01 1.820689511912562342e+00
-9.851605090913098661e-02 1.849100185793448592e+00
-7.221151888589302792e-02 1.875800043331460332e+00
-4.669260800471614070e-02 1.900618487825782799e+00
-2.203047803676638078e-02 1.923384922575600120e+00
1.703711246790287539e-03 1.943928750880096867e+00
2.443880007478773514e-02 1.962079376038456724e+00
4.610362867605986154e-02 1.977666201349865149e+00
6.662703727944079002e-02 1.990518630113506493e+00
8.593786611376383333e-02 2.000466065628564216e+00
1.039649554078639487e-01 2.007337911194224667e+00
1.206371453905745461e-01 2.010963570109669973e+00
1.358832762907296043e-01 2.011172445674086262e+00
1.496321883371630468e-01 2.007793941186657882e+00
1.618127217587088662e-01 2.000657459946568739e+00
1.723537167842008888e-01 1.989592405253002960e+00
1.811840136424732461e-01 1.974428180405146227e+00
1.882324525623597644e-01 1.954994188702182223e+00
1.934278737726943531e-01 1.931119833443295075e+00
1.966991175023110328e-01 1.902634517927669799e+00
1.979750239800437406e-01 1.869367645454490967e+00
1.971844334347263306e-01 1.831148619322942261e+00
1.942561860951928510e-01 1.787806842832208920e+00
1.891191221902772113e-01 1.739171719281475292e+00
1.818232868257882162e-01 1.685331193996592702e+00
1.733949859132563887e-01 1.628455673451563168e+00
1.653316927901069822e-01 1.571720610981791610e+00
1.591339263572102980e-01 1.518307956411643955e+00
1.563022055154367762e-01 1.471399659565488127e+00
1.583370491656566625e-01 1.434177670267689830e+00
1.667389762087403693e-01 1.409823938342615657e+00
1.830085055455582255e-01 1.401520413614632865e+00
2.086461560769805879e-01 1.412449045908107825e+00
2.451524467038777577e-01 1.445791785047407130e+00
2.923858648393457549e-01 1.501511629847958718e+00
3.412601010904191545e-01 1.562036584921603577e+00
3.825822051275092894e-01 1.609492776048018436e+00
4.155946293200786235e-01 1.642274974800504328e+00
4.410516275518222562e-01 1.661693649996432764e+00
4.597074537064355648e-01 1.669059270453178145e+00
4.723163616676133714e-01 1.665682304988112428e+00
4.796326053190512195e-01 1.652873222418610011e+00
4.824104385444442644e-01 1.631942491562043074e+00
4.814041152274875501e-01 1.604200581235785128e+00
4.773678892518763428e-01 1.570957960257209018e+00
4.710560145013057975e-01 1.533525097443688257e+00
4.632227448594712360e-01 1.493212461612595243e+00
4.546223342100675913e-01 1.451330521581303268e+00
4.460090364367902960e-01 1.409189746167185842e+00
4.381371054233342832e-01 1.368100604187614922e+00
4.317607950533950412e-01 1.329373564459964907e+00
4.276343592106676139e-01 1.294319095801608643e+00
4.264327701515995828e-01 1.264110089871942399e+00
4.282344225136394678e-01 1.238884199067706193e+00
4.328461033824673732e-01 1.218307756056789648e+00
4.400732256033881296e-01 1.202044708792087802e+00
4.497212020217064565e-01 1.189759005226496358e+00
4.615954454827266851e-01 1.181114593312909911e+00
4.755013688317540343e-01 1.175775421004225496e+00
4.912443849140928909e-01 1.173405436253337708e+00
5.086299065750475856e-01 1.173668587013142028e+00
5.274633466599238929e-01 1.176228821236534383e+00
5.475501180140258661e-01 1.180750086876409810e+00
5.686956334826582804e-01 1.186896331885664235e+00
5.907053059111259108e-01 1.194331504217193141e+00
6.133845481447330883e-01 1.202719551823891120e+00
6.365387730287852541e-01 1.211724422658655431e+00
6.599733934085865172e-01 1.221010064674379780e+00
6.834938221294418748e-01 1.230240425823960759e+00
7.069054720366559907e-01 1.239079454060293850e+00
7.300137559755335293e-01 1.247191097336274090e+00
7.526240867913790433e-01 1.254239303604796962e+00
7.745418773294976411e-01 1.259888020818758614e+00
7.955725404351937646e-01 1.263801196931054083e+00
8.155214889537720779e-01 1.265642779894578629e+00
8.341941357305375782e-01 1.265076717662228178e+00
8.513958936107944853e-01 1.261766958186897991e+00
8.669321754398477964e-01 1.255377449421483327e+00
8.806083940630026197e-01 1.245572139318880778e+00
8.922299623255631751e-01 1.232014975831984938e+00
9.016022930728341267e-01 1.214369906913691510e+00
9.085307991501204716e-01 1.192300880516895756e+00
9.128208934027266519e-01 1.165471844594493378e+00
9.142779886759576646e-01 1.133546747099380303e+00
9.127074978151180629e-01 1.096189535984451346e+00
9.079148336655125107e-01 1.053064159202603323e+00
8.997054090724458941e-01 1.003834564706729937e+00
8.878846368812228773e-01 9.481647004497274489e-01
8.722579299371481243e-01 8.857185143844915620e-01
8.526307010855261881e-01 8.161599544639174253e-01
8.288083631716619548e-01 7.391529686409006317e-01
8.005963290408603106e-01 6.543615048683369961e-01
7.678000115384253643e-01 5.614495110991215565e-01
7.302248235096625573e-01 4.600809352861502943e-01
