3.382348196587276479e-01 2.910530511433184198e-01
5.977357448732441292e-02 3.500823383870971250e-01
-1.752366548049127670e-01 4.001963428368910947e-01
-3.702127066897529795e-01 4.422224869423838078e-01
-5.285714196389648123e-01 4.769881931532595765e-01
-6.537296321243170061e-01 5.053208839192028234e-01
-7.491041826175787177e-01 5.280479816898976386e-01
-8.181119095905186045e-01 5.459969089150280563e-01
-8.641696515149051017e-01 5.599950880442782220e-01
-8.906942468625076437e-01 5.708699415273325029e-01
-9.011025341050945547e-01 5.794488918138747113e-01
-8.988113517144347142e-01 5.865593613535893258e-01
-8.872375381622970014e-01 5.930287725961601586e-01
-8.697979319204501847e-01 5.996845479912715771e-01
-8.499093714606630323e-01 6.073541099886079486e-01
-8.309886952547046457e-01 6.168648810378531966e-01
-8.162399171405974041e-01 6.289788813613849117e-01
-8.065098400700769776e-01 6.437337467929860058e-01
-8.011782039578466685e-01 6.607162763035634434e-01
-7.996026016304829120e-01 6.795064629371609932e-01
-8.011406259145638087e-01 6.996842997378233120e-01
-8.051498696366666818e-01 7.208297797495949455e-01
-8.109879256233691880e-01 7.425228960165202174e-01
-8.180123867012486505e-01 7.643436415826434516e-01
-8.255808456968827258e-01 7.858720094920091936e-01
-8.330508954368492924e-01 8.066879927886618784e-01
-8.397801546061142153e-01 8.263716037714204932e-01
-8.452525695756649693e-01 8.445969213540451825e-01
-8.493711847421140382e-01 8.613500948589360995e-01
-8.521258408614763580e-01 8.766819042526178274e-01
-8.535063786897676419e-01 8.906431295016150607e-01
-8.535026389830029370e-01 9.032845505724524937e-01
-8.521044624971975123e-01 9.146569474316544879e-01
-8.493016899883665261e-01 9.248111000457455155e-01
-8.450841622125254693e-01 9.337977883812503821e-01
-8.394417199256888340e-01 9.416677924046927828e-01
-8.323642038838727775e-01 9.484718920825983002e-01
-8.238414548430919027e-01 9.542608673814906295e-01
-8.138633135593618118e-01 9.590854982678949092e-01
-8.024196207886972187e-01 9.629965647083350566e-01
-7.895002172871138368e-01 9.660448466693360992e-01
-7.750949438106268241e-01 9.682811241174223982e-01
-7.591936411152513386e-01 9.697561770191183150e-01
-7.417861499570024275e-01 9.705207853409486551e-01
-7.228623110918956929e-01 9.706257290494376688e-01
-7.024119652759461818e-01 9.701217881111104946e-01
-6.804249532651692745e-01 9.690597424924908276e-01
-6.568911158155797958e-01 9.674903721601035844e-01
-6.318002936831935701e-01 9.654644570804734593e-01
-6.051423276240252003e-01 9.630327772201245917e-01
-5.769070583940901775e-01 9.602461125455816759e-01
-5.470843267494038820e-01 9.571552430233692954e-01
-5.156639734459812496e-01 9.538109486200118114e-01
-4.826358392398378827e-01 9.502640093020339185e-01
-4.479897648869887727e-01 9.465652050359603109e-01
-4.117155911434490778e-01 9.427653157883151280e-01
-3.738031587652342336e-01 9.389151215256229532e-01
-3.342423085083595091e-01 9.350654022144087030e-01
-2.930228811288402846e-01 9.312669378211965165e-01
-2.501347173826912185e-01 9.275705083125111994e-01
-2.055676580259276631e-01 9.240268936548767797e-01
-1.593115438145651652e-01 9.206868738148182851e-01
-1.113562155046186886e-01 9.176012287588598548e-01
-6.169151385210362021e-02 9.148207384535264053e-01
-1.030727961303537672e-02 9.123961828653424089e-01
4.280664645657138861e-02 9.103783419608318939e-01
9.766042360070074924e-02 9.088179957065197767e-01
1.542642110633380137e-01 9.077659240689309739e-01
2.126281680884675451e-01 9.072729070145892916e-01
2.727624539200746434e-01 9.073897245100196463e-01
3.346772278021433733e-01 9.081671565217462883e-01
3.983826489786584935e-01 9.096559830162941340e-01
4.638888766936057340e-01 9.119069839601873229e-01
5.312060701909692151e-01 9.149709393199506602e-01
6.003443887147338343e-01 9.188986290621086184e-01
6.713139915088843779e-01 9.237408331531855588e-01
7.441250378174053548e-01 9.295483315597061758e-01
8.187876868842817180e-01 9.363719042481948307e-01
8.953120979534986423e-01 9.442623311851763290e-01
9.737084302690399706e-01 9.532703923371749211e-01
1.053986843074891322e+00 9.634468676707151902e-01
1.136157495615036872e+00 9.748425371523217198e-01
1.220230547133462018e+00 9.875081807485192043e-01
1.306216156874151046e+00 1.001494578425831783e+00
1.392858070760229383e+00 1.016640129716542162e+00
1.469369289727385564e+00 1.031184906240755650e+00
1.520623200043750733e+00 1.042641216231728674e+00
1.531471219988982835e+00 1.048517683840392678e+00
1.487400121777551432e+00 1.046420426477741694e+00
1.391332497884187891e+00 1.036631038742988231e+00
1.265355984650380350e+00 1.022371936883615051e+00
1.132410242905433240e+00 1.006997325035484225e+00
1.006973447111595865e+00 9.926310979112032973e-01
8.900186325114083363e-01 9.794334881286126393e-01
7.813103133756881258e-01 9.673890080271972947e-01
6.806130039752531502e-01 9.564821699464429727e-01
5.876912185809225475e-01 9.466974862258353829e-01
5.023094714635133462e-01 9.380194692048604566e-01
4.242322768938441291e-01 9.304326312230032370e-01
3.532241491427333679e-01 9.239214846197494335e-01
2.890496024809993680e-01 9.184705417345848666e-01
2.314731511794601293e-01 9.140643149069949125e-01
1.802593095089341790e-01 9.106873164764657247e-01
1.351725917402395172e-01 9.083240587824823464e-01
9.597751214419450450e-02 9.069590541645303761e-01
6.243858499161740461e-02 9.065768149620957450e-01
3.432032455332630766e-02 9.071618535146641626e-01
1.138724510013965074e-02 9.086986821617207832e-01
-6.596139097124517625e-03 9.111718132427516492e-01
-1.986531376764780546e-02 9.145657590972419149e-01
-2.865576464061209486e-02 9.188650320646776226e-01
-3.320297744519907363e-02 9.240541444845442598e-01
-3.374243791059056835e-02 9.301176086963274248e-01
-3.050963176596827725e-02 9.370399370395128269e-01
-2.374004474051398875e-02 9.448056418535855094e-01
-1.366916256340945136e-02 9.533992354780317369e-01
-5.324709638367779163e-04 9.628052302523368855e-01
1.543454432902283645e-02 9.730081385159866647e-01
3.396924124247489157e-02 9.840012827584659894e-01
5.428475322010013759e-02 9.959480560950318973e-01
7.512034330565486862e-02 1.009165586229721745e+00
9.519822122277719900e-02 1.023976533360596353e+00
1.132405966951055831e-01 1.040703557685717762e+00
1.279696794462782394e-01 1.059669319403147458e+00
1.381076791999333586e-01 1.081196478710946929e+00
1.423768056797093673e-01 1.105607695807177882e+00
1.394992686092443590e-01 1.133225630889901581e+00
1.281972777121767326e-01 1.164372944157179735e+00
1.071930427121447899e-01 1.199372295807073829e+00
7.520877333278666588e-02 1.238546346037646018e+00
3.096667929774082895e-02 1.282217755046957119e+00
-2.681102966935458576e-02 1.330709183033068843e+00
-9.940214384486137367e-02 1.384343290194043341e+00
-1.872840583592784436e-01 1.443004761103711564e+00
-2.858119890459090429e-01 1.503775427661571573e+00
-3.883227628750368643e-01 1.562632660893276348e+00
-4.881483212641836711e-01 1.615551158453669478e+00
-5.786206056308702550e-01 1.658505617997591663e+00
-6.530715573926183515e-01 1.687470737179886715e+00
-7.052189045014446434e-01 1.698689898214851057e+00
-7.350330723251725651e-01 1.692761231604646754e+00
-7.475558810473046378e-01 1.673814887141993779e+00
-7.479754246997619704e-01 1.646082888378821885e+00
-7.414797973144644505e-01 1.613797258867061934e+00
-7.330361913249677785e-01 1.581009734661137811e+00
-7.247200702660244742e-01 1.549411984842236967e+00
-7.165750632150788002e-01 1.519037409142801609e+00
-7.086026194571656278e-01 1.489884982513943745e+00
-7.008041882773196063e-01 1.461953679906774717e+00
-6.931812189605756069e-01 1.435242476272407863e+00
-6.857351607919678349e-01 1.409750346561953860e+00
-6.784674630565317166e-01 1.385476265726526490e+00
-6.713795750393014572e-01 1.362419208717236874e+00
-6.644729460253119280e-01 1.340578150485197240e+00
-6.577490252995978892e-01 1.319952065981520262e+00
-6.512092621471938791e-01 1.300539930157317281e+00
-6.448551058531349911e-01 1.282340717963701415e+00
-6.386880057024553192e-01 1.265353404351784006e+00
-6.327094109801901789e-01 1.249576964272677504e+00
-6.269207709713739973e-01 1.235010372677494139e+00
-6.213235349610416458e-01 1.221652604517346363e+00
-6.159191522342275515e-01 1.209502634743344851e+00
-6.107090720759666969e-01 1.198559438306604052e+00
-6.056947437712936200e-01 1.188821990158234199e+00
-6.008776166052430812e-01 1.180289265249348407e+00
-5.962591398628498407e-01 1.172960238531058463e+00
-5.918407628291487699e-01 1.166833884954476819e+00
-5.876239347891742959e-01 1.161909179470715259e+00
-5.836101050279611790e-01 1.158185097030886235e+00
-5.798010775292289365e-01 1.155659894143563182e+00
-5.762071450298537068e-01 1.154314633339361684e+00
-5.728472769013880361e-01 1.154112802616733102e+00
-5.697408347960190023e-01 1.155017095409315075e+00
-5.669071803659331277e-01 1.156990205150745243e+00
-5.643656752633172680e-01 1.159994825274661023e+00
-5.621356811403580567e-01 1.163993649214700055e+00
-5.602365596492421274e-01 1.168949370404499755e+00
-5.586876724421566687e-01 1.174824682277698207e+00
-5.575083811712877591e-01 1.181582278267932162e+00
-5.567180474888224762e-01 1.189184851808839705e+00
-5.563360330469476756e-01 1.197595096334058473e+00
-5.563816994978498798e-01 1.206775705277225441e+00
-5.568744084937160554e-01 1.216689372071978914e+00
-5.578335216867327251e-01 1.227298790151956087e+00
-5.592784007290866333e-01 1.238566652950794156e+00
-5.612284072729645246e-01 1.250455653902131425e+00
-5.637029029705531435e-01 1.262928486439604869e+00
-5.667212494740392348e-01 1.275947843996852127e+00
-5.703028084356095428e-01 1.289476420007510837e+00
-5.744669415074509233e-01 1.303476907905219084e+00
-5.792330103417498988e-01 1.317912001123613619e+00
-5.846203765906931027e-01 1.332744393096332081e+00
-5.906484019064675017e-01 1.347936777257012109e+00
-5.973364479412598405e-01 1.363451847039291787e+00
-6.047038763472567524e-01 1.379252295876808310e+00
-6.127700487766450932e-01 1.395300817203199317e+00
-6.215543268816114963e-01 1.411560104452102227e+00
-6.310760723143427064e-01 1.427992851057154677e+00
-6.413546467270252460e-01 1.444561750451993420e+00
-6.524094117718463037e-01 1.461229496070257650e+00
-6.642597291009921801e-01 1.477958781345583672e+00
