-1.362680485776165629e+00 4.575818476034241439e-02
-1.256530110158904590e+00 8.503094201435504318e-02
-1.151541818931439254e+00 1.267672364601505341e-01
-1.047821859884221718e+00 1.708007532249668781e-01
-9.454764808077034122e-01 2.169651774360421004e-01
-8.446119294923344345e-01 2.650941942206141433e-01
-7.453344537285672144e-01 3.150214887059210045e-01
-6.477503013068526272e-01 3.665807460192007650e-01
-5.519657200176418810e-01 4.196056512876912836e-01
-4.580869576513870722e-01 4.739298896386306970e-01
-3.662202619985384100e-01 5.293871461992569749e-01
-2.764718808495476021e-01 5.858111060968078654e-01
-1.889480619948662732e-01 6.430354544585216159e-01
-1.037550532249450902e-01 7.008938764116362519e-01
-2.099910233023600040e-02 7.592200570833897988e-01
5.921354289880959021e-02 8.178476816010196160e-01
1.367766346717412540e-01 8.766104350917647281e-01
2.115839251981069258e-01 9.353420026828626055e-01
2.835291666874553695e-01 9.938760695015512736e-01
3.525061113493357379e-01 1.052046320675068758e+00
4.184085113932962119e-01 1.109686441330652862e+00
4.811301190288857499e-01 1.166630116595541944e+00
5.405646864656531436e-01 1.222711031596973585e+00
5.966059659131466297e-01 1.277762871462186034e+00
6.491477095809150555e-01 1.331619321318416871e+00
6.980836696785078788e-01 1.384114066292905232e+00
7.433075984154730032e-01 1.435080791512888032e+00
7.847132480013591094e-01 1.484353182105603519e+00
8.221943706457149892e-01 1.531764923198289274e+00
8.556447185580896564e-01 1.577149699918184433e+00
8.849580439480312366e-01 1.620341197392525689e+00
9.100280990250895208e-01 1.661173100748552622e+00
9.307486359988117464e-01 1.699479095113501481e+00
9.470134070787478153e-01 1.735092865614611846e+00
9.587161644744455202e-01 1.767848097379120409e+00
9.657506603954537638e-01 1.797578475534265197e+00
9.680106470513218930e-01 1.824117685207285344e+00
9.653898766515979224e-01 1.847299411525417989e+00
9.577821014058307547e-01 1.866957339615901379e+00
9.450810735235692928e-01 1.882925154605973317e+00
9.271805452143617732e-01 1.895036541622872273e+00
9.039742686877572098e-01 1.903125185793835605e+00
8.753559961533046163e-01 1.907024772246102007e+00
8.412201007301518541e-01 1.906573859841393048e+00
8.014851391444755002e-01 1.901800832948242981e+00
7.561011099739602948e-01 1.892980873916607854e+00
7.050201157749916847e-01 1.880405679953911502e+00
6.481942591039546731e-01 1.864366948267576207e+00
5.855756425172345958e-01 1.845156376065024695e+00
5.171163685712160119e-01 1.823065660553679246e+00
4.427685398222840352e-01 1.798386498940962586e+00
3.624848223644285827e-01 1.771410535168300493e+00
2.764309359270433752e-01 1.742409275187809303e+00
1.853051195695528952e-01 1.711603890825387886e+00
8.988744961686011281e-02 1.679207818587262535e+00
-9.041997606132315748e-03 1.645434494979659323e+00
-1.107031457745214220e-01 1.610497356508803657e+00
-2.143159185634044561e-01 1.574609839680922496e+00
-3.191002396478774261e-01 1.537985381002242136e+00
-4.242760327030400958e-01 1.500837416978987315e+00
-5.290632214039878711e-01 1.463379384117385440e+00
-6.326817294258189062e-01 1.425824718923661694e+00
-7.343514804436295229e-01 1.388386857904042593e+00
-8.332923981325170981e-01 1.351279237564754876e+00
-9.287244061675793416e-01 1.314715294412023283e+00
-1.019867428223912853e+00 1.278908464952074775e+00
-1.105941387976614898e+00 1.244072185691135424e+00
-1.186166209100783187e+00 1.210419893135431302e+00
-1.259800648294527425e+00 1.178155710635993669e+00
-1.326656809491017830e+00 1.147351054680554538e+00
-1.386959022690426702e+00 1.117978479370162148e+00
-1.440941457542368909e+00 1.090008179005489852e+00
-1.488838283696463538e+00 1.063410347887208118e+00
-1.530883670802324570e+00 1.038155180315989856e+00
-1.567311788509570425e+00 1.014212870592506643e+00
-1.598356806467816638e+00 9.915536130174311680e-01
-1.624252894326680074e+00 9.701476018914348964e-01
-1.645234221735776936e+00 9.499650315151899616e-01
-1.661534958344724755e+00 9.309760961893684961e-01
-1.673389273803138844e+00 9.131509902146425217e-01
-1.681031337760636513e+00 8.964599078916839492e-01
-1.684695319866833962e+00 8.808730435211651333e-01
-1.684615389771348060e+00 8.663605914037575406e-01
-1.681025717123795005e+00 8.528927458401338590e-01
-1.674160471573791220e+00 8.404397011309656662e-01
-1.664253822770954239e+00 8.289716515769250949e-01
-1.651539940364899373e+00 8.184587914786841667e-01
-1.636252994005244155e+00 8.088713151369150145e-01
-1.618627153341603897e+00 8.001794168522894379e-01
-1.598896588023596133e+00 7.923532909254796808e-01
-1.577295467700837950e+00 7.853631316571578758e-01
-1.554057962022944661e+00 7.791791333479957116e-01
-1.529418240639533133e+00 7.737714902986653209e-01
-1.503610473200220454e+00 7.691103968098391697e-01
-1.476868829354622159e+00 7.651660471821885023e-01
-1.449427478752356224e+00 7.619086357163860068e-01
-1.421520591043038184e+00 7.593083567131034828e-01
-1.393382335876284461e+00 7.573354044730128409e-01
-1.365246882901712366e+00 7.559599732967863250e-01
-1.337348401768937878e+00 7.551522574850959568e-01
-1.309921062127577640e+00 7.548824513386135360e-01
-1.283199033627248298e+00 7.551207491580111952e-01
-1.257416485917566495e+00 7.558373452439611784e-01
-1.232807588648148434e+00 7.570024338971351741e-01
-1.209606511468610757e+00 7.585862094182055371e-01
-1.188047424028570553e+00 7.605588661078440671e-01
-1.168364495977643802e+00 7.628905982667230079e-01
-1.150791896965447147e+00 7.655516001955141592e-01
-1.135563796641597012e+00 7.685120661948894316e-01
-1.122914364655710484e+00 7.717421905655211800e-01
-1.113077770657403542e+00 7.752121676080814261e-01
-1.106288184296293053e+00 7.788921916232420806e-01
-1.102779775221995218e+00 7.827524569116752762e-01
-1.102786661409924207e+00 7.867631616785148996e-01
-1.106423633956779007e+00 7.909035203741267006e-01
-1.113431449892949399e+00 7.951810091691440263e-01
-1.123477774711043153e+00 7.996086269733851948e-01
-1.136230273903671151e+00 8.041993726966700784e-01
-1.151356612963441384e+00 8.089662452488166622e-01
-1.168524457382962733e+00 8.139222435396441524e-01
-1.187401472654844747e+00 8.190803664789712002e-01
-1.207655324271696307e+00 8.244536129766167898e-01
-1.228953677726125626e+00 8.300549819423993503e-01
-1.250964198510743142e+00 8.358974722861383100e-01
-1.273354552118156624e+00 8.419940829176522090e-01
-1.295792404040975621e+00 8.483578127467598096e-01
-1.317945419771809235e+00 8.550016606832802069e-01
-1.339481264803266347e+00 8.619386256370318300e-01
-1.360067604627955618e+00 8.691817065178338853e-01
-1.379372104738486815e+00 8.767439022355051348e-01
-1.397062430627468377e+00 8.846382116998641187e-01
-1.412806247787509628e+00 8.928776338207301544e-01
-1.426271221711219228e+00 9.014751675079215598e-01
-1.437125017891206724e+00 9.104438116712576523e-01
-1.445035301820080109e+00 9.197965652205567499e-01
-1.449669738990449597e+00 9.295464270656380590e-01
-1.450695994894924068e+00 9.397063961163206747e-01
-1.447781735026111516e+00 9.502894712824228041e-01
-1.440594624876621932e+00 9.613086514737635424e-01
-1.428802329939063975e+00 9.727769356001618739e-01
-1.412085711191682691e+00 9.847060302390318043e-01
-1.390497978764855702e+00 9.970711750359624315e-01
-1.364507508546419778e+00 1.009806949354959293e+00
-1.334604467046981657e+00 1.022845798441685217e+00
-1.301279020777147855e+00 1.036120167541803472e+00
-1.265021336247525552e+00 1.049562501900977551e+00
-1.226321579968721709e+00 1.063105246764870948e+00
-1.185669918451342397e+00 1.076680847379146932e+00
-1.143556518205995021e+00 1.090221748989468997e+00
-1.100471545743286317e+00 1.103660396841500191e+00
-1.056905167573822357e+00 1.116929236180904006e+00
-1.013347550208210324e+00 1.129960712253344157e+00
-9.702888601570571758e-01 1.142687270304483471e+00
-9.282192639309694293e-01 1.155041355579985662e+00
-8.876289280405537108e-01 1.166955413325513780e+00
-8.490047479672147013e-01 1.178362455639782702e+00
-8.126101594209130807e-01 1.189234219085696376e+00
-7.783456194676265927e-01 1.199605342615300829e+00
-7.460783350336671615e-01 1.209516227264055388e+00
-7.156755130453463787e-01 1.219007274067420710e+00
-6.870043604289753914e-01 1.228118884060856342e+00
-6.599320841108661240e-01 1.236891458279822720e+00
-6.343258910173299459e-01 1.245365397759778947e+00
-6.100529880746786704e-01 1.253581103536185681e+00
-5.869805822092236669e-01 1.261578976644502914e+00
-5.649758803472766377e-01 1.269399418120190193e+00
-5.439060894151491743e-01 1.277082828998707953e+00
-5.236384163391530899e-01 1.284669610315515520e+00
-5.040400680455994209e-01 1.292200163106073552e+00
-4.849782514607997586e-01 1.299714888405841373e+00
-4.663201735110660273e-01 1.307254187250279642e+00
-4.479330411227094300e-01 1.314858460674847684e+00
-4.296840612220421129e-01 1.322568109715006379e+00
-4.114404407353752235e-01 1.330423535406214386e+00
-3.930693865890204641e-01 1.338465138783932806e+00
-3.744381057092893705e-01 1.346733320883620966e+00
-3.554138050224935341e-01 1.355268482740738856e+00
-3.358636914549446573e-01 1.364111025390747134e+00
-3.156549719329540538e-01 1.373301349869104904e+00
-2.946548533828334260e-01 1.382879857211272379e+00
-2.727305427308944763e-01 1.392886948452709994e+00
-2.497492469034486573e-01 1.403363024628877076e+00
-2.255781728268075048e-01 1.414348486775234059e+00
-2.000845274272826935e-01 1.425883735927240714e+00
-1.731355176311856758e-01 1.438009173120356810e+00
-1.445983503648282098e-01 1.450765199390042337e+00
-1.143402325545218035e-01 1.464192215771757732e+00
-8.222837112657789549e-02 1.478330623300962987e+00
-4.812997300730822992e-02 1.493220823013117204e+00
-1.191224512302434951e-02 1.508903215943681486e+00
2.655760559996227579e-02 1.525418203128114714e+00
6.741237223533994016e-02 1.542806185601877544e+00
1.107848478567960981e-01 1.561107564400429304e+00
1.568078255380212505e-01 1.580362740559231094e+00
2.056140983527025845e-01 1.600612115113741796e+00
2.573364593745288142e-01 1.621896089099421845e+00
3.121077016771882651e-01 1.644255063551731677e+00
3.700606183343693179e-01 1.667729439506130173e+00
4.313280024197603257e-01 1.692359617998077770e+00
4.960426470070499194e-01 1.718186000063034902e+00
5.643373451699263965e-01 1.745248986736460894e+00
