1.805941508306502907e+00 -1.624541690928213766e+00
1.565198695255656025e+00 -1.481468702676962401e+00
1.346031341240132795e+00 -1.348424212244772269e+00
1.147392809313367845e+00 -1.224972483372114951e+00
9.682364625287986915e-01 -1.110677779799463805e+00
8.075156639398589631e-01 -1.005104365267288635e+00
6.641837765999853982e-01 -9.078165035160628005e-01
5.371941635626136247e-01 -8.183784582862579926e-01
4.255001878811797700e-01 -7.363544933183466812e-01
3.280552126091197951e-01 -6.613088723528008916e-01
2.438126007998688560e-01 -5.928058591300922053e-01
1.717257155068630248e-01 -5.304097173906929807e-01
1.107479197835382900e-01 -4.736847108750754654e-01
5.983257668333016172e-02 -4.221951033237114626e-01
1.793304925967443078e-02 -3.755051584770729423e-01
-1.599729943399300428e-02 -3.331791400756321520e-01
-4.300510634423632822e-02 -2.947813118598611171e-01
-6.413700841761980909e-02 -2.598759375702318630e-01
-8.043964260070753103e-02 -2.280272809472166373e-01
-9.295964584006395637e-02 -1.987996057312871323e-01
-1.027436550822530825e-01 -1.717571756629155677e-01
-1.108383072738391983e-01 -1.464642544825741632e-01
-1.182902393613865233e-01 -1.224851059307347917e-01
-1.261460882914592074e-01 -9.938399374786954787e-02
-1.354524910106215396e-01 -7.672518167445056825e-02
-1.472560844654377255e-01 -5.407293345094977416e-02
-1.626035056024719427e-01 -3.099151281783929859e-02
-1.825413913682884248e-01 -7.045183515591219893e-03
-2.081163787094513495e-01 1.820179071532241483e-02
-2.403751045725248114e-01 4.518514613442945610e-02
-2.803642059040732382e-01 7.434061900125805977e-02
-3.291303196506608075e-01 1.061039455753360616e-01
-3.872175487666959515e-01 1.421517321127280797e-01
-4.504518509138322191e-01 1.940871910444952053e-01
-5.142271684857591119e-01 2.623035304600215278e-01
-5.749889111346756509e-01 3.392706900228326661e-01
-6.291868952828785222e-01 4.174261410794210536e-01
-6.732709373526656327e-01 4.892073549762803730e-01
-7.040079857884669057e-01 5.476463090638558073e-01
-7.211494782155848382e-01 5.913698011866722615e-01
-7.260840887151467360e-01 6.220738459032624235e-01
-7.202173291057635263e-01 6.414860223425210561e-01
-7.049547112060459142e-01 6.513339096333424783e-01
-6.817017468346049380e-01 6.533450869046220078e-01
-6.518639478100503037e-01 6.492471332852534083e-01
-6.168468259509932716e-01 6.407676279041312206e-01
-5.780558930760449909e-01 6.296341498901508738e-01
-5.368908370003113717e-01 6.175666286717202969e-01
-4.943135528778310195e-01 6.057099626475148657e-01
-4.505509943173322540e-01 5.942437206637193325e-01
-4.057598144510951022e-01 5.832551334371752771e-01
-3.600966664113997018e-01 5.728314316847245014e-01
-3.137182033305261353e-01 5.630598461232089180e-01
-2.667810783407542075e-01 5.540276074694697739e-01
-2.194419445743637231e-01 5.458219464403492038e-01
-1.718574551636347369e-01 5.385300937526884546e-01
-1.241842632408470676e-01 5.322392801233293280e-01
-7.657902193828082515e-02 5.270367362691132929e-01
-2.919838438821631410e-02 5.230096929068827061e-01
1.780099627706758017e-02 5.202453807534784813e-01
6.426246692529039017e-02 5.188310305257425314e-01
1.100293744241721272e-01 5.188538729405165473e-01
1.549450656414330385e-01 5.204011387146422196e-01
1.988528874447929307e-01 5.235600585649611283e-01
2.415961867019721654e-01 5.284178632083150751e-01
2.830183102806905771e-01 5.350617833615456398e-01
3.229626050486682498e-01 5.435790497414942912e-01
3.612724178736255176e-01 5.540568930650030532e-01
3.977910956232821871e-01 5.665825440489133946e-01
4.323619851653585089e-01 5.812432334100671172e-01
4.648284333675744007e-01 5.981261918653055787e-01
4.950337870976497801e-01 6.173186501314705810e-01
5.228213932233050087e-01 6.389078389254038148e-01
5.480345986122603374e-01 6.629809889639471931e-01
5.705167501322355728e-01 6.896253309639421847e-01
5.901111946509508543e-01 7.189280956422303692e-01
6.066612790361260998e-01 7.509765137156534376e-01
6.200103501554816710e-01 7.858578159010530806e-01
6.300017548767372633e-01 8.236592329152712111e-01
6.364788400676134605e-01 8.644679954751490758e-01
6.392849525958295143e-01 9.083713342975283656e-01
6.382634393291063413e-01 9.554564800992509932e-01
6.332576471351638592e-01 1.005810663597158650e+00
6.241109228817216525e-01 1.059521115508092803e+00
6.106666134365004162e-01 1.116675066548894701e+00
5.927680656672199566e-01 1.177359747436407034e+00
5.702586264416000805e-01 1.241662388887470714e+00
5.430249331538679058e-01 1.309628023961362020e+00
5.115232059352020633e-01 1.380746482091325777e+00
4.766113015371383210e-01 1.454116095403013231e+00
4.391554875951871328e-01 1.528826997470787985e+00
4.000220317448590079e-01 1.603969321869014530e+00
3.600772016216641225e-01 1.678633202172056471e+00
3.201872648611131522e-01 1.751908771954278077e+00
2.812184890987164398e-01 1.822886164790043839e+00
2.440371419699843836e-01 1.890655514253718250e+00
2.095094911104278534e-01 1.954306953919664691e+00
1.785018041555563872e-01 2.012930617362248320e+00
1.518803487408807995e-01 2.065616638155832963e+00
1.305113925019115440e-01 2.111455149874782666e+00
1.152612030741590604e-01 2.149536286093461701e+00
1.068731263283645427e-01 2.179076322430062884e+00
1.051405113107092004e-01 2.200266419148361852e+00
1.094141047126375721e-01 2.213751934072139882e+00
1.190421788168440076e-01 2.220180764257981387e+00
1.333730059060229678e-01 2.220200806762469004e+00
1.517548582628688580e-01 2.214459958642186255e+00
1.735360081700760837e-01 2.203606116953717109e+00
1.980647279103389669e-01 2.188287178753643314e+00
2.246892897663520794e-01 2.169151041098549726e+00
2.527579660208096879e-01 2.146845601045019425e+00
2.816337637603676947e-01 2.122006218721130377e+00
3.109726505610597713e-01 2.095018992390348611e+00
3.407000995352089667e-01 2.066040714812719781e+00
3.707516173657504632e-01 2.035219641806927271e+00
4.010627107356191656e-01 2.002704029191654911e+00
4.315688863277495901e-01 1.968642132785586529e+00
4.622056508250780849e-01 1.933182208407403291e+00
4.929085109105388884e-01 1.896472511875789468e+00
5.236129732670673498e-01 1.858661299009428225e+00
5.542545445775983737e-01 1.819896825627003167e+00
5.847687315250671425e-01 1.780327347547197014e+00
6.150910407924085055e-01 1.740101120588693151e+00
6.451569790625576450e-01 1.699366400570174740e+00
6.749020530184497435e-01 1.658271443310325166e+00
7.042617693430197612e-01 1.616964504627827814e+00
7.331716347192025474e-01 1.575593840341365404e+00
7.615671558299333954e-01 1.534307706269621097e+00
7.893838393581475987e-01 1.493254358231279166e+00
8.165571919867796735e-01 1.452582052045021666e+00
8.430227203987652462e-01 1.412439043529532423e+00
8.687159312770389441e-01 1.372973588503494602e+00
8.935723313045359495e-01 1.334333942785590699e+00
9.175274271641915558e-01 1.296668362194505209e+00
9.405167255389403902e-01 1.260125102548920406e+00
9.624757331117179682e-01 1.224852419667520120e+00
9.833399565654592500e-01 1.190998569368987070e+00
1.003044902583098974e+00 1.158711807472004640e+00
1.021527276616319480e+00 1.128137994121361842e+00
1.038761323510730694e+00 1.099347969032541839e+00
1.054765375579762354e+00 1.072324465523538661e+00
1.069560284142552664e+00 1.047045182816963571e+00
1.083166900518240938e+00 1.023487820135426274e+00
1.095606076025965381e+00 1.001630076701538030e+00
1.106898661984864418e+00 9.814496517379093232e-01
1.117065509714075811e+00 9.629242444671505252e-01
1.126127470532739538e+00 9.460315541118730076e-01
1.134105395759992918e+00 9.307492798946872536e-01
1.141020136714974820e+00 9.170551210382036356e-01
1.146892544716823670e+00 9.049267767650334138e-01
1.151743471084677894e+00 8.943419462977866274e-01
1.155593767137676142e+00 8.852783288590743149e-01
1.158464284194956617e+00 8.777136236715071815e-01
1.160375873575658412e+00 8.716255299576957105e-01
1.161349386598919065e+00 8.669917469402508292e-01
1.161405674583877889e+00 8.637899738417830209e-01
1.160565588849672869e+00 8.619979098849032129e-01
1.158849980715443095e+00 8.615932542922218884e-01
1.156279701500326107e+00 8.625537062863498639e-01
1.152875602523461440e+00 8.648569650898978445e-01
1.148658535103986855e+00 8.684807299254763135e-01
1.143649350561041000e+00 8.734027000156960874e-01
1.137868900213762524e+00 8.796005745831678713e-01
1.131338035381289853e+00 8.870520528505023705e-01
1.124077607382761412e+00 8.957348340403102904e-01
1.116108467537315851e+00 9.056266173752023363e-01
1.107451467164090930e+00 9.167051020777887693e-01
1.098127457582226629e+00 9.289479873706807389e-01
1.088157290110859821e+00 9.423329724764888393e-01
1.077561816069129819e+00 9.568377566178237759e-01
1.066361886776175272e+00 9.724400390172964759e-01
1.054578353551134162e+00 9.891175188975170895e-01
1.042232243035547512e+00 1.006847312505598113e+00
1.029358954715915653e+00 1.025558744041924264e+00
1.016018720012813237e+00 1.045098567488039087e+00
1.002274235606512853e+00 1.065305339436103171e+00
9.881881981772864254e-01 1.086017616478276659e+00
9.738233044054069865e-01 1.107073955206721028e+00
9.592422509711462375e-01 1.128312912213595531e+00
9.445077345547776559e-01 1.149573044091062313e+00
9.296824518365729428e-01 1.170692907431281071e+00
9.148290994968045764e-01 1.191511058826412395e+00
9.000103742157451459e-01 1.211866054868617093e+00
8.852889726736671294e-01 1.231596452150055976e+00
8.707275915508428943e-01 1.250540807262888965e+00
8.563889275275450297e-01 1.268537676799277092e+00
8.423356772840457918e-01 1.285425617351381167e+00
8.286305375006175478e-01 1.301043185511361333e+00
8.153362048575331089e-01 1.315228937871378623e+00
8.025153760350646204e-01 1.327821431023592957e+00
7.902307477134846714e-01 1.338659221560165591e+00
7.785450165730654071e-01 1.347580866073256667e+00
7.675208792940797498e-01 1.354424921155026995e+00
7.572210325567998446e-01 1.359029943397637163e+00
7.477081730414979477e-01 1.361234489393247760e+00
7.390449974284468704e-01 1.360877115734019371e+00
7.312942023979187578e-01 1.357796379012112586e+00
7.245184846301863102e-01 1.351830835819687993e+00
7.187805408055217837e-01 1.342819042748906178e+00
7.141430676041977677e-01 1.330599556391927507e+00
7.106687617064865181e-01 1.315010933340912791e+00
