4.127377675783114319e-02 1.753556890103973975e+00
1.056129344542710291e-01 1.649114387913793278e+00
1.636094756136789174e-01 1.553188560627635662e+00
2.155400255008390331e-01 1.465420905191337386e+00
2.616812093805356843e-01 1.385452918550736490e+00
3.023096525175528182e-01 1.312926097651666568e+00
3.377019801766747986e-01 1.247481939439965881e+00
3.681348176226857949e-01 1.188761940861469801e+00
3.938847901203699209e-01 1.136407598862015034e+00
4.152285229345114570e-01 1.090060410387438949e+00
4.324426413298945171e-01 1.049361872383576255e+00
4.458037705713034371e-01 1.013953481796264100e+00
4.555885359235222198e-01 9.834767355713388559e-01
4.620735626513351457e-01 9.575731306546364507e-01
4.655354760195264952e-01 9.358841639919938116e-01
4.662509012928802710e-01 9.180513325292470883e-01
4.644964637361808091e-01 9.037161332122325419e-01
4.605487886142122234e-01 8.925200629867863222e-01
4.546845011917589052e-01 8.841046187987453564e-01
4.471802267336046355e-01 8.781112975939455723e-01
4.383125905045339166e-01 8.741815963182232307e-01
4.283582177693309734e-01 8.719570119174150369e-01
4.175937337927798088e-01 8.710790413373569185e-01
4.062957638396647586e-01 8.711891815238858028e-01
3.947409331747701589e-01 8.719289294228379505e-01
3.832058670628797903e-01 8.729397819800491787e-01
3.719671907687779333e-01 8.738632361413558591e-01
3.613015295572491459e-01 8.743407888525951410e-01
3.514855086930772643e-01 8.740139370596027302e-01
3.427957534410467355e-01 8.725241777082151096e-01
3.355088890659415068e-01 8.695130077442685401e-01
3.299015408325458587e-01 8.646219241135996159e-01
3.262503340056440715e-01 8.574924237620445977e-01
3.248318938500202591e-01 8.477660036354396356e-01
3.259228456304585353e-01 8.350841606796213235e-01
3.297998146117432916e-01 8.190883918404257003e-01
3.367394260586585308e-01 7.994201940636896930e-01
3.470183052359885889e-01 7.757210642952493407e-01
3.609130774085175242e-01 7.476324994809406821e-01
3.787003678410297280e-01 7.147959965666005333e-01
4.005899917422086620e-01 6.768941141395063976e-01
4.257152028081911954e-01 6.342710684085223205e-01
4.523393438896213259e-01 5.878057251443946640e-01
4.787008673640200107e-01 5.383922478700687853e-01
5.032575653035474827e-01 4.868383507404335231e-01
5.256672583749139038e-01 4.334787750915744531e-01
5.459960866494311116e-01 3.784873294446059466e-01
5.643105304592070937e-01 3.220376882120818407e-01
5.806770701363496157e-01 2.643035258065559168e-01
5.951621860129669983e-01 2.054585166405812902e-01
6.078323584211665631e-01 1.456763351267118256e-01
6.187540676930566308e-01 8.513065567750131846e-02
6.279937941607447449e-01 2.399515270550345303e-02
6.356180181563388931e-01 -3.755649937672825289e-02
6.416932200119469520e-01 -9.935062615664005947e-02
6.462858800596767983e-01 -1.612135532216784350e-01
6.494624786316359755e-01 -2.229716061592895426e-01
6.512894960599331373e-01 -2.844511105569197396e-01
6.518334126766753833e-01 -3.454783920020149113e-01
6.511607088139709232e-01 -4.058797760820225253e-01
6.493378648039276335e-01 -4.654815883843882451e-01
6.464313609786530579e-01 -5.241101544965586223e-01
6.425076776702555170e-01 -5.815918000059797643e-01
6.376332952108427765e-01 -6.377528505000982229e-01
6.318746939325224909e-01 -6.924196315663599943e-01
6.252983541674027590e-01 -7.454184687922119634e-01
6.179707562475911242e-01 -7.965756877651000156e-01
6.099583805051957963e-01 -8.457176140724708135e-01
6.013277072723246519e-01 -8.926705733017704647e-01
5.921452168810854566e-01 -9.372608910404452986e-01
5.824773896635857540e-01 -9.793148928759416449e-01
5.723907059519340867e-01 -1.018658904395705722e+00
5.619516460782376654e-01 -1.055119251187184526e+00
5.512266903746048108e-01 -1.088522258837824053e+00
5.402823191731430663e-01 -1.118694252935070299e+00
5.291850128059607528e-01 -1.145461559066370372e+00
5.180012516051651916e-01 -1.168650502819169601e+00
5.067975159028645926e-01 -1.188087409780915094e+00
4.956339174831009831e-01 -1.203637448681939670e+00
4.845309343344464392e-01 -1.215407523286162972e+00
4.734938224590983791e-01 -1.223597379522734618e+00
4.625278063727552569e-01 -1.228406955363722020e+00
4.516381105911155824e-01 -1.230036188781193252e+00
4.408299596298777545e-01 -1.228685017747215724e+00
4.301085780047410601e-01 -1.224553380233858624e+00
4.194791902314035092e-01 -1.217841214213188916e+00
4.089470208255637229e-01 -1.208748457657274011e+00
3.985172943029202108e-01 -1.197475048538182429e+00
3.881952351791719269e-01 -1.184220924827982468e+00
3.779860679700171588e-01 -1.169186024498740872e+00
3.678950171911546940e-01 -1.152570285522526605e+00
3.579273073582829312e-01 -1.134573645871406855e+00
3.480881629871006577e-01 -1.115396043517450142e+00
3.383828085933063834e-01 -1.095237416432723876e+00
3.288164686925985070e-01 -1.074297702589295689e+00
3.193943678006760378e-01 -1.052776839959234545e+00
3.101217304332373192e-01 -1.030874766514607410e+00
3.010037811059807500e-01 -1.008791420227481916e+00
2.920457443346051174e-01 -9.867267390699265839e-01
2.832528446348090423e-01 -9.648806610140091555e-01
2.746303065222911455e-01 -9.434531240317975964e-01
2.661833545127498812e-01 -9.226440660953596495e-01
2.579172131218839259e-01 -9.026534251767632799e-01
2.498371068653917615e-01 -8.836811392480758975e-01
2.419482602589722309e-01 -8.659271462813665776e-01
2.342558978183236496e-01 -8.495913842487018419e-01
2.267652440591447494e-01 -8.348737911221504326e-01
2.194809657130487035e-01 -8.219705643228411018e-01
2.123790987353567639e-01 -8.108859006753433851e-01
2.053938790996166774e-01 -8.013436825148534393e-01
1.984562323488331670e-01 -7.930455921274786046e-01
1.914970840260111218e-01 -7.856933117993263327e-01
1.844473596741551813e-01 -7.789885238165039638e-01
1.772379848362700683e-01 -7.726329104651183943e-01
1.697998850553605887e-01 -7.663281540312772977e-01
1.620639858744314377e-01 -7.597759368010880143e-01
1.539612128364876154e-01 -7.526779410606578846e-01
1.454224914845334837e-01 -7.447358490960940269e-01
1.363787473615739321e-01 -7.356513431935038927e-01
1.267609060106137386e-01 -7.251261056389947113e-01
1.164998929746576956e-01 -7.128618187186742672e-01
1.055266337967105117e-01 -6.985601647186493457e-01
9.377205401977688204e-02 -6.819228259250272872e-01
8.116707918686161261e-02 -6.626514846239156542e-01
6.764263484096944001e-02 -6.404478231014217871e-01
5.312964652510511476e-02 -6.150135236436529151e-01
3.755903978227338735e-02 -5.860502685367162679e-01
2.086174015547899094e-02 -5.532597400667194076e-01
2.968673187726708108e-03 -5.163436205197695639e-01
-1.618923557797872712e-02 -4.750035921819737994e-01
-3.668106059863259633e-02 -4.289413373394398432e-01
-5.862282168856323972e-02 -3.783430576803111789e-01
-8.239847927533491823e-02 -3.261603492380187874e-01
-1.084869057981071305e-01 -2.763243875766772661e-01
-1.373670846922305233e-01 -2.327674938435055907e-01
-1.695179993930556184e-01 -1.994219891857229032e-01
-2.054186333359331040e-01 -1.802201947505481516e-01
-2.455479699562136964e-01 -1.790944316852002005e-01
-2.903819933188673819e-01 -1.999592236950692437e-01
-3.399887247405694035e-01 -2.443083553436488364e-01
-3.936184015423619398e-01 -3.087831050866559623e-01
-4.504236493666482488e-01 -3.894455504302803961e-01
-5.095570938558356966e-01 -4.823577688807174635e-01
-5.701713606523280964e-01 -5.835818379441571890e-01
-6.314190753985299276e-01 -6.891798351267914846e-01
-6.924528637368461137e-01 -7.952138379348122621e-01
-7.524253513096813561e-01 -8.977459238744106562e-01
-8.104891637594405784e-01 -9.928381704517789119e-01
-8.657969267285283710e-01 -1.076552655173108608e+00
-9.175012658593496573e-01 -1.144951455544590990e+00
-9.647548067943093608e-01 -1.194096649072418748e+00
-1.006710175175811850e+00 -1.220050313262782904e+00
-1.042519996646262159e+00 -1.218874525621875149e+00
-1.071336896848065212e+00 -1.186631363655887395e+00
-1.092320469732817934e+00 -1.119445204870000321e+00
-1.105282513150494639e+00 -1.019271439872534213e+00
-1.111209929860418111e+00 -8.985714297975413434e-01
-1.111111799099760100e+00 -7.688391442250460672e-01
-1.105627393024762650e+00 -6.339890891150604668e-01
-1.095311264410237850e+00 -4.961993854242778279e-01
-1.080717966030999566e+00 -3.576481541093919359e-01
-1.062402050661860553e+00 -2.205135161270960764e-01
-1.040918071077634455e+00 -8.697359243408424312e-02
-1.016820580053133805e+00 4.079349601295024358e-02
-9.906641303631715800e-01 1.606096282573139244e-01
-9.630032747825615358e-01 2.702966833423128823e-01
-9.343925660861160942e-01 3.676765403112537967e-01
-9.053865570486495651e-01 4.505710782074414666e-01
-8.765398004449733715e-01 5.168021760741858817e-01
-8.484068490499012682e-01 5.641917129547916465e-01
-8.215422556382463437e-01 5.905615678925648648e-01
-7.965005729848216864e-01 5.937336199308123064e-01
-7.738363538644407180e-01 5.715297481128404078e-01
-7.541041510519160829e-01 5.217718314819553838e-01
-7.381777274097161001e-01 4.434582051771459033e-01
-7.318472332906962308e-01 3.539144342379550445e-01
-7.389330460901649689e-01 2.709138741721602850e-01
-7.556864997656849159e-01 1.941374677845669194e-01
-7.778615609217564009e-01 1.220676963279215682e-01
-8.012121961628794198e-01 5.318704105497085860e-02
-8.214923720935540796e-01 -1.402201678153869313e-02
-8.344561166463748680e-01 -8.107695632163612609e-02
-8.372103137689823615e-01 -1.486215482982900793e-01
-8.317059562267421491e-01 -2.141711162544572000e-01
-8.209778266809595326e-01 -2.745410449864435498e-01
-8.080607077929402582e-01 -3.265467192905551763e-01
-7.959164508975945518e-01 -3.670967857457815287e-01
-7.859131367930587420e-01 -3.951379435594506440e-01
-7.778702076585362057e-01 -4.115972316018705057e-01
-7.715432030654695295e-01 -4.174834049469676178e-01
-7.666876625853020766e-01 -4.138052186686685396e-01
-7.630591257894761004e-01 -4.015714278408998861e-01
-7.604131322494342982e-01 -3.817907875375885496e-01
-7.585052215366199224e-01 -3.554720528326603679e-01
-7.570909332224751154e-01 -3.236239788000419004e-01
-7.559258068784432405e-01 -2.872553205136600951e-01
-7.547653820759665511e-01 -2.473748330474412338e-01
-7.533651983864882995e-01 -2.049912714753119314e-01
-7.514807953814509611e-01 -1.611133908711986640e-01
-7.488677126322973443e-01 -1.167499463090279910e-01
-7.452814897104702574e-01 -7.290969286272648564e-02
