-1.107083300587743679e-01 1.564444379674418129e-01
-6.384199622739837598e-02 -2.461752136584962128e-02
-2.749699465801463266e-02 -1.881313238757644224e-01
-1.178084324198192196e-03 -3.348151475413232436e-01
1.560997580047601349e-02 -4.653871703415463079e-01
2.336242674243294709e-02 -5.805655702554540776e-01
2.257450952809751318e-02 -6.810685252620669594e-01
1.374146518389484858e-02 -7.676142133404056933e-01
-2.641465263750230816e-03 -8.409208124694900199e-01
-2.607904078841256218e-02 -9.017065006283413453e-01
-5.607602036366734349e-02 -9.506894557959794101e-01
-9.213716296308943621e-02 -9.885878559514245101e-01
-1.337672275602539984e-01 -1.016119879073697385e+00
-1.804709731287358065e-01 -1.034003703141818775e+00
-2.317531586421101575e-01 -1.042957506134808865e+00
-2.871185430739518485e-01 -1.043699466031687617e+00
-3.460718853978360654e-01 -1.036947760811475883e+00
-4.081179445873377443e-01 -1.023420568453194290e+00
-4.727614796160314881e-01 -1.003836066935863025e+00
-5.395072494574931765e-01 -9.789124342385022715e-01
-6.078600130852972461e-01 -9.493678483401328805e-01
-6.773245294730185773e-01 -9.159204872197752589e-01
-7.474055575942327723e-01 -8.792885288564499247e-01
-8.176078564225145451e-01 -8.401901512291768404e-01
-8.874361849314383877e-01 -7.993435323169764128e-01
-9.563953020945797912e-01 -7.574668500988694930e-01
-1.023989966885514136e+00 -7.152782825538763767e-01
-1.089724938277816246e+00 -6.734960076610175816e-01
-1.153104975245060615e+00 -6.328382033993134037e-01
-1.213634836760822289e+00 -5.940230477477845827e-01
-1.270878847704324244e+00 -5.576864985235537864e-01
-1.324768460307395479e+00 -5.239577593856412641e-01
-1.375374871208236982e+00 -4.927731416397755915e-01
-1.422769550031868668e+00 -4.640685797818299707e-01
-1.467023966403310231e+00 -4.377800083076771598e-01
-1.508209589947580698e+00 -4.138433617131896392e-01
-1.546397890289700650e+00 -3.921945744942406664e-01
-1.581660337054689780e+00 -3.727695811467026110e-01
-1.614068399867567338e+00 -3.555043161664484530e-01
-1.643693548353352574e+00 -3.403347140493507283e-01
-1.670607252137065624e+00 -3.271967092912823061e-01
-1.694880980843725959e+00 -3.160262363881159997e-01
-1.716586204098353274e+00 -3.067592298357245673e-01
-1.735794391525967040e+00 -2.993316241299806557e-01
-1.752577012751587393e+00 -2.936793537667571896e-01
-1.767005537400233806e+00 -2.897383532419268160e-01
-1.779151435096925749e+00 -2.874445570513624038e-01
-1.789086175466683359e+00 -2.867338996909367110e-01
-1.796881228134524777e+00 -2.875423156565222738e-01
-1.802608062725471250e+00 -2.898057394439921275e-01
-1.806338148864542470e+00 -2.934601055492189747e-01
-1.808142956176756799e+00 -2.984413484680754625e-01
-1.808093954287135041e+00 -3.046854026964344597e-01
-1.806262612820696001e+00 -3.121282027301687245e-01
-1.802720404646718677e+00 -3.207057517982545014e-01
-1.797539336835721535e+00 -3.303653707570442521e-01
-1.790792540514739128e+00 -3.410781948081764714e-01
-1.782553288918879986e+00 -3.528183698655260048e-01
-1.772894855283251081e+00 -3.655600418429671983e-01
-1.761890512842959167e+00 -3.792773566543747865e-01
-1.749613534833113215e+00 -3.939444602136232820e-01
-1.736137194488818869e+00 -4.095354984345870308e-01
-1.721534765045185322e+00 -4.260246172311407675e-01
-1.705879519737319105e+00 -4.433859625171590046e-01
-1.689244731800327415e+00 -4.615936802065163103e-01
-1.671703674469318557e+00 -4.806219162130871414e-01
-1.653329620979399728e+00 -5.004448164507461216e-01
-1.634195844565678124e+00 -5.210365268333677635e-01
-1.614375618463262274e+00 -5.423711932748266351e-01
-1.593942215907258042e+00 -5.644229616889973045e-01
-1.572968910132774178e+00 -5.871659779897541176e-01
-1.551528974374917436e+00 -6.105743880909716426e-01
-1.529695681868795676e+00 -6.346223379065246695e-01
-1.507542305849516096e+00 -6.592839733502878774e-01
-1.485142119552186557e+00 -6.845334403361355013e-01
-1.462568396211914479e+00 -7.103448847779421094e-01
-1.439894409063807057e+00 -7.366924525895824916e-01
-1.417193431342971710e+00 -7.635502896849307719e-01
-1.394538736284516300e+00 -7.908925419778617405e-01
-1.372003597123547802e+00 -8.186933553822499654e-01
-1.349661287095174300e+00 -8.469268758119700147e-01
-1.327585079434503212e+00 -8.755672491808962343e-01
-1.305848247376641513e+00 -9.045886214029034145e-01
-1.284524064156697065e+00 -9.339651383918661232e-01
-1.263685803009777509e+00 -9.636709460616584844e-01
-1.243406737170990040e+00 -9.936801903261556212e-01
-1.223760139875442077e+00 -1.023967017099231658e+00
-1.204819284358240816e+00 -1.054505572294761384e+00
-1.186657443854494343e+00 -1.085270001826619035e+00
-1.169347891599309852e+00 -1.116234451608679290e+00
-1.152963900827794985e+00 -1.147373067554817272e+00
-1.137578744775057382e+00 -1.178659995578906772e+00
-1.123265696676204017e+00 -1.210069381594822691e+00
-1.110098029766342531e+00 -1.241575371516439263e+00
-1.098149017280580786e+00 -1.273152111257631391e+00
-1.087491932454025534e+00 -1.304773746732273532e+00
-1.078200048521784860e+00 -1.336414423854239475e+00
-1.070346638718966181e+00 -1.368048288537405011e+00
-1.064004976280677139e+00 -1.399649486695644596e+00
-1.059248334442024708e+00 -1.431192164242831799e+00
-1.056149986438116306e+00 -1.462650467092841966e+00
-1.054783205504060017e+00 -1.493998541159548887e+00
-1.055221264874963039e+00 -1.525210532356828130e+00
-1.057537437785932788e+00 -1.556260586598553708e+00
-1.061804997472076684e+00 -1.587122849798599633e+00
-1.068097217168502588e+00 -1.617771467870841695e+00
-1.076487370110317254e+00 -1.648180586729153019e+00
-1.087048729532629210e+00 -1.678324352287409393e+00
-1.099854568670544985e+00 -1.708176910459484610e+00
-1.114978160759172443e+00 -1.737712407159253347e+00
-1.132492779033619001e+00 -1.766904988300590285e+00
-1.152471696728992079e+00 -1.795728799797369657e+00
-1.174988187080399982e+00 -1.824157987563467032e+00
-1.200115523322949018e+00 -1.852166697512755755e+00
-1.227926978691746829e+00 -1.879729075559110507e+00
-1.258495826421901498e+00 -1.906819267616406632e+00
-1.291895339748519334e+00 -1.933411419598517478e+00
-1.328198791906709308e+00 -1.959479677419318611e+00
-1.367479456131578397e+00 -1.984998186992684488e+00
-1.409810605658233795e+00 -2.009941094232488901e+00
-1.455265513721783366e+00 -2.034282545052608082e+00
-1.503917453557334527e+00 -2.057996685366914935e+00
-1.554075344310079432e+00 -2.080900032621385343e+00
-1.591875583583741260e+00 -2.101721603781219638e+00
-1.599335183328248755e+00 -2.118824698594801603e+00
-1.575114671613777828e+00 -2.132097512373381853e+00
-1.531502444297683230e+00 -2.142676805578086707e+00
-1.481112013370492919e+00 -2.151729176657235065e+00
-1.431890997526133136e+00 -2.159996932384273371e+00
-1.384459968767965732e+00 -2.167556096633624030e+00
-1.338797990444077213e+00 -2.174424357873284031e+00
-1.294884125902553418e+00 -2.180619404571251252e+00
-1.252697438491481297e+00 -2.186158925195523128e+00
-1.212216991558947132e+00 -2.191060608214097094e+00
-1.173421848453036764e+00 -2.195342142094969695e+00
-1.136291072521836698e+00 -2.199021215306138366e+00
-1.100803727113433217e+00 -2.202115516315600541e+00
-1.066938875575912826e+00 -2.204642733591353654e+00
-1.034675581257361809e+00 -2.206620555601394695e+00
-1.003992907505866450e+00 -2.208066670813721100e+00
-9.748699176695131419e-01 -2.208998767696330745e+00
-9.472856750963885020e-01 -2.209434534717220622e+00
-9.212192431345782584e-01 -2.209391660344387720e+00
-8.966496851321688055e-01 -2.208887833045829474e+00
-8.735560644372466488e-01 -2.207940741289543318e+00
-8.519174443978978495e-01 -2.206568073543525799e+00
-8.317128883622094682e-01 -2.204787518275776126e+00
-8.129214596782669000e-01 -2.202616763954289070e+00
-7.955222216941573166e-01 -2.200073499047064285e+00
-7.794942377579665571e-01 -2.197175412022097429e+00
-7.648165712177812381e-01 -2.193940191347387270e+00
-7.514682854216874208e-01 -2.190385525490929908e+00
-7.394284437177713887e-01 -2.186529102920722778e+00
-7.286761094541197581e-01 -2.182388612104763315e+00
-7.191903459788187014e-01 -2.177981741511049396e+00
-7.109502166399545020e-01 -2.173326179607578013e+00
-7.039347847856136653e-01 -2.168439614862346154e+00
-6.981231137638822526e-01 -2.163339735743351255e+00
-6.934942669228468803e-01 -2.158044230718590306e+00
-6.900273076105936099e-01 -2.152570788256061629e+00
-6.877012991752088356e-01 -2.146937096823761326e+00
-6.864953049647790628e-01 -2.141160844889688164e+00
-6.863883883273904640e-01 -2.135259720921838245e+00
-6.873596126111295446e-01 -2.129251413388209446e+00
-6.893880411640822548e-01 -2.123153610756797871e+00
-6.924527373343353220e-01 -2.116984001495603174e+00
-6.965327644699749188e-01 -2.110760274072620568e+00
-7.016071859190871063e-01 -2.104500116955847933e+00
-7.076550650297587230e-01 -2.098221218613283146e+00
-7.146554651500757194e-01 -2.091941267512922753e+00
-7.225874496281246007e-01 -2.085677952122764633e+00
-7.314300818119916503e-01 -2.079448960910805777e+00
-7.411624250497632627e-01 -2.073271982345043618e+00
-7.517635426895257211e-01 -2.067164704893475591e+00
-7.632124980793650870e-01 -2.061144817024098685e+00
-7.754883545673680878e-01 -2.055230007204910336e+00
-7.885701755016207848e-01 -2.049437963903907978e+00
-8.024370242302095724e-01 -2.043786375589088600e+00
-8.170679641012211780e-01 -2.038292930728450525e+00
-8.324420584627413300e-01 -2.032975317789989411e+00
-8.485383706628565337e-01 -2.027851225241703581e+00
-8.653359640496534055e-01 -2.022938341551590913e+00
-8.828139019712178959e-01 -2.018254355187647509e+00
-9.009512477756362880e-01 -2.013816954617870802e+00
-9.197270648109954205e-01 -2.009643828310258673e+00
-9.391204164253812436e-01 -2.005752664732808999e+00
-9.591103659668800407e-01 -2.002161152353517437e+00
-9.796759767835784283e-01 -1.998886979640382755e+00
-1.000796312223562357e+00 -1.995947835061401276e+00
-1.022450435634918442e+00 -1.993361407084570880e+00
-1.044617410365732857e+00 -1.991145384177888555e+00
-1.067276299764092107e+00 -1.989317454809352181e+00
-1.090406167178081809e+00 -1.987895307446958304e+00
-1.113986075955789357e+00 -1.986896630558704580e+00
-1.137995089445301033e+00 -1.986339112612588886e+00
-1.162412270994702235e+00 -1.986240442076607549e+00
-1.187216683952080132e+00 -1.986618307418758445e+00
-1.212387391665520342e+00 -1.987490397107038120e+00
-1.237903457483109815e+00 -1.988874399609445343e+00
-1.263743944752934611e+00 -1.990788003393976213e+00
-1.289887916823081238e+00 -1.993248896928628611e+00
