1.139411028913086765e+00 1.279122765129884653e+00
1.085538825571337629e+00 1.313167603191017330e+00
1.036461492827598585e+00 1.341875582657117816e+00
9.920118168761465904e-01 1.365433752153416114e+00
9.520225839112599342e-01 1.384029160305143336e+00
9.163265801272156841e-01 1.397848855737527707e+00
8.847565917182915740e-01 1.407079887075799229e+00
8.571454048787655600e-01 1.411909302945188349e+00
8.333258058029152648e-01 1.412524151970924846e+00
8.131305806850188667e-01 1.409111482778239166e+00
7.963925157193531001e-01 1.401858343992359979e+00
7.829443971001962543e-01 1.390951784238517730e+00
7.726190110218257301e-01 1.376578852141942422e+00
7.652491436785194834e-01 1.358926596327863834e+00
7.606675812645550261e-01 1.338182065421511302e+00
7.587071099742103142e-01 1.314532308048115716e+00
7.592005160017625265e-01 1.288164372832905746e+00
7.619805855414899520e-01 1.259265308401112726e+00
7.668801047876698807e-01 1.228022163377965326e+00
7.737318599345798242e-01 1.194621986388693324e+00
7.823686371764980718e-01 1.159251826058527834e+00
7.926232227077018022e-01 1.122098731012697304e+00
8.043284027224688604e-01 1.083349749876432400e+00
8.173169634150768692e-01 1.043191931274962680e+00
8.314216909798037847e-01 1.001812323833518148e+00
8.464753716109268966e-01 9.593979761773288040e-01
8.623107915027240500e-01 9.161359369316240953e-01
8.787607368494733118e-01 8.722132547216345788e-01
8.956579938454518608e-01 8.278169781725892573e-01
9.128353486849373200e-01 7.831341559097187988e-01
9.301255875622076452e-01 7.383518365582523169e-01
9.473614966715407926e-01 6.936570687434203686e-01
9.643758622072139408e-01 6.492369010904521787e-01
9.810014703635048239e-01 6.052783822245780820e-01
9.970711073346916198e-01 5.619685607710279696e-01
1.012417559315051507e+00 5.194944853550312880e-01
1.026873612498862220e+00 4.780432046018185388e-01
1.040272053080401715e+00 4.378017671366187802e-01
1.052445667253947725e+00 3.989572215846625136e-01
1.063232515469206385e+00 3.616902871694624988e-01
1.072572135852702058e+00 3.260599042226177691e-01
1.080495615473786586e+00 2.920151492203115762e-01
1.087037323308576164e+00 2.595011601669212631e-01
1.092231628333187654e+00 2.284630750668233956e-01
1.096112899523737472e+00 1.988460319243952057e-01
1.098715505856342256e+00 1.705951687440137032e-01
1.100073816307118202e+00 1.436556235300559536e-01
1.100222199852182392e+00 1.179725342868988003e-01
1.099195025467650355e+00 9.349103901891950286e-02
1.097026662129640062e+00 7.015627573049480759e-02
1.093751478814266376e+00 4.791338242600181457e-02
1.089403844497647489e+00 2.670749710981756841e-02
1.084018128155898264e+00 6.483757786319082478e-03
1.077628698765136228e+00 -1.281269754011664375e-02
1.070269925301478020e+00 -3.123673086511265240e-02
1.061976176741039168e+00 -4.884320418429186766e-02
1.052781822059937422e+00 -6.568697949327732821e-02
1.042721230234288310e+00 -8.182291878769198945e-02
1.031828770240209137e+00 -9.730588406315866801e-02
1.020138811053815875e+00 -1.121907373153007287e-01
1.007685721651224942e+00 -1.265323405397409673e-01
9.945038710085534195e-01 -1.403855557321023739e-01
9.806276281019175034e-01 -1.538052448880079803e-01
9.660913659777456974e-01 -1.668462931472059485e-01
9.509301767771057845e-01 -1.795676744799122593e-01
9.351806915799063535e-01 -1.920371133874681502e-01
9.188797399136893196e-01 -2.043234627605627629e-01
9.020641513059969308e-01 -2.164955754898853502e-01
8.847707552843709911e-01 -2.286223044661250259e-01
8.670363813763539707e-01 -2.407725025799710428e-01
8.488978591094877846e-01 -2.530150227221126813e-01
8.303920180113144589e-01 -2.654187177832388334e-01
8.115556876093761307e-01 -2.780524406540390570e-01
7.924256974312150481e-01 -2.909850442252024938e-01
7.730388770043731261e-01 -3.042853813874181745e-01
7.534320558563928349e-01 -3.180223050313755739e-01
7.336420635148155345e-01 -3.322646680477635561e-01
7.137057295071839169e-01 -3.470813233272715403e-01
6.936598833610401194e-01 -3.625411237605887238e-01
6.735413546039258348e-01 -3.787129222384042482e-01
6.533869727633835334e-01 -3.956655716514073107e-01
6.332335673669550191e-01 -4.134679248902871085e-01
6.131179679421828732e-01 -4.321888348457328943e-01
5.930770040166085666e-01 -4.518971544084338654e-01
5.731475051177747915e-01 -4.726617364690789969e-01
5.533663007732231298e-01 -4.945514339183578190e-01
5.337702205104959408e-01 -5.176350996469594179e-01
5.143960938571352504e-01 -5.419815865455730464e-01
4.952807503406832512e-01 -5.676597475048877905e-01
4.764610194886818029e-01 -5.947384354155929032e-01
4.579737290479333756e-01 -6.232864944431165677e-01
4.398411068115513078e-01 -6.533012319713705773e-01
4.220354192938215454e-01 -6.845351553551696222e-01
4.045182549247358650e-01 -7.166884515242472053e-01
3.872512021342861543e-01 -7.494613074083349424e-01
3.701958493524636906e-01 -7.825539099371652263e-01
3.533137850092606391e-01 -8.156664460404701167e-01
3.365665975346681660e-01 -8.484991026479828946e-01
3.199158753586781034e-01 -8.807520666894349537e-01
3.033232069112822837e-01 -9.121255250945594639e-01
2.867501806224722061e-01 -9.423196647930882630e-01
2.701583849222396472e-01 -9.710346727147535217e-01
2.535094082405763283e-01 -9.979707357892880770e-01
2.367648390074737763e-01 -1.022828040946423878e+00
2.198862656529237680e-01 -1.045306775115893538e+00
2.028352766069179691e-01 -1.065107125227429341e+00
1.855734602994481008e-01 -1.081929278210763901e+00
1.680624051605057456e-01 -1.095473420995628722e+00
1.502636996200826247e-01 -1.105439740511757085e+00
1.321389321081704316e-01 -1.111528423688880496e+00
1.136496910547608319e-01 -1.113439657456732235e+00
9.475756488984549142e-02 -1.110873628745043806e+00
7.542414204341610362e-02 -1.103530524483548270e+00
5.561101094546431339e-02 -1.091110531601977351e+00
3.527976002598183503e-02 -1.073313837030063889e+00
1.439197771496036546e-02 -1.049840627697540052e+00
-7.035418957796775799e-03 -1.020788236647254710e+00
-2.873597201752084440e-02 -9.880451902053675184e-01
-5.037290421049517297e-02 -9.540047632079594608e-01
-7.160943428817770351e-02 -9.210602591657867100e-01
-9.210967718176320262e-02 -8.916026980375321154e-01
-1.117940298837708096e-01 -8.673700684665844873e-01
-1.311912911523425151e-01 -8.485500929435662032e-01
-1.509185694031541236e-01 -8.351054724670984308e-01
-1.715929730518813701e-01 -8.269989080358026712e-01
-1.938316105141999757e-01 -8.241931006482997590e-01
-2.182515902057856616e-01 -8.266507513032111953e-01
-2.454700205423142323e-01 -8.343345609991579259e-01
-2.761040099394613812e-01 -8.472072307347611186e-01
-3.106866070024991155e-01 -8.651950347185359824e-01
-3.490247065835306861e-01 -8.879095729975349238e-01
-3.905536209540705905e-01 -9.148014226447499508e-01
-4.347056597081719875e-01 -9.453198595417815486e-01
-4.809131324398875917e-01 -9.789141595702298693e-01
-5.286083487432705619e-01 -1.015033598611696064e+00
-5.772236182123735571e-01 -1.053127452547779619e+00
-6.261912504412500136e-01 -1.092644997260082018e+00
-6.749435550239523129e-01 -1.133035508630202859e+00
-7.229128415545336139e-01 -1.173748262539743070e+00
-7.695314196270469642e-01 -1.214232534870303137e+00
-8.142315988355451895e-01 -1.253937601503483101e+00
-8.564649582700324393e-01 -1.292329339849954906e+00
-8.959769384652609414e-01 -1.329126802044321431e+00
-9.327420585798108510e-01 -1.364246401659316099e+00
-9.667408982725254063e-01 -1.397609773658598398e+00
-9.979540372022470684e-01 -1.429138553005826262e+00
-1.026362055027818965e+00 -1.458754374664658293e+00
-1.051945531408083889e+00 -1.486378873598754202e+00
-1.074685046001883748e+00 -1.511933684771771036e+00
-1.094561178468062668e+00 -1.535340443147368505e+00
-1.111554508465462554e+00 -1.556520783689204768e+00
-1.125645615652925757e+00 -1.575396341360937980e+00
-1.136815079689296404e+00 -1.591888751126228074e+00
-1.145043480233416178e+00 -1.605919647948732765e+00
-1.150311396944128317e+00 -1.617410666792110874e+00
-1.152599409480274950e+00 -1.626283442620020558e+00
-1.151888097500699981e+00 -1.632459610396121308e+00
-1.148158040664244872e+00 -1.635860805084070835e+00
-1.141389818629753306e+00 -1.636408661647528184e+00
-1.131564011056067853e+00 -1.634024815050152402e+00
-1.118661197602031088e+00 -1.628630900255601421e+00
-1.102661957926485803e+00 -1.620148552227533623e+00
-1.083546871688275015e+00 -1.608499405929608495e+00
-1.061296518546241519e+00 -1.593605096325484416e+00
-1.035891478159227441e+00 -1.575387258378819322e+00
-1.007312330186076244e+00 -1.553767527053272479e+00
-9.755396542856304976e-01 -1.528667537312502711e+00
-9.405540301167335526e-01 -1.500008924120168619e+00
-9.023360373382267596e-01 -1.467713322439927692e+00
-8.608662556089539120e-01 -1.431702367235439866e+00
-8.161252645877572487e-01 -1.391897693470362407e+00
-7.681656662301092897e-01 -1.348378259670611090e+00
-7.177386860148768921e-01 -1.302749078744146694e+00
-6.659881335976288730e-01 -1.257472713886194970e+00
-6.140621838843164371e-01 -1.215021263627184656e+00
-5.631090117808914552e-01 -1.177866826497544261e+00
-5.142767921933047992e-01 -1.148481501027700302e+00
-4.687137000275081733e-01 -1.129337385748081957e+00
-4.275679101894531153e-01 -1.122906579189117293e+00
-3.919875975850911076e-01 -1.131661179881234380e+00
-3.632290980221498655e-01 -1.158022998849981056e+00
-3.456667347141556546e-01 -1.202964193832985584e+00
-3.471892576069220415e-01 -1.265822951802586527e+00
-3.758732216419093386e-01 -1.345850143108572095e+00
-4.397951817605777469e-01 -1.442296638100730721e+00
-5.468649905077952456e-01 -1.554364335431210220e+00
-6.833111581516557731e-01 -1.674886628936187893e+00
-8.071169450720914185e-01 -1.788862818709227254e+00
-9.109936946878248731e-01 -1.892743342010301477e+00
-9.942894843960538021e-01 -1.985136642497423498e+00
-1.056352391593974094e+00 -2.064651163828603586e+00
-1.096530493678782969e+00 -2.129895349661854898e+00
-1.114171868047676650e+00 -2.179477643655186814e+00
-1.108624592097853023e+00 -2.212006489466615378e+00
-1.079236743226507755e+00 -2.226090330754149083e+00
-1.025356398830837845e+00 -2.220337611175800863e+00
-9.463316363080400695e-01 -2.193356774389582320e+00
-8.415105330553107610e-01 -2.143756264053505056e+00
-7.102411664698472515e-01 -2.070144523825581562e+00
-5.518716139488456518e-01 -1.971129997363822994e+00
-3.657499528895028496e-01 -1.845321128326241178e+00
