1.290384336386616107e-02 1.764167800234364369e+00
-8.030485362796015852e-03 1.293156682847192318e+00
-2.384259074557251376e-02 9.064855717585001971e-01
-3.498010289418636981e-02 5.967091631809617880e-01
-4.189065191836061075e-02 3.563821533272484854e-01
-4.502186792781827374e-02 1.780592384100339043e-01
-4.482138103228236470e-02 5.429511464199042459e-02
-4.173682134147597284e-02 -2.235552176420937953e-02
-3.621581896512207632e-02 -5.933797459589272572e-02
-2.870600401294375742e-02 -6.409754764038697039e-02
-1.965500659466398042e-02 -4.407954468501933121e-02
-9.510456820005832798e-03 -6.729269517117246122e-03
1.280015201307695789e-03 4.050797407599214528e-02
1.226977077068441661e-02 9.020356902463785853e-02
2.314766784366760477e-02 1.372094802906949629e-01
3.387451883230330196e-02 1.809550142534825656e-01
4.444364617578577120e-02 2.214166626396791293e-01
5.484837231330920437e-02 2.585709171759632552e-01
6.508201968406776561e-02 2.923942695890131005e-01
7.513791072725573006e-02 3.228632116055072387e-01
8.500936788206731043e-02 3.499542349521243545e-01
9.468971358769658064e-02 3.736438313555422441e-01
1.041722702833379338e-01 3.939084925424398698e-01
1.134503604081854855e-01 4.107247102394956384e-01
1.225173064014333929e-01 4.240689761733874574e-01
1.313664307022759659e-01 4.339177820707943445e-01
1.399910557499073616e-01 4.402476196583945400e-01
1.483845039835218482e-01 4.430349806628663956e-01
1.565400978423135137e-01 4.422563568108884291e-01
1.644511597654766399e-01 4.378882398291391032e-01
1.721110121922054814e-01 4.299071214442967692e-01
1.795129775616941536e-01 4.182894933830398898e-01
1.866503783131369110e-01 4.030118473720467054e-01
1.935165368857280355e-01 3.840506751379961226e-01
2.001047757186615594e-01 3.613824684075658267e-01
2.064084172511318760e-01 3.349837189074351129e-01
2.124207839223330174e-01 3.048309183642820552e-01
2.181351981714593491e-01 2.709005585047848386e-01
2.235449824377050421e-01 2.331691310556220642e-01
2.286434591602641841e-01 1.916131277434719726e-01
2.334239507783311407e-01 1.462090402950133317e-01
2.378797797311000550e-01 9.693336043692453441e-02
2.420042684577651537e-01 4.376257989588414749e-02
2.457907393975206078e-01 -1.332680960142994774e-02
2.492325149895606162e-01 -7.435831632833901639e-02
2.523229176730794610e-01 -1.393554485581646463e-01
2.550552698872713409e-01 -2.083417145642283141e-01
2.574228940713303437e-01 -2.813406226198517657e-01
2.594191126644508349e-01 -3.583756809983557612e-01
2.610372481058269578e-01 -4.394703979730633092e-01
2.622706228346529667e-01 -5.246482818172950591e-01
2.631125592901228938e-01 -6.139328408043729368e-01
2.635563799114311601e-01 -7.073475832076183689e-01
2.635954071377718533e-01 -8.049160173003526708e-01
2.632229634083392278e-01 -9.066616513558978241e-01
2.624323711623274824e-01 -1.012607993647575144e+00
2.612169528389308160e-01 -1.122778552448705947e+00
2.595700308773434828e-01 -1.237196836032612657e+00
2.574868499062937244e-01 -1.355851545464187513e+00
2.550315827613994224e-01 -1.477483222653773742e+00
2.523547261507249617e-01 -1.599269247832159069e+00
2.496122334313427560e-01 -1.718288191661152764e+00
2.469600579603256907e-01 -1.831618624802567430e+00
2.445541530947463460e-01 -1.936339117918213004e+00
2.425504721916773854e-01 -2.029528241669899202e+00
2.411049686081915833e-01 -2.108264566719439070e+00
2.403735957013615199e-01 -2.169626663728640992e+00
2.405123068282598309e-01 -2.210693103359316680e+00
2.416720728735582691e-01 -2.228663367771061221e+00
2.438900400121450929e-01 -2.223499165391249477e+00
2.470899570388941369e-01 -2.197914060745726150e+00
2.511906757426107251e-01 -2.154740455815058908e+00
2.561110479121005423e-01 -2.096810752579814530e+00
2.617699253361691070e-01 -2.026957353020561570e+00
2.680861598036218263e-01 -1.948012659117867695e+00
2.749786031032640521e-01 -1.862809072852298797e+00
2.823661070239016913e-01 -1.774178996204425207e+00
2.901675233543399290e-01 -1.684954831154812593e+00
2.983017038833843393e-01 -1.597968979684030177e+00
3.066894200176581986e-01 -1.515979654885978301e+00
3.152900422706126360e-01 -1.440253301683087850e+00
3.240986866467520100e-01 -1.370674882621402579e+00
3.331118169896415959e-01 -1.307077269315946921e+00
3.423258971428466135e-01 -1.249293333381746418e+00
3.517373909499322271e-01 -1.197155946433825280e+00
3.613427622544639894e-01 -1.150497980087206606e+00
3.711384749000069538e-01 -1.109152305956916384e+00
3.811209927301263956e-01 -1.072951795657978158e+00
3.912867795883874789e-01 -1.041729320805416803e+00
4.016322993183556456e-01 -1.015317753014256530e+00
4.121540157635960600e-01 -9.935499638995217708e-01
4.228483927676738308e-01 -9.762588250762372910e-01
4.337118941741543998e-01 -9.632772081594270785e-01
4.447409838266031534e-01 -9.544379847641161208e-01
4.559321255685848673e-01 -9.495740265053285167e-01
4.672817832436652052e-01 -9.485182049980885877e-01
4.787864206954090540e-01 -9.511033918574209878e-01
4.904425017673821885e-01 -9.571624586983501493e-01
5.022464903031494954e-01 -9.665282771359003933e-01
5.141948501462763055e-01 -9.790337187850962630e-01
5.262840451403277831e-01 -9.945116552609621907e-01
5.385105391288694809e-01 -1.012794958178522720e+00
5.508707959554662859e-01 -1.033716499152802060e+00
5.633612794636835286e-01 -1.057109149798824754e+00
5.759784534970867620e-01 -1.082805781731615458e+00
5.887187818992408728e-01 -1.110639266566197936e+00
6.015787285137114138e-01 -1.140442475917597509e+00
6.145547571840631607e-01 -1.172048281400838166e+00
6.276433317538618883e-01 -1.205289554630944338e+00
6.408409160666725946e-01 -1.239999167222940457e+00
6.541439739660607211e-01 -1.276009990791851401e+00
6.675489692955911547e-01 -1.313154896952700712e+00
6.810523658988295592e-01 -1.351266757320513712e+00
6.946506276193410434e-01 -1.390178443510314388e+00
7.083402183006907160e-01 -1.429722827137127839e+00
7.221176017864440189e-01 -1.469732779815977386e+00
7.359792419201655056e-01 -1.510041173161887018e+00
7.499216025454217283e-01 -1.550480878789883166e+00
7.639411475057770184e-01 -1.590884768314989817e+00
7.780343406447970400e-01 -1.631085713352230515e+00
7.921976458060467907e-01 -1.670916585516630359e+00
8.064275268330914903e-01 -1.710210256423213115e+00
8.207204475694966916e-01 -1.748799597687003882e+00
8.350728718588272814e-01 -1.786517480923026646e+00
8.494708022206582942e-01 -1.823189324874152195e+00
8.638384549962216941e-01 -1.858596530481245512e+00
8.780774436216048917e-01 -1.892504395889532676e+00
8.920893478431303203e-01 -1.924678195242924827e+00
9.057757474071200798e-01 -1.954883202685332444e+00
9.190382220598968255e-01 -1.982884692360668444e+00
9.317783515477828793e-01 -2.008447938412843303e+00
9.438977156171007854e-01 -2.031338214985769497e+00
9.552978940141727549e-01 -2.051320796223357945e+00
9.658804664853215538e-01 -2.068160956269520678e+00
9.755470127768691713e-01 -2.081623969268168839e+00
9.841991126351382624e-01 -2.091475109363213569e+00
9.917383458064515933e-01 -2.097479650698567344e+00
9.980662920371310420e-01 -2.099402867418141305e+00
1.003084531073499486e+00 -2.097010033665847484e+00
1.006694642661878802e+00 -2.090066423585596578e+00
1.008798206548591869e+00 -2.078337311321300618e+00
1.009296802479961119e+00 -2.061587971016871634e+00
1.008092010202308764e+00 -2.039583676816219882e+00
1.005085409461957457e+00 -2.012089702863257834e+00
1.000178580005229190e+00 -1.978871323301896634e+00
9.932731015784471706e-01 -1.939693812276048979e+00
9.842705539279330562e-01 -1.894322443929624900e+00
9.730725168000095016e-01 -1.842522492406536649e+00
9.595805699409992728e-01 -1.784059231850695815e+00
9.436962930972243591e-01 -1.718697936406013760e+00
9.253212660150074154e-01 -1.646203880216401849e+00
9.043570684406707638e-01 -1.566342337425772335e+00
8.807398244886148753e-01 -1.478982127505105382e+00
8.548628564589699774e-01 -1.385362502742972790e+00
8.274432097642391293e-01 -1.287693062185336190e+00
7.992047778019545357e-01 -1.188203931432530780e+00
7.708714539696485124e-01 -1.089125236084890869e+00
7.431671316648528203e-01 -9.926871017427502109e-01
7.168157042850998861e-01 -9.011196540064438931e-01
6.925410652279215817e-01 -8.166530184763054478e-01
6.710671078908503340e-01 -7.415173207526699617e-01
6.531160848316143186e-01 -6.779375729875805057e-01
6.391281596965951994e-01 -6.272596966027688126e-01
6.289437062410965229e-01 -5.889604515174244881e-01
6.223263387542712355e-01 -5.622773874852809994e-01
6.190396715252718396e-01 -5.464480542600705926e-01
6.188473188432510597e-01 -5.407100015955260686e-01
6.215128949973617312e-01 -5.443007792453802285e-01
6.268000142767564675e-01 -5.564579369633658734e-01
6.344722909705881042e-01 -5.764190245032159154e-01
6.442933393680093657e-01 -6.034215916186631556e-01
6.560267737581727543e-01 -6.367031880634402841e-01
6.694362084302314386e-01 -6.755013635912801018e-01
6.842852576733378100e-01 -7.190536679559155209e-01
7.003375357766444820e-01 -7.665976509110788983e-01
7.173566570293046230e-01 -8.173708622105035904e-01
7.351062357204707354e-01 -8.706108516079222870e-01
7.533498861392953216e-01 -9.255551688570672342e-01
7.718512225749314393e-01 -9.814413637116718991e-01
7.903738593165317017e-01 -1.037506985925468639e+00
8.086814106532488333e-01 -1.092989585252190476e+00
8.265374908742352256e-01 -1.147126711445569658e+00
8.437278020213359042e-01 -1.199225532628430901e+00
8.602392920335771853e-01 -1.249227523697299391e+00
8.761664722209948630e-01 -1.297413188447118060e+00
8.916048675085046504e-01 -1.344066225484717547e+00
9.066500028210227047e-01 -1.389470333416929604e+00
9.213974030834651829e-01 -1.433909210850585092e+00
9.359425932207486865e-01 -1.477666556392516428e+00
9.503810981577885952e-01 -1.521026068649553808e+00
9.648084428195015105e-01 -1.564271446228528761e+00
9.793201521308035895e-01 -1.607686387736273037e+00
9.940117510166103232e-01 -1.651554591779616388e+00
1.008978764401838868e+00 -1.696159756965393006e+00
1.024316717211404715e+00 -1.741785581900431756e+00
1.040121134370224132e+00 -1.788715765191564833e+00
1.056487540803213498e+00 -1.837234005445623763e+00
1.073511461435288528e+00 -1.887624001269439411e+00
1.091288421191365376e+00 -1.940169451269842860e+00
1.109913944996360646e+00 -1.995154054053666304e+00
1.129483557775190050e+00 -2.052861508227740384e+00
