-4.213258977529789062e-01 3.673111402092900657e-01
-3.855896817380377595e-01 3.364100086726345418e-01
-3.499325892700203000e-01 3.075490560669883466e-01
-3.144179710824634988e-01 2.806512818260610831e-01
-2.791091779089044378e-01 2.556396853835624094e-01
-2.440695604828802268e-01 2.324372661732020673e-01
-2.093624695379277534e-01 2.109670236286894929e-01
-1.750512558075838498e-01 1.911519571837342613e-01
-1.411992700253858202e-01 1.729150662720461695e-01
-1.078698629248705382e-01 1.561793503273348482e-01
-7.512638523957496095e-02 1.408678087833097059e-01
-4.303218770303619822e-02 1.269034410736806229e-01
-1.165062104879106136e-02 1.142092466321569383e-01
1.895496398962327744e-02 1.027082248924485325e-01
4.872121667866984029e-02 9.232337528826488338e-02
7.758478628481152439e-02 8.297769725331569091e-02
1.054823220745115947e-01 7.459419022131050236e-02
1.323504733142328860e-01 6.709585362595897606e-02
1.581258892704383023e-01 6.040568690097072868e-02
1.827452192095911088e-01 5.444668948005537690e-02
2.061451123981540845e-01 4.914186079692253045e-02
2.282622181025902031e-01 4.441420028528185460e-02
2.490331855893626323e-01 4.018670737884293132e-02
2.683946641249342902e-01 3.638238151131537729e-02
2.862833029757679837e-01 3.292422211640882307e-02
3.026372743077573868e-01 2.973589804254883270e-02
3.174512925389577078e-01 2.676593218624570905e-02
3.307920193788282948e-01 2.399447302261248360e-02
3.427307766235737074e-01 2.140371744216149758e-02
3.533388860693982281e-01 1.897586233540510953e-02
3.626876695125065275e-01 1.669310459285558781e-02
3.708484487491032211e-01 1.453764110502533090e-02
3.778925455753925355e-01 1.249166876242664356e-02
3.838912817875790862e-01 1.053738445557189651e-02
3.889159791818673773e-01 8.656985074973417085e-03
3.930379595544617466e-01 6.832667511143530013e-03
3.963285447015667540e-01 5.046628654594598196e-03
3.988590564193868482e-01 3.281065395838934657e-03
4.007008165041267556e-01 1.518174625388882563e-03
4.019251467519903143e-01 -2.598467662432047288e-04
4.026033689591828058e-01 -2.070801888545002918e-03
4.028068049219080682e-01 -3.932493851004157347e-03
4.026067764363709944e-01 -5.862725763108342196e-03
4.020746052987759223e-01 -7.879300734345220589e-03
4.012816133053272449e-01 -1.000002187420245478e-02
4.002991222522295778e-01 -1.224269229216769748e-02
3.991984539356873696e-01 -1.462511509772862137e-02
3.980509301519050136e-01 -1.716509340037288001e-02
3.969278726970871252e-01 -1.988043030958811658e-02
3.959006033674380420e-01 -2.278892893486203497e-02
3.950404439591622685e-01 -2.590839238568227662e-02
3.944187162684643644e-01 -2.925662377153648991e-02
3.941067420915488340e-01 -3.285142620191235791e-02
3.941758432246200150e-01 -3.671060278629752899e-02
3.946973414638825783e-01 -4.085195663417968276e-02
3.957425586055408062e-01 -4.529329085504643637e-02
3.973828164457993140e-01 -5.005240855838550412e-02
3.996894367808624948e-01 -5.514711285368451704e-02
4.027337414069347421e-01 -6.059520685043107147e-02
4.065870521202208376e-01 -6.641449365811297190e-02
4.113206907169251192e-01 -7.262277638621782161e-02
4.170059789932519245e-01 -7.923785814423324469e-02
4.237142387454059245e-01 -8.627754204164694851e-02
4.315167917695914568e-01 -9.375963118794655715e-02
4.404849598620130258e-01 -1.017019286926197502e-01
4.506900648188751912e-01 -1.101222376651541934e-01
4.622034284363825130e-01 -1.190383612150375664e-01
4.750963725107391622e-01 -1.284681024517574932e-01
4.894402188381499763e-01 -1.384292644848016673e-01
5.053062892148190155e-01 -1.489396504236576435e-01
5.227659054369512281e-01 -1.600170633778132678e-01
5.418903893007506190e-01 -1.716793064567559979e-01
5.627510626024220253e-01 -1.839441827699736520e-01
5.854192471381699514e-01 -1.968294954269538821e-01
6.099662647041987906e-01 -2.103530475371843123e-01
6.364634370967128252e-01 -2.245326422101525943e-01
6.649820861119167814e-01 -2.393860825553464078e-01
6.955935335460149416e-01 -2.549311716822533769e-01
7.283691011952119210e-01 -2.711857127003611811e-01
7.633801108557124460e-01 -2.881675087191575835e-01
8.006913073677186521e-01 -3.058793644700993353e-01
8.402812867367955851e-01 -3.241276271154461819e-01
8.820680876551398875e-01 -3.425805462723044981e-01
9.259684903507272580e-01 -3.609035017009473711e-01
9.718992750515331736e-01 -3.787618731616481660e-01
1.019777221985534998e+00 -3.958210404146809691e-01
1.069519111380707210e+00 -4.117463832203186458e-01
1.121022569784218437e+00 -4.262380039243070518e-01
1.174036358877442510e+00 -4.392658732636371410e-01
1.228239548069903542e+00 -4.509263030107497072e-01
1.283310809110952633e+00 -4.613163258329125438e-01
1.338928813749939106e+00 -4.705329743973932777e-01
1.394772233736212952e+00 -4.786732813714594248e-01
1.450519740819124159e+00 -4.858342794223787231e-01
1.505850006748022718e+00 -4.921130012174190216e-01
1.560441703272258396e+00 -4.976064794238477806e-01
1.613973502141180960e+00 -5.024117467089326272e-01
1.666124075104140623e+00 -5.066258357399413548e-01
1.716572093910488039e+00 -5.103457791841415903e-01
1.764996230309572312e+00 -5.136686097088010161e-01
1.811075156050743429e+00 -5.166913599811873148e-01
1.854487542883369144e+00 -5.195110626685636168e-01
1.894978586225796624e+00 -5.222092975513320523e-01
1.932559060364842374e+00 -5.248059526801621688e-01
1.967306005602445618e+00 -5.273055230696791496e-01
1.999296462240544692e+00 -5.297125037345070675e-01
2.028607470581077710e+00 -5.320313896892707728e-01
2.055316070925984562e+00 -5.342666759485947825e-01
2.079499303577203584e+00 -5.364228575271035027e-01
2.101234208836673556e+00 -5.385044294394215614e-01
2.120597827006333702e+00 -5.405158867001738088e-01
2.137667198388123246e+00 -5.424617243239846509e-01
2.152519363283979192e+00 -5.443464373254786048e-01
2.165231361995841208e+00 -5.461745207192802987e-01
2.175880234825648962e+00 -5.479504695200141384e-01
2.184543022075340790e+00 -5.496787787423049743e-01
2.191296764046854584e+00 -5.513639434007771012e-01
2.196218501042130455e+00 -5.530104585100553694e-01
2.199385273363106741e+00 -5.546228190847642958e-01
2.200874121311721776e+00 -5.562055201395280646e-01
2.200762085189914341e+00 -5.577630566889718589e-01
2.199126205299624548e+00 -5.592999237477198626e-01
2.196043521942789400e+00 -5.608206163303968150e-01
2.191591075421349455e+00 -5.623296294516272331e-01
2.185845906037242603e+00 -5.638314581260356340e-01
2.178885054092406293e+00 -5.653305973682466457e-01
2.170785559888782412e+00 -5.668315421928847853e-01
2.161624463728307521e+00 -5.683387876145747919e-01
2.151478805912920844e+00 -5.698568286479411826e-01
2.140425626744561161e+00 -5.713901603076082525e-01
2.128541966525167695e+00 -5.729432776082008516e-01
2.115904865556678782e+00 -5.745206755643436081e-01
2.102591364141033647e+00 -5.761268491906609279e-01
2.088678502580171070e+00 -5.777662935017773282e-01
2.074243321176028942e+00 -5.794435035123176592e-01
2.059362860230547376e+00 -5.811629742369063267e-01
2.044114160045664708e+00 -5.829292006901678480e-01
2.028574260923319272e+00 -5.847466778867269621e-01
2.012820203165450295e+00 -5.866199008412079641e-01
1.996929027073996554e+00 -5.885533645682358150e-01
1.980977772950896831e+00 -5.905515640824346990e-01
1.965043481098090572e+00 -5.926189943984295772e-01
1.949203191817515002e+00 -5.947601505308445224e-01
1.933533945411110233e+00 -5.969795274943046071e-01
1.918112782180814380e+00 -5.992816203034342371e-01
1.903016742428566666e+00 -6.016709239728578185e-01
1.888322866456306093e+00 -6.041519335172002014e-01
1.874108194565970997e+00 -6.067291439510856810e-01
1.860449767059500159e+00 -6.094070502891391072e-01
1.847424624238832580e+00 -6.121901475459847752e-01
1.835109806405907484e+00 -6.150829307362474241e-01
1.823582353862662764e+00 -6.180898948745517929e-01
1.812919306911037642e+00 -6.212155349755219547e-01
1.803197705852971122e+00 -6.244643460537829815e-01
1.794494590990401761e+00 -6.278408231239590576e-01
1.786887002625269005e+00 -6.313494612006753659e-01
1.780451981059510524e+00 -6.349947552985557575e-01
1.775266566595065987e+00 -6.387812004322251935e-01
1.771407799533874172e+00 -6.427132916163083021e-01
1.768952720177872973e+00 -6.467955238654292671e-01
1.767978368829002056e+00 -6.510323921942129388e-01
1.768561785789200647e+00 -6.554283916172841673e-01
1.770779844555476545e+00 -6.599879961638699388e-01
1.774639278065196724e+00 -6.647068556186105370e-01
1.779968291314058870e+00 -6.695581595201635094e-01
1.786567101969370297e+00 -6.745115763769531370e-01
1.794235927698439648e+00 -6.795367746974040335e-01
1.802774986168575122e+00 -6.846034229899404799e-01
1.811984495047085808e+00 -6.896811897629873123e-01
1.821664672001280127e+00 -6.947397435249691444e-01
1.831615734698466502e+00 -6.997487527843103683e-01
1.841637900805952910e+00 -7.046778860494354868e-01
1.851531387991048216e+00 -7.094968118287690029e-01
1.861096413921060844e+00 -7.141751986307355304e-01
1.870133196263299658e+00 -7.186827149637597945e-01
1.878441952685072192e+00 -7.229890293362656317e-01
1.885822900853688200e+00 -7.270638102566785443e-01
1.892076258436454994e+00 -7.308767262334223691e-01
1.897002243100681662e+00 -7.343974457749221640e-01
1.900404288746205594e+00 -7.375963453372689216e-01
1.902287937241406768e+00 -7.404882887895442023e-01
1.902977365890260453e+00 -7.431582770979415775e-01
1.902824798647734683e+00 -7.456974847751729474e-01
1.902182459468795495e+00 -7.481970863339502120e-01
1.901402572308411587e+00 -7.507482562869858267e-01
1.900837361121549662e+00 -7.534421691469918025e-01
1.900839049863177088e+00 -7.563699994266800397e-01
1.901759862488261676e+00 -7.596229216387628824e-01
1.903952022951770573e+00 -7.632921102959524529e-01
1.907767755208672478e+00 -7.674687399109612063e-01
1.913559283213933426e+00 -7.722439849965009318e-01
1.921678830922521453e+00 -7.777090200652839735e-01
1.932478622289403702e+00 -7.839550196300221208e-01
1.946310881269548432e+00 -7.910731582034279397e-01
1.963527831817922342e+00 -7.991546102982134414e-01
1.984481697889493468e+00 -8.082905504270907482e-01
2.009524703439228510e+00 -8.185721531027719822e-01
2.039009072422095947e+00 -8.300905928379694876e-01
2.073287028793062703e+00 -8.429370441453951646e-01
2.112710796507096145e+00 -8.572026815377610243e-01
2.157632599519164085e+00 -8.729786795277796330e-01
