1.397521362473769513e-01 1.150372269145782278e+00
4.937787195032598137e-02 8.836125363761339058e-01
-2.623559518170648017e-02 6.532175527241553814e-01
-8.808360066687721812e-02 4.568680899716798804e-01
-1.371614800233430798e-01 2.922449199005416887e-01
-1.744645687692605585e-01 1.570288142925753971e-01
-2.009882024227866160e-01 4.890054492961450755e-02
-2.177277165020781169e-01 -3.445911640650701352e-02
-2.256784465252915928e-01 -9.536939793395476928e-02
-2.258357280105840470e-01 -1.361495278708952372e-01
-2.191948964761118723e-01 -1.591187344354939304e-01
-2.067512874400321832e-01 -1.665962458459169793e-01
-1.895002364205015943e-01 -1.609012903203304035e-01
-1.684370789356768872e-01 -1.443530960769002780e-01
-1.445571505037147597e-01 -1.192708913337922061e-01
-1.188557866427721599e-01 -8.797390430917272075e-02
-9.232832287100568858e-02 -5.278136322120739743e-02
-6.597009470657207164e-02 -1.601249628806222444e-02
-4.077643766762828470e-02 2.001346827209647336e-02
-1.774268727233085582e-02 5.297730224110318992e-02
2.135820961163334333e-03 8.055977740079162119e-02
1.786375151469759073e-02 1.004416655329959385e-01
2.849365045331311852e-02 1.103978687706220624e-01
3.392823614968241280e-02 1.098746420391100015e-01
3.480062734786368989e-02 9.975413354038742408e-02
3.176769671373218945e-02 8.096518928482145105e-02
2.548631691316305056e-02 5.443665528277906451e-02
1.661336061203123535e-02 2.109737754462708698e-02
5.805700476212175172e-03 -1.812379791926680903e-02
-6.279790828419138347e-03 -6.229802509853583914e-02
-1.898624063598756614e-02 -1.104964579828131843e-01
-3.165677628061798476e-02 -1.617902505617317133e-01
-4.363452509643513805e-02 -2.152505568249240830e-01
-5.426261441756400489e-02 -2.699485307620236307e-01
-6.288417157812929703e-02 -3.249553263626628330e-01
-6.884232391225594827e-02 -3.793420976164749159e-01
-7.148019875406882995e-02 -4.321799985130924671e-01
-7.014092343769269544e-02 -4.825401830421488514e-01
-6.416762529725257569e-02 -5.294938051932768230e-01
-5.290343166687310611e-02 -5.721120189561095248e-01
-3.569146988067923437e-02 -6.094659783202796000e-01
-1.187486727279588386e-02 -6.406268372754200247e-01
1.920324882265200123e-02 -6.646657498111638862e-01
5.819975107153987914e-02 -6.806538699171439388e-01
1.057715121397428404e-01 -6.876623515829930477e-01
1.625754046931359165e-01 -6.847623487983444113e-01
2.292682594716614897e-01 -6.710250550205355546e-01
3.058645972514552058e-01 -6.461263133453326590e-01
3.901129648662999827e-01 -6.118750807887813892e-01
4.792624676788099780e-01 -5.705504722688367059e-01
5.705622110515978784e-01 -5.244316027034543470e-01
6.612613003472767037e-01 -4.757975870105895511e-01
7.486088409284590295e-01 -4.269275401081978893e-01
8.298539381577588747e-01 -3.801005769142346558e-01
9.022456973977882599e-01 -3.375958123466554217e-01
9.630332240111610931e-01 -3.016923613234158141e-01
1.009542155832315657e+00 -2.746170152166661493e-01
1.041163405407087739e+00 -2.571845830937557476e-01
1.059538335752280735e+00 -2.486712911762225253e-01
1.066421963130358419e+00 -2.482756634937989537e-01
1.063569303803785004e+00 -2.551962240762180034e-01
1.052735374035024929e+00 -2.686314969532124786e-01
1.035675190086541297e+00 -2.877800061545150445e-01
1.014143768220798769e+00 -3.118402757098583389e-01
9.898961247002612263e-01 -3.400108296489754434e-01
9.646872757873924398e-01 -3.714901920015987180e-01
9.402722377446564028e-01 -4.054768867974612445e-01
9.184060268345174416e-01 -4.411694380662956050e-01
9.008436593194394382e-01 -4.777663698378344370e-01
8.893401514618861636e-01 -5.144662061418108223e-01
8.856505195243217221e-01 -5.504674710079571209e-01
8.915297797692101067e-01 -5.849686884660060260e-01
9.087323720962423579e-01 -6.171685753998943369e-01
9.380527846883827126e-01 -6.465870539006103312e-01
9.773659316366287708e-01 -6.737209518601037228e-01
1.023993711888917524e+00 -6.992521391265339448e-01
1.075258024393185519e+00 -7.238624855480603193e-01
1.128480768097369191e+00 -7.482338609728423906e-01
1.180983841949405200e+00 -7.730481352490392588e-01
1.230089144897230646e+00 -7.989871782248110232e-01
1.273118575888781967e+00 -8.267328597483161179e-01
1.307394033871995820e+00 -8.569670496677147531e-01
1.330237417794808641e+00 -8.903716178311659180e-01
1.338970626605157310e+00 -9.276284340868291567e-01
1.330920141721914751e+00 -9.694180093001460996e-01
1.304644892966937864e+00 -1.016055358056749958e+00
1.261594340234301725e+00 -1.066998276104131671e+00
1.203631842134641916e+00 -1.121581812922470611e+00
1.132620757278596013e+00 -1.179141017991945484e+00
1.050424444276799152e+00 -1.239010940792735438e+00
9.589062617398891319e-01 -1.300526630805019623e+00
8.599295682785014217e-01 -1.363023137508977189e+00
7.553577225032731546e-01 -1.425835510384787064e+00
6.470540830248406872e-01 -1.488298798912628396e+00
5.368820084538401538e-01 -1.549748052572680113e+00
4.267048574009084105e-01 -1.609518320845120920e+00
3.183859884766826465e-01 -1.666944653210130189e+00
2.137887602917974417e-01 -1.721362099147887292e+00
1.147765314568902489e-01 -1.772105708138571378e+00
2.321266058259749757e-02 -1.818510529662361153e+00
-5.903949372044419580e-02 -1.859911613199435765e+00
-1.301770030850322168e-01 -1.895669244660611596e+00
-1.895800985103436587e-01 -1.925637812207274813e+00
-2.377075779437906322e-01 -1.950122127140460737e+00
-2.750576949019579720e-01 -1.969443477903743078e+00
-3.021287029014312342e-01 -1.983923152940697099e+00
-3.194188554587960027e-01 -1.993882440694897840e+00
-3.274264060906373341e-01 -1.999642629609918787e+00
-3.266496083135406181e-01 -2.001525008129335426e+00
-3.175867156440912997e-01 -1.999850864696721242e+00
-3.007359815988747131e-01 -1.994941487755651943e+00
-2.765956596944759704e-01 -1.987118165749700571e+00
-2.456640034474806833e-01 -1.976702187122443499e+00
-2.084392663744741858e-01 -1.964014840317454214e+00
-1.654197019920416456e-01 -1.949377413778306867e+00
-1.171035638167686882e-01 -1.933111195948577166e+00
-6.398910536524159143e-02 -1.915537475271839041e+00
-6.574580154043499318e-03 -1.896977540191667311e+00
5.464175830023915159e-02 -1.877752679151635906e+00
1.191616564810210332e-01 -1.858184180595319424e+00
1.864868608717167864e-01 -1.838593332966292682e+00
2.561077670545096607e-01 -1.819306681256490421e+00
3.270238815995346049e-01 -1.800878098823978535e+00
3.975667370809534695e-01 -1.784170794606551702e+00
4.660200413832162880e-01 -1.770070124928290634e+00
5.306675023907725386e-01 -1.759461446113274041e+00
5.897928279880724212e-01 -1.753230114485581304e+00
6.416797260595653585e-01 -1.752261486369292465e+00
6.846119044897016614e-01 -1.757440918088486903e+00
7.168730711629310859e-01 -1.769653765967244663e+00
7.367469339637036096e-01 -1.789785386329644901e+00
7.425172007764689885e-01 -1.818721135499767660e+00
7.324675794856766453e-01 -1.857346369801691432e+00
7.048817779757772239e-01 -1.906546445559497371e+00
6.580435041312199251e-01 -1.967206719097264189e+00
5.902364658364551708e-01 -2.040212546739071708e+00
4.997443709759325503e-01 -2.126449284808999085e+00
3.848509274341017083e-01 -2.226802289631126808e+00
2.438398430954129559e-01 -2.342156917529534255e+00
7.499482584431614585e-02 -2.473398524828300360e+00
-1.135278194847518934e-01 -2.615790513935289496e+00
-2.740233079738773059e-01 -2.742075390921561606e+00
-3.504405767613300027e-01 -2.820221248850232509e+00
-3.289213057778293536e-01 -2.841636316539923435e+00
-2.417076998565350632e-01 -2.823339922979492211e+00
-1.233799021725511119e-01 -2.783650271626109785e+00
-1.821652614539002362e-03 -2.737419414610181789e+00
1.178370677542593531e-01 -2.687721742537256375e+00
2.352946520416731579e-01 -2.635132412495527987e+00
3.502494933555321266e-01 -2.580226581573195954e+00
4.623999848036650651e-01 -2.523579406858452057e+00
5.714445194939015149e-01 -2.465766045439493848e+00
6.770814905340706291e-01 -2.407361654404517104e+00
7.790092910320020048e-01 -2.348941390841716714e+00
8.769263140955244618e-01 -2.291080411839288900e+00
9.705309528324674861e-01 -2.234353874485429881e+00
1.059521600350660897e+00 -2.179336935868334990e+00
1.143596649757933070e+00 -2.126604753076199561e+00
1.222454494162113603e+00 -2.076732483197218926e+00
1.295793526671032314e+00 -2.030295283319590638e+00
1.363312140392517913e+00 -1.987868310531508032e+00
1.424708728434399552e+00 -1.950026721921168216e+00
1.479681683904507272e+00 -1.917345674576767189e+00
1.527929399910669783e+00 -1.890400325586500063e+00
1.569195879439167163e+00 -1.869695845745495522e+00
1.603628438164463876e+00 -1.855118540792623838e+00
1.631584772362463243e+00 -1.846231896960803809e+00
1.653424399743432138e+00 -1.842596605574404300e+00
1.669506838017638994e+00 -1.843773357957793069e+00
1.680191604895350244e+00 -1.849322845435339424e+00
1.685838218086834095e+00 -1.858805759331412011e+00
1.686806195302356981e+00 -1.871782790970378363e+00
1.683455054252187111e+00 -1.887814631676608013e+00
1.676144312646591805e+00 -1.906461972774469382e+00
1.665233488195837497e+00 -1.927285505588330672e+00
1.651082098610192395e+00 -1.949845921442560748e+00
1.634049661599924042e+00 -1.973703911661528254e+00
1.614495694875299980e+00 -1.998420167569601835e+00
1.592779716146586422e+00 -2.023555380491149247e+00
1.569252196366613505e+00 -2.048680608743492559e+00
1.544072254110514741e+00 -2.073586187966773409e+00
1.517216509361377863e+00 -2.098271585264053662e+00
1.488654307347892392e+00 -2.122744604131640234e+00
1.458354993298748514e+00 -2.147013048065841367e+00
1.426287912442636419e+00 -2.171084720562963088e+00
1.392422410008246070e+00 -2.194967425119314086e+00
1.356727831224267211e+00 -2.218668965231200829e+00
1.319173521319389808e+00 -2.242197144394930675e+00
1.279728825522304048e+00 -2.265559766106811423e+00
1.238363089061699229e+00 -2.288764633863149989e+00
1.195045657166265984e+00 -2.311819551160253283e+00
1.149745875064693834e+00 -2.334732321494428664e+00
1.102433087985673854e+00 -2.357510748361983488e+00
1.053076641157894455e+00 -2.380162635259226001e+00
1.001645879810045825e+00 -2.402695785682462226e+00
9.481101491708180395e-01 -2.425118003128000410e+00
8.924387944689011753e-01 -2.447437091092147021e+00
8.346011609329853087e-01 -2.469660853071209861e+00
7.745665937917600719e-01 -2.491797092561495397e+00
7.123044382739158742e-01 -2.513853613059312764e+00
6.477840396081421259e-01 -2.535838218060966653e+00
