-2.561653608030866058e-01 -5.919817303936821817e-01
-2.490478740754069609e-01 -3.687581171144618808e-01
-2.457008023677870467e-01 -1.613695985860802429e-01
-2.459097151584135610e-01 3.073433047462916998e-02
-2.494601819254735064e-01 2.081041753508329761e-01
-2.561377721471533309e-01 3.712904413256979952e-01
-2.657280553016401203e-01 5.208436336823907276e-01
-2.780166008671204891e-01 6.573142577040778090e-01
-2.927889783217814124e-01 7.812528186739254865e-01
-3.098307571438094210e-01 8.932098218751001184e-01
-3.289275068113916567e-01 9.937357725907692840e-01
-3.498647968027147614e-01 1.083381176104099008e+00
-3.724281965959653773e-01 1.162696537698255650e+00
-3.964032756693305903e-01 1.232232362656405789e+00
-4.215756035009969871e-01 1.292539156261716782e+00
-4.477307495691513206e-01 1.344167423797354211e+00
-4.746542833519805660e-01 1.387667670546484988e+00
-5.021317743276714207e-01 1.423590401792275584e+00
-5.299487919744105824e-01 1.452486122817892911e+00
-5.578909057703851371e-01 1.474905338906503882e+00
-5.857436851937817268e-01 1.491398555341274301e+00
-6.132926997227872157e-01 1.502516277405371303e+00
-6.403235188355882457e-01 1.508809010381961357e+00
-6.666217120103716809e-01 1.510827259554210267e+00
-6.919728487253239413e-01 1.509121530205284945e+00
-7.161624984586326681e-01 1.504242327618353192e+00
-7.389762306884841703e-01 1.496740157076580369e+00
-7.601996148930649788e-01 1.487165523863133387e+00
-7.796182205505622909e-01 1.476068933261178273e+00
-7.970176171391627484e-01 1.464000890553882828e+00
-8.121833741370534376e-01 1.451511901024412854e+00
-8.249010610224207785e-01 1.439152469955934599e+00
-8.349562472734515239e-01 1.427473102631615420e+00
-8.421345023683328712e-01 1.417024304334621343e+00
-8.462267095499328429e-01 1.408348587698883714e+00
-8.472289437897890796e-01 1.401679828146914941e+00
-8.454030352557272421e-01 1.396852167918835042e+00
-8.410284951260373898e-01 1.393673154528944247e+00
-8.343848345790092491e-01 1.391950335491542790e+00
-8.257515647929309921e-01 1.391491258320929791e+00
-8.154081969460929002e-01 1.392103470531405929e+00
-8.036342422167843669e-01 1.393594519637270768e+00
-7.907092117832945632e-01 1.395771953152824763e+00
-7.769126168239127717e-01 1.398443318592366813e+00
-7.625239685169286075e-01 1.401416163470197596e+00
-7.478227780406313530e-01 1.404498035300616898e+00
-7.330885565733105125e-01 1.407496481597925397e+00
-7.186008152932552573e-01 1.410219049876421549e+00
-7.046390653787555358e-01 1.412473287650406695e+00
-6.914828180080999642e-01 1.414066742434179957e+00
-6.794115843595784909e-01 1.414806961742041569e+00
-6.687048756114803982e-01 1.414501493088291761e+00
-6.596422029420947464e-01 1.412957883987229657e+00
-6.525030775297115948e-01 1.409983681953155932e+00
-6.475670105526197817e-01 1.405386434500370596e+00
-6.451135131891089225e-01 1.398973689143173216e+00
-6.454220966174682994e-01 1.390552993395863579e+00
-6.487722720159876388e-01 1.379931894772742140e+00
-6.554435505629557790e-01 1.366917940788108465e+00
-6.657154434366625573e-01 1.351318678956262787e+00
-6.798674618153971450e-01 1.332941656791504892e+00
-6.981791168774490464e-01 1.311594421808134792e+00
-7.209299198011077658e-01 1.287084521520452496e+00
-7.483993817646624747e-01 1.259219503442757349e+00
-7.808670139464026771e-01 1.227806915089350248e+00
-8.186123275246178776e-01 1.192654303974530317e+00
-8.619148336775974695e-01 1.153569217612598674e+00
-9.110540435836305129e-01 1.110359203517853999e+00
-9.663094684210066232e-01 1.062831809204596523e+00
-1.027834462580231811e+00 1.010880634385091792e+00
-1.093954746384439014e+00 9.556459174292337710e-01
-1.161619215084878309e+00 8.992070362152274621e-01
-1.227743042521971306e+00 8.436663701701536677e-01
-1.289242219617641405e+00 7.911257412342054263e-01
-1.343810879487419285e+00 7.431560523773336202e-01
-1.391369434315745224e+00 6.998092376709394991e-01
-1.432233897190147820e+00 6.608673164769796049e-01
-1.466720281198154563e+00 6.261123081574103688e-01
-1.495144599427294718e+00 5.953262320741882219e-01
-1.517822864965095775e+00 5.682911075892698172e-01
-1.535071090899085888e+00 5.447889540646110307e-01
-1.547205290316794102e+00 5.246017908621688486e-01
-1.554541476305747905e+00 5.075116373438994799e-01
-1.557395661953475008e+00 4.933005128717591892e-01
-1.556083860347505121e+00 4.817504368077047960e-01
-1.550922084575365290e+00 4.726434285136922875e-01
-1.542226347724584334e+00 4.657615073516782056e-01
-1.530312662882689523e+00 4.608866926836190925e-01
-1.515497043137210564e+00 4.578010038714714347e-01
-1.498095501575674948e+00 4.562864602771916633e-01
-1.478424051285610163e+00 4.561250812627358764e-01
-1.456798705354545476e+00 4.570988861900608380e-01
-1.433535476870008152e+00 4.589898944211229237e-01
-1.408950378919527679e+00 4.615801253178784536e-01
-1.383359424590631770e+00 4.646515982422840252e-01
-1.357078626970847912e+00 4.679863325562959586e-01
-1.330423999147705372e+00 4.713663476218705739e-01
-1.303711554208731194e+00 4.745736628009644686e-01
-1.277257305241455088e+00 4.773902974555340739e-01
-1.251377265333403432e+00 4.795982709475355432e-01
-1.226387447572106382e+00 4.809796026389259738e-01
-1.202603865045090537e+00 4.813163118916608529e-01
-1.180342530839885162e+00 4.803904180676972779e-01
-1.159919458044017970e+00 4.779839405289914578e-01
-1.141650659745017782e+00 4.738788986375000456e-01
-1.125852149030411864e+00 4.678573117551790284e-01
-1.112839938987729038e+00 4.597011992439851147e-01
-1.102930042704497904e+00 4.491925804658749022e-01
-1.096438473268245950e+00 4.361134747828044889e-01
-1.093681243766501554e+00 4.202459015567304168e-01
-1.094930833026870776e+00 4.014072811278490693e-01
-1.100010227924823614e+00 3.797805495209033433e-01
-1.108477211439791388e+00 3.557642999779526138e-01
-1.119886137755967903e+00 3.297599139521318889e-01
-1.133791361057546521e+00 3.021687728965753994e-01
-1.149747235528720157e+00 2.733922582644174870e-01
-1.167308115353683284e+00 2.438317515087934650e-01
-1.186028354716629041e+00 2.138886340828360100e-01
-1.205462307801750566e+00 1.839642874396806571e-01
-1.225164328793241442e+00 1.544600930324615817e-01
-1.244688771875295474e+00 1.257774323143132089e-01
-1.263589991232105580e+00 9.831768673837011641e-02
-1.281422341047865787e+00 7.248223775776650724e-02
-1.297740175506769233e+00 4.867246682563696608e-02
-1.312097848793009280e+00 2.728975539511589721e-02
-1.324049715090779289e+00 8.735484919337637225e-03
-1.333158807256209499e+00 -6.597312476467788109e-03
-1.339262831813164079e+00 -1.857985483524342285e-02
-1.342523752722126984e+00 -2.739531249905475044e-02
-1.343122215063266900e+00 -3.324482800605983029e-02
-1.341238863916751844e+00 -3.632954389441669929e-02
-1.337054344362749170e+00 -3.685060270228333879e-02
-1.330749301481428004e+00 -3.500914696781783075e-02
-1.322504380352955478e+00 -3.100631922917817390e-02
-1.312500226057499830e+00 -2.504326202452242939e-02
-1.300917483675229525e+00 -1.732111789200870347e-02
-1.287936798286312134e+00 -8.041029369794859549e-03
-1.273738814970915900e+00 2.595861003960898538e-03
-1.258504178809208840e+00 1.438841069110059941e-02
-1.242413534881358750e+00 2.713547715346623784e-02
-1.225647528267534536e+00 4.063591785289970282e-02
-1.208386804047903107e+00 5.468859025124268164e-02
-1.190812007302633146e+00 6.909235181033782092e-02
-1.173103783111892229e+00 8.364605999202666398e-02
-1.155442776555848594e+00 9.814857225815123987e-02
-1.138009632714670261e+00 1.123987460705535568e-01
-1.120984996668525691e+00 1.261954388910755120e-01
-1.104549513497582458e+00 1.393375081815590444e-01
-1.088883828282008359e+00 1.516238114038462315e-01
-1.074168586101972078e+00 1.628532060197789288e-01
-1.060584432037641189e+00 1.728245494911990754e-01
-1.048312011169183933e+00 1.813366992799487765e-01
-1.037531968576768326e+00 1.881885128478699154e-01
-1.028424949340562167e+00 1.931788476568043755e-01
-1.021171598540733694e+00 1.961065611685942622e-01
-1.015952561257451148e+00 1.967705108450814588e-01
-1.012947934523088955e+00 1.949699034596847347e-01
-1.012276326594988118e+00 1.905431371505698079e-01
-1.013939436371550373e+00 1.834031250763424326e-01
-1.017925874541620423e+00 1.734711224839706467e-01
-1.024224251794044083e+00 1.606683846204222388e-01
-1.032823178817666498e+00 1.449161667326651914e-01
-1.043711266301332596e+00 1.261357240676674318e-01
-1.056877124933888190e+00 1.042483118723968594e-01
-1.072309365404178205e+00 7.917518539382137344e-02
-1.089996598401047789e+00 5.083759987890893589e-02
-1.109916955934552529e+00 1.917725074787397788e-02
-1.131926615696771110e+00 -1.562627710487358296e-02
-1.155803008799748177e+00 -5.323979223101236308e-02
-1.181322250927242079e+00 -9.332753724975842435e-02
-1.208260457763010720e+00 -1.355537547803283283e-01
-1.236393744990812893e+00 -1.795826874419387542e-01
-1.265498228294407390e+00 -2.250785778538063331e-01
-1.295350023357551672e+00 -2.717056686351477235e-01
-1.325725245864005419e+00 -3.191282024051795285e-01
-1.356400011497525870e+00 -3.670104217831185456e-01
-1.387150435941872040e+00 -4.150165693881812112e-01
-1.417752634880802498e+00 -4.628108878395844616e-01
-1.447982723998075594e+00 -5.100576197565447334e-01
-1.477616818977448787e+00 -5.564210077582785186e-01
-1.506431035502682647e+00 -6.015652944640031974e-01
-1.534201489257533302e+00 -6.451547224929345958e-01
-1.560704295925760432e+00 -6.868535344642896501e-01
-1.585715571191122608e+00 -7.263259729972851853e-01
-1.609011430737377513e+00 -7.632362807111376934e-01
-1.630367990248283938e+00 -7.972487002250637778e-01
-1.649561365407600233e+00 -8.280274741582802633e-01
-1.666367671899085190e+00 -8.552368451300038643e-01
-1.680563025406496713e+00 -8.785410557594508507e-01
-1.691923541613593596e+00 -8.976043486658381587e-01
-1.700225336204133741e+00 -9.120909664683823914e-01
-1.705244524861876387e+00 -9.216651517863002629e-01
-1.706757223270579660e+00 -9.259911472388084874e-01
-1.704539547114001685e+00 -9.247331954451235569e-01
-1.698367612075901034e+00 -9.175555390244620746e-01
-1.688017533840036499e+00 -9.041224205960410876e-01
-1.673265428090165985e+00 -8.840980827790768659e-01
-1.653887410510048062e+00 -8.571467681927861237e-01
-1.629659596783441522e+00 -8.229327194563855752e-01
-1.600358102594104048e+00 -7.811201791890917123e-01
-1.565759043625794877e+00 -7.313733900101215823e-01
