8.759586323043055955e-01 -9.191299439445991259e-01
7.875231332548171537e-01 -8.135422336439532831e-01
7.122026963022297652e-01 -7.192693334258027926e-01
6.491925667257937294e-01 -6.356554569970990221e-01
5.976879898047614548e-01 -5.620448180647944492e-01
5.568842108183844619e-01 -4.977816303358414407e-01
5.259764750459140492e-01 -4.422101075171914197e-01
5.041600277666020702e-01 -3.946744633157968640e-01
4.906301142597001563e-01 -3.545189114386099183e-01
4.845819798044599946e-01 -3.210876655925823941e-01
4.852108696801329391e-01 -2.937249394846665473e-01
4.917120291659706766e-01 -2.717749468218143560e-01
5.032807035412246721e-01 -2.545819013109777984e-01
5.191121380851468903e-01 -2.414900166591091302e-01
5.384015780769886295e-01 -2.318435065731604128e-01
5.603442687960018542e-01 -2.249865847600836799e-01
5.841354555214376409e-01 -2.202634649268309097e-01
6.089703835325480652e-01 -2.170183607803543024e-01
6.340442981085844254e-01 -2.145954860276059195e-01
6.585524445287983530e-01 -2.123390543755377391e-01
6.816900680724417017e-01 -2.095932795311019059e-01
7.026524140187658807e-01 -2.057023752012504814e-01
7.206347276470225216e-01 -2.000105550929355824e-01
7.348322542364632559e-01 -1.918620329131091873e-01
7.444402390663397151e-01 -1.806010223687234684e-01
7.486610045671986402e-01 -1.655768306383454957e-01
7.472755541657353229e-01 -1.465552453607036065e-01
7.410638343727607991e-01 -1.240209999807934949e-01
7.308932104625468495e-01 -9.852481421873941769e-02
7.174064750507985755e-01 -7.051498542430546801e-02
7.010435571157677126e-01 -4.034728955689380336e-02
6.822370947792545381e-01 -8.374177385723335226e-03
6.614197261630591074e-01 2.505190031998710820e-02
6.390240893889813645e-01 5.957849279101880280e-02
6.154828225788215867e-01 9.485314925815289955e-02
5.912285638543797184e-01 1.305234189521706500e-01
5.666937737706004841e-01 1.662369592914110517e-01
5.422133003838949250e-01 2.017009008306971107e-01
5.178627468868088890e-01 2.367803262867477498e-01
4.936751581970824643e-01 2.713662481918702740e-01
4.696835792324557390e-01 3.053496790783712944e-01
4.459210549106688015e-01 3.386216314785577275e-01
4.224206301494620175e-01 3.710731179247364064e-01
3.992153498665751421e-01 4.025951509492144420e-01
3.763382589797485966e-01 4.330787430842987229e-01
3.538224024067224693e-01 4.624149068622961933e-01
3.317008250652366264e-01 4.904946548155133534e-01
3.100065718730315445e-01 5.172089994762576470e-01
2.887726877478472010e-01 5.424489533768351857e-01
2.680322176074235729e-01 5.661055290495538017e-01
2.478182063695010262e-01 5.880697390267197733e-01
2.281636989518195935e-01 6.082325958406403776e-01
2.091017402721192797e-01 6.264851120236221149e-01
1.906653752481404784e-01 6.427183001079722624e-01
1.728876487976231391e-01 6.568231726259974312e-01
1.558016058383074609e-01 6.686907421100048987e-01
1.394402912879335044e-01 6.782120210923009429e-01
1.238367500642413438e-01 6.852780221051929521e-01
1.090240270849714144e-01 6.897797576809876485e-01
9.503516726786344349e-02 6.916082403519918653e-01
8.190321553065776916e-02 6.906544826505128798e-01
6.966121679109443798e-02 6.868094971088571921e-01
5.834221596691367695e-02 6.799642962593318574e-01
4.797257359878515093e-02 6.700427230520130673e-01
3.852128660639931451e-02 6.572503627177753716e-01
2.992815777478315467e-02 6.419361879157188255e-01
2.213275863776785479e-02 6.244503070986449078e-01
1.507466072918462602e-02 6.051428287193546529e-01
8.693435582864636121e-03 5.843638612306490954e-01
2.928654732639086270e-03 5.624635130853294918e-01
-2.280110287660837547e-03 5.397918927361965435e-01
-6.993287944203891229e-03 5.166991086360520624e-01
-1.127130670315900501e-02 4.935352692376964723e-01
-1.517459503069492135e-02 4.706504829939311407e-01
-1.876358139298045860e-02 4.483948583575571578e-01
-2.209869425618442990e-02 4.271185037813756691e-01
-2.524036208647564491e-02 4.071715277181877091e-01
-2.824901335002290986e-02 3.889040386207944788e-01
-3.118507651299504829e-02 3.726661449419969574e-01
-3.410898004156085600e-02 3.588079551345964568e-01
-3.708115240188916001e-02 3.476795776513938452e-01
-4.016202206014877346e-02 3.396311209451904900e-01
-4.341201748250848175e-02 3.350126934687871483e-01
-4.689156713513712577e-02 3.341744036749852431e-01
-5.066109948420344927e-02 3.374663600165856425e-01
-5.478841062030368608e-02 3.451481173938565905e-01
-5.944105713267514718e-02 3.562531004063755891e-01
-6.484917515238071417e-02 3.689952034852448381e-01
-7.110076951161299619e-02 3.825470126173829977e-01
-7.816992418913981666e-02 3.968564574735726214e-01
-8.602759599100122390e-02 4.118927512170378336e-01
-9.464474172323730783e-02 4.276251070110028141e-01
-1.039923181918881445e-01 4.440227380186917427e-01
-1.140412822029938100e-01 4.610548574033286884e-01
-1.247625905625943388e-01 4.786906783281377198e-01
-1.361272000767298485e-01 4.968994139563432388e-01
-1.481060675514402625e-01 5.156502774511689813e-01
-1.606701497927659206e-01 5.349124819758396265e-01
-1.737904036067468017e-01 5.546552406935789659e-01
-1.874377857994228846e-01 5.748477667676111791e-01
-2.015832531768343427e-01 5.954592733611605571e-01
-2.161977625450211826e-01 6.164589736374510576e-01
-2.312522707100234942e-01 6.378160807597071935e-01
-2.467177344778813675e-01 6.594998078911525896e-01
-2.625651106546348368e-01 6.814793681950116477e-01
-2.787653560463240199e-01 7.037239748345084367e-01
-2.952894274589889512e-01 7.262028409728671363e-01
-3.121082816986697761e-01 7.488851797733121485e-01
-3.291928755714065291e-01 7.717402043990670979e-01
-3.465141658832391891e-01 7.947371280133564975e-01
-3.640431094402079015e-01 8.178451637794045270e-01
-3.817506630483528673e-01 8.410335248604351444e-01
-3.996077835137139544e-01 8.642714244196727513e-01
-4.175854276423314193e-01 8.875280756203411947e-01
-4.356545522402451298e-01 9.107726916256646543e-01
-4.537861141134952869e-01 9.339744855988674210e-01
-4.719510700681215365e-01 9.571026707031730085e-01
-4.901203769101648011e-01 9.801264601018067069e-01
-5.082649914456648377e-01 1.003015066957992252e+00
-5.263558704806614585e-01 1.025737704434953379e+00
-5.443639708211948092e-01 1.048263585695914601e+00
-5.622602492733049795e-01 1.070561923904099766e+00
-5.800156626430321705e-01 1.092601932222733163e+00
-5.976011677364164720e-01 1.114352823815039306e+00
-6.149877213594976411e-01 1.135783811844241598e+00
-6.321462803183163226e-01 1.156864109473564994e+00
-6.490478014189118294e-01 1.177562929866232899e+00
-6.656632414673248066e-01 1.197849486185469825e+00
-6.819635572695952330e-01 1.217692991594500063e+00
-6.979197056317629766e-01 1.237062659256547237e+00
-7.135026433598684603e-01 1.255927702334836527e+00
-7.286833272599513300e-01 1.274257333992590668e+00
-7.434327141380518977e-01 1.292020767393034619e+00
-7.577217608002103644e-01 1.309187215699392892e+00
-7.715214240524663758e-01 1.325725892074888668e+00
-7.848026607008604660e-01 1.341606009682746903e+00
-7.975364275514323920e-01 1.356796781686191222e+00
-8.096936814102224655e-01 1.371267421248446139e+00
-8.212453790832705547e-01 1.384987141532735500e+00
-8.321624773766169714e-01 1.397925155702283595e+00
-8.424159330963015835e-01 1.410050676920314716e+00
-8.519767030483641479e-01 1.421332918350052488e+00
-8.608157440388455317e-01 1.431741093154721645e+00
-8.689040128737853808e-01 1.441244414497546478e+00
-8.762124663592236740e-01 1.449812095541750390e+00
-8.827120613012006123e-01 1.457413349450557893e+00
-8.883737545057562857e-01 1.464017389387193058e+00
-8.931685027789306730e-01 1.469593428514880395e+00
-8.970672629267638643e-01 1.474110679996843531e+00
-9.000409917552960604e-01 1.477538356996307201e+00
-9.020606464036113881e-01 1.479845672878139506e+00
-9.031643626595254881e-01 1.481042514945533295e+00
-9.036453691303862890e-01 1.481293218824242031e+00
-9.038574331439098719e-01 1.480798773871895291e+00
-9.041543220278123183e-01 1.479760169446123319e+00
-9.048898031098097094e-01 1.478378394904555915e+00
-9.064176437176175716e-01 1.476854439604822433e+00
-9.090916111789522080e-01 1.475389292904554006e+00
-9.132654728215294782e-01 1.474183944161379323e+00
-9.192929959730655742e-01 1.473439382732929070e+00
-9.275279479612759115e-01 1.473356597976832605e+00
-9.383240961138774594e-01 1.474136579250720613e+00
-9.520352077585851891e-01 1.475980315912222229e+00
-9.690150502231159590e-01 1.479088797318968362e+00
-9.896173908351851845e-01 1.483663012828588146e+00
-1.013798753489134175e+00 1.489717537459526842e+00
-1.035634185265281726e+00 1.494489321331419651e+00
-1.052184818194851879e+00 1.496520889761106199e+00
-1.063634145962390809e+00 1.495787668890954603e+00
-1.070168296483836601e+00 1.492266295807899601e+00
-1.071973397675128004e+00 1.485933407598875045e+00
-1.069235577452202213e+00 1.476765641350814562e+00
-1.062140963730997756e+00 1.464739634150652892e+00
-1.050875684427452716e+00 1.449832023085324106e+00
-1.035625867457505844e+00 1.432019445241762501e+00
-1.016577640737095223e+00 1.411278537706903036e+00
-9.939171321821584915e-01 1.387585937567678673e+00
-9.678304697086337338e-01 1.360918281911023264e+00
-9.385037812324600326e-01 1.331252207823872657e+00
-9.061231946695752493e-01 1.298564352393160259e+00
-8.708748379359170233e-01 1.262831352705819921e+00
-8.329448389474242154e-01 1.224029845848786380e+00
-7.925193256200351311e-01 1.182136468908993931e+00
-7.497844258696870767e-01 1.137127858973376204e+00
-7.049262676123191351e-01 1.088980653128867715e+00
-6.581309787638691677e-01 1.037671488462402758e+00
-6.095846872402752581e-01 9.831770020609152949e-01
-5.594735209574758228e-01 9.254738310113398425e-01
-5.079836078314091674e-01 8.645386124006106954e-01
-4.553029987486244545e-01 8.003506185412722074e-01
-4.022171446368628667e-01 7.337077946257595240e-01
-3.509524101328782564e-01 6.673827040160649204e-01
-3.039480485006386679e-01 6.044396511748162393e-01
-2.636433130041094253e-01 5.479429405646381035e-01
-2.324774569072586006e-01 5.009568766481587998e-01
-2.128897334740535718e-01 4.665457638880056157e-01
-2.073193959684614673e-01 4.477739067468055056e-01
-2.182056976544495264e-01 4.477056096871853685e-01
-2.479878917959850437e-01 4.694051771717726584e-01
-2.991052316570351199e-01 5.159369136631940522e-01
-3.739969705015669943e-01 5.903651236240767819e-01
