5.796168158243162338e-01 -2.870221489760503286e-01
7.218540085876850032e-01 -2.248048057177705616e-01
8.331468525008575154e-01 -1.664362108501762083e-01
9.160782208992107600e-01 -1.117177375777781423e-01
9.732309871181220595e-01 -6.045075910508700828e-02
1.007188024492969181e+00 -1.243664863661388120e-02
1.020532206359130001e+00 3.252322062313051793e-02
1.015846406051981621e+00 7.462747546963539869e-02
9.957134969069006969e-01 1.140747426983898111e-01
9.627163522592653289e-01 1.510636491048829300e-01
9.194378454444531723e-01 1.857928214846040482e-01
8.684608497978416608e-01 2.184608866330421673e-01
8.123682386548076728e-01 2.492664713456864967e-01
7.537428853507294191e-01 2.784082024180263293e-01
6.951674386523581939e-01 3.060846915764128817e-01
6.386733068204101249e-01 3.324575608783471581e-01
5.845549381625251284e-01 3.575718778597241632e-01
5.327655189994945362e-01 3.814498104912820153e-01
4.832582356521094580e-01 4.041135267437591105e-01
4.359862744411603930e-01 4.255851945878939557e-01
3.909028216874383954e-01 4.458869819944249469e-01
3.479610637117350191e-01 4.650410569340904243e-01
3.071141868348399862e-01 4.830695873776285620e-01
2.683153773775450723e-01 4.999947412957780335e-01
2.315178216606410266e-01 5.158386866592770126e-01
1.966747060049184870e-01 5.306235914388640618e-01
1.637392167311688129e-01 5.443716236052772439e-01
1.326645401601827812e-01 5.571049511292552880e-01
1.034038626127510713e-01 5.688457419815364791e-01
7.591037040966512606e-02 5.796161641328589909e-01
5.013724987171524344e-02 5.894383855539616635e-01
2.603768731969263034e-02 5.983345742155822267e-01
3.564869074388265537e-03 6.063268980884595205e-01
-1.732801854340699707e-02 6.134375251433316079e-01
-3.668778921290228451e-02 6.196886233509373287e-01
-5.456125661330660237e-02 6.251023606820146350e-01
-7.099523442382890681e-02 6.297009051073019226e-01
-8.603653632367848358e-02 6.335064245975379205e-01
-9.973197599206430619e-02 6.365410871234605805e-01
-1.121283671081954869e-01 6.388270606558089648e-01
-1.232725233512809576e-01 6.403865131653204701e-01
-1.332112584005300249e-01 6.412416126227341584e-01
-1.419913859351516205e-01 6.414145269987880926e-01
-1.496597196343548986e-01 6.409274242642208907e-01
-1.562630731773489434e-01 6.398024723897708377e-01
-1.618482602433427009e-01 6.380618393461762183e-01
-1.664620945115453388e-01 6.357276931041755397e-01
-1.701513896611660248e-01 6.328222016345070866e-01
-1.729629593714136215e-01 6.293675329079092551e-01
-1.749436173214973245e-01 6.253858548951204410e-01
-1.761401771906262737e-01 6.208993355668789293e-01
-1.765994526580094426e-01 6.159301428939232270e-01
-1.763682574028560268e-01 6.105004448469919520e-01
-1.754934051043749721e-01 6.046324093968228341e-01
-1.740217094417754184e-01 5.983482045141547134e-01
-1.719999840942663949e-01 5.916699981697259858e-01
-1.694750427410570415e-01 5.846199583342747141e-01
-1.664936990613564149e-01 5.772202529785395164e-01
-1.631027667343736554e-01 5.694930500732590106e-01
-1.593490594393176529e-01 5.614605175891709266e-01
-1.552793908553976865e-01 5.531448234970143263e-01
-1.509405746618227018e-01 5.445681357675269396e-01
-1.463794245378018943e-01 5.357526223714477176e-01
-1.416427541625442654e-01 5.267204512795147231e-01
-1.367773772152587608e-01 5.174937904624662410e-01
-1.318301073751546870e-01 5.080948078910408894e-01
-1.268477583214411009e-01 4.985456715359770086e-01
-1.218771437333268787e-01 4.888685493680129390e-01
-1.169650772900212438e-01 4.790856093578870212e-01
-1.121583726707333639e-01 4.692190194763377065e-01
-1.075038435546720877e-01 4.592909476941032243e-01
-1.030483036210467079e-01 4.493235619819221927e-01
-9.883856654906612860e-02 4.393390303105327299e-01
-9.492144601793957304e-02 4.293595206506733986e-01
-9.134375570687598700e-02 4.194072009730824835e-01
-8.815230929508453828e-02 4.095042392484984362e-01
-8.539392046177424200e-02 3.996728034476594305e-01
-8.311540288615421046e-02 3.899350615413041954e-01
-8.136357024743351429e-02 3.803131815001707938e-01
-8.018523622482125190e-02 3.708293312949976772e-01
-7.962721449752646619e-02 3.615056788965232970e-01
-7.973631874475825554e-02 3.523643922754861046e-01
-8.055936264572570449e-02 3.434276394026242740e-01
-8.214315987963785592e-02 3.347175882486762566e-01
-8.453452412570376662e-02 3.262564067843806148e-01
-8.778026906313264599e-02 3.180662629804754116e-01
-9.192720837113338428e-02 3.101693248076992093e-01
-9.702215572891520479e-02 3.025877602367904040e-01
-1.031119245938573320e-01 2.953437371734579098e-01
-1.102178338030657540e-01 2.884519497818225919e-01
-1.182654469446218215e-01 2.818990215985848202e-01
-1.271578507507014622e-01 2.756649870757298948e-01
-1.367981319534805895e-01 2.697298806652434489e-01
-1.470893772851351311e-01 2.640737368191108381e-01
-1.579346734778410144e-01 2.586765899893175291e-01
-1.692371072637741392e-01 2.535184746278490997e-01
-1.808997653751103218e-01 2.485794251866909055e-01
-1.928257345440257953e-01 2.438394761178283576e-01
-2.049181015026962094e-01 2.392786618732469783e-01
-2.170813269007143553e-01 2.348772204403831443e-01
-2.292650145639578141e-01 2.306220774260485107e-01
-2.414730313622047986e-01 2.265081970956879243e-01
-2.537124614369142273e-01 2.225310203291582800e-01
-2.659903889295451851e-01 2.186859880063165285e-01
-2.783138979815567016e-01 2.149685410070197034e-01
-2.906900727344077229e-01 2.113741202111245887e-01
-3.031259973295574173e-01 2.078981664984882183e-01
-3.156287559084648420e-01 2.045361207489676258e-01
-3.282054326125888877e-01 2.012834238424196787e-01
-3.408631115833888336e-01 1.981355166587013827e-01
-3.536088769623235151e-01 1.950878400776695498e-01
-3.664498128908518781e-01 1.921358349791812414e-01
-3.793930035104332577e-01 1.892749422430934358e-01
-3.924455329625263778e-01 1.865006027492629448e-01
-4.056144853885905732e-01 1.838082573775468853e-01
-4.189069449300845682e-01 1.811933470078020414e-01
-4.323299957284674200e-01 1.786513125198855578e-01
-4.458907219251985188e-01 1.761775947936541631e-01
-4.595962076617366443e-01 1.737676347089649465e-01
-4.734535370795410203e-01 1.714168731456748029e-01
-4.874697943200704264e-01 1.691207509836406830e-01
-5.016520635247840865e-01 1.668747091027195373e-01
-5.160074288351410576e-01 1.646741883827684272e-01
-5.305429743926000086e-01 1.625146297036440812e-01
-5.452657843386204961e-01 1.603914739452036442e-01
-5.601829428146612999e-01 1.583001619873039834e-01
-5.753015339621814217e-01 1.562361347098020770e-01
-5.906286419226398632e-01 1.541948329925547923e-01
-6.061713508374958481e-01 1.521716977154191630e-01
-6.219367448482082672e-01 1.501621697582521120e-01
-6.379319080962362332e-01 1.481616900009105897e-01
-6.541639247230389698e-01 1.461656993232515744e-01
-6.706398788700749236e-01 1.441696386051319612e-01
-6.873668546788037625e-01 1.421689487264087282e-01
-7.043519362906842662e-01 1.401590705669388259e-01
-7.216022078471753254e-01 1.381354450065792050e-01
-7.391247534897360527e-01 1.360935129251867604e-01
-7.569266573598256720e-01 1.340287152026184703e-01
-7.750150035989032959e-01 1.319364927187313963e-01
-7.933968763484274822e-01 1.298122863533822946e-01
-8.120793597498578986e-01 1.276515369864282823e-01
-8.310695379446525477e-01 1.254496854977262543e-01
-8.503744950742716524e-01 1.232021727671330918e-01
-8.700013152801736593e-01 1.209044396745057731e-01
-8.899570827038177923e-01 1.185519270997012764e-01
-9.102488814866630529e-01 1.161400759225765522e-01
-9.308837957701683319e-01 1.136643270229885511e-01
-9.518689096957927420e-01 1.111201212807941957e-01
-9.732113074049953960e-01 1.085028995758504367e-01
-9.949180730392352956e-01 1.058081027880142522e-01
-1.016996290739971220e+00 1.030311717971425511e-01
-1.039453044648662727e+00 1.001675474830922979e-01
-1.062295418906768596e+00 9.721267072572049861e-02
-1.085530497655747606e+00 9.416198240488400650e-02
-1.109165365037059203e+00 9.101092340043984152e-02
-1.133207105192162167e+00 8.775493459224489867e-02
-1.157662802262515500e+00 8.438945686015617009e-02
-1.182539540389578425e+00 8.090993108403055079e-02
-1.207844403714810166e+00 7.731179814372510228e-02
-1.233584476379669059e+00 7.359049891909665020e-02
-1.259766842525614994e+00 6.974147429000218668e-02
-1.286398586294106527e+00 6.576016513629868998e-02
-1.313486791826602662e+00 6.164201233784307593e-02
-1.341038543264562621e+00 5.738245677449231585e-02
-1.369060924749444741e+00 5.297693932610331863e-02
-1.397561020422709577e+00 4.842090087253308334e-02
-1.426545914425814798e+00 4.370978229363853274e-02
-1.456022690900219407e+00 3.883902446927670060e-02
-1.485998433987383294e+00 3.380406827930437785e-02
-1.516480227828765459e+00 2.860035460357856010e-02
-1.547475156565824461e+00 2.322332432195624644e-02
-1.578990304340019746e+00 1.766841831429435961e-02
-1.610999378804950810e+00 1.193665544725049446e-02
-1.643156669526175895e+00 6.082436773364919939e-03
-1.674938880022502685e+00 1.898421007421015804e-04
-1.705820805878218938e+00 -5.656729902314593800e-03
-1.735277242677614851e+00 -1.137288056750178009e-02
-1.762782986004979291e+00 -1.687421122651609415e-02
-1.787812831444601569e+00 -2.207632321105415865e-02
-1.809841574580770773e+00 -2.689481785281256504e-02
-1.828344010997775770e+00 -3.124529648348795333e-02
-1.842794936279906315e+00 -3.504336043477692536e-02
-1.852669146011451051e+00 -3.820461103837615585e-02
-1.857441435776699956e+00 -4.064464962598221542e-02
-1.856586601159941230e+00 -4.227907752929176144e-02
-1.849579437745464627e+00 -4.302349608000138187e-02
-1.835894741117559237e+00 -4.279350660980772020e-02
-1.815007306860514369e+00 -4.150471045040739215e-02
-1.786391930558618446e+00 -3.907270893349699958e-02
-1.749523407796161001e+00 -3.541310339077318597e-02
-1.703876534157431788e+00 -3.044149515393256358e-02
-1.648926105226719896e+00 -2.407348555467177589e-02
-1.584146916588315301e+00 -1.622467592468761557e-02
-1.509013763826504873e+00 -6.810667595676364421e-03
-1.423001442525579030e+00 4.252938100665225665e-03
-1.325584748269826862e+00 1.705053983264048778e-02
-1.216238476643537680e+00 3.166653626855285564e-02
-1.094437423231000350e+00 4.818532607670564238e-02
-9.596563836165044048e-01 6.669130792540227393e-02
-8.113701533843388214e-01 8.726888048294612066e-02
-6.490535281187926886e-01 1.100024424176405252e-01
