-2.077385038625834124e-01 2.100616320770799239e-01
-4.330235635168203090e-02 1.054064920706802161e-01
8.384821041457717061e-02 6.563555482174674750e-03
1.769901625869378381e-01 -8.646234718828992027e-02
2.394004663161432844e-01 -1.736663854405662843e-01
2.743560877529370723e-01 -2.550437287745073722e-01
2.851339930480626950e-01 -3.305895466899660406e-01
2.750111483522637568e-01 -4.002990086867954100e-01
2.472645198162834457e-01 -4.641672842648481012e-01
2.051710735908655880e-01 -5.221895429239772346e-01
1.520077758267533441e-01 -5.743609541640355420e-01
9.105159267469055406e-02 -6.206766874848763660e-01
2.557949028542063144e-02 -6.611319123863522718e-01
-4.113156519031327396e-02 -6.957217983683159357e-01
-1.058046076017674086e-01 -7.244415149306209223e-01
-1.651626707981980469e-01 -7.472862315731194638e-01
-2.159287886288622227e-01 -7.642511177956651247e-01
-2.548259949430160543e-01 -7.753313430981103593e-01
-2.785773235899162148e-01 -7.805220769803083991e-01
-2.839062645238271676e-01 -7.798185932897307993e-01
-2.719718782330958207e-01 -7.742309348780683775e-01
-2.567938844808400622e-01 -7.676196241856227953e-01
-2.426545431436056277e-01 -7.611299757149075917e-01
-2.295232667459821130e-01 -7.547593954792813919e-01
-2.173667219553085950e-01 -7.485045586540765017e-01
-2.061515754389239008e-01 -7.423621404146250047e-01
-1.958444938641669963e-01 -7.363288159362587626e-01
-1.864121438983769308e-01 -7.304012603943106363e-01
-1.778211922088925312e-01 -7.245761489641118214e-01
-1.700383054630528468e-01 -7.188501568209948456e-01
-1.630301503281967324e-01 -7.132199591402920147e-01
-1.567633934716631539e-01 -7.076822310973351904e-01
-1.512047015607911327e-01 -7.022336478674565674e-01
-1.463207412629194959e-01 -6.968708846259882295e-01
-1.420781792453873205e-01 -6.915906165482622603e-01
-1.384436821755334612e-01 -6.863895188096108546e-01
-1.353839167206969119e-01 -6.812642665853662072e-01
-1.328655495482166660e-01 -6.762115350508604017e-01
-1.308552473254315229e-01 -6.712279993814252999e-01
-1.293196767196805874e-01 -6.663103347523932074e-01
-1.282255043983027420e-01 -6.614552163390964301e-01
-1.275393970286368972e-01 -6.566593193168668297e-01
-1.272280212780220188e-01 -6.519193188610363787e-01
-1.272580438137971837e-01 -6.472318901469379382e-01
-1.275961313033011357e-01 -6.425937083499025926e-01
-1.282089504138729519e-01 -6.380014486452632028e-01
-1.290631678128515425e-01 -6.334517862083515194e-01
-1.301254501675759012e-01 -6.289413962144998482e-01
-1.313624641453848552e-01 -6.244669538390402730e-01
-1.327408764136175090e-01 -6.200251342573049884e-01
-1.342273536396126898e-01 -6.156126126446257452e-01
-1.357885624907094191e-01 -6.112260641763349600e-01
-1.373911696342466071e-01 -6.068621640277649387e-01
-1.390018417375631643e-01 -6.025175873742473209e-01
-1.405872454679981398e-01 -5.981890093911146344e-01
-1.421140474928904440e-01 -5.938731052536989630e-01
-1.435489144795789873e-01 -5.895665501373320572e-01
-1.448585130954027633e-01 -5.852660192173464448e-01
-1.460095100077006824e-01 -5.809681876690739877e-01
-1.469685718838117106e-01 -5.766697306678469914e-01
-1.477023653910747580e-01 -5.723673233889974288e-01
-1.481775571968288463e-01 -5.680576410078574945e-01
-1.483608139684128580e-01 -5.637373586997591612e-01
-1.482188023731658144e-01 -5.594031516400347348e-01
-1.477181890784265983e-01 -5.550516950040162989e-01
-1.468256407515342032e-01 -5.506796639670359372e-01
-1.455078240598274841e-01 -5.462837337044257335e-01
-1.437314056706454624e-01 -5.418605793915176605e-01
-1.414630522513271316e-01 -5.374068762036442459e-01
-1.386694304692113189e-01 -5.329192993161373515e-01
-1.353172069916371012e-01 -5.283945239043289499e-01
-1.313730484859434167e-01 -5.238292251435515690e-01
-1.268036216194691479e-01 -5.192200782091368483e-01
-1.215755930595532053e-01 -5.145637582764172047e-01
-1.156609560668818010e-01 -5.098562743283997500e-01
-1.091001126940216170e-01 -5.050850795209154143e-01
-1.019808890655460043e-01 -5.002316957229986372e-01
-9.439206355548430960e-02 -4.952775257066854286e-01
-8.642241453786586591e-02 -4.902039722440115765e-01
-7.816072038672008948e-02 -4.849924381070130908e-01
-6.969575947607625777e-02 -4.796243260677259257e-01
-6.111631017996379395e-02 -4.740810388981859247e-01
-5.251115087241198937e-02 -4.683439793704292642e-01
-4.396905992745019781e-02 -4.623945502564916210e-01
-3.557881571910789104e-02 -4.562141543284090606e-01
-2.742919662141423548e-02 -4.497841943582176483e-01
-1.960898100839866126e-02 -4.430860731179530609e-01
-1.220694725409048054e-02 -4.361011933796514195e-01
-5.311873732519148579e-03 -4.288109579153485673e-01
9.874611822860742804e-04 -4.211967694970805143e-01
6.602279116295811483e-03 -4.132400308968832148e-01
1.144380169548068864e-02 -4.049221448867926232e-01
1.542325054581136085e-02 -3.962245142388445829e-01
1.845184729325853590e-02 -3.871285417250752703e-01
2.044081356379281317e-02 -3.776156301175203067e-01
2.130137098338482846e-02 -3.676671821882158686e-01
2.094474117800518981e-02 -3.572646007091977993e-01
1.928214577362472038e-02 -3.463892884525019977e-01
1.622480639621389983e-02 -3.350226481901646403e-01
1.168394467174346980e-02 -3.231460826942212927e-01
5.570782226183981084e-03 -3.107409947367082426e-01
-2.203457661131057264e-03 -2.977887878121974197e-01
-1.168454008102639240e-02 -2.842896619299155048e-01
-2.276327590232821857e-02 -2.703115336519215650e-01
-3.529559355391323483e-02 -2.559375635172200236e-01
-4.913742146465790994e-02 -2.412509120648157201e-01
-6.414468806343871787e-02 -2.263347398337131611e-01
-8.017332177913229219e-02 -2.112722073629167696e-01
-9.707925104061518318e-02 -1.961464751914313298e-01
-1.147184042767637191e-01 -1.810407038582615147e-01
-1.329467099164546862e-01 -1.660380539024116087e-01
-1.516200963885643849e-01 -1.512216858628865346e-01
-1.705944921219696153e-01 -1.366747602786906601e-01
-1.897258255455467613e-01 -1.224804376888287000e-01
-2.088700250881723175e-01 -1.087218786323052577e-01
-2.278830191787228898e-01 -9.548224364812485376e-02
-2.466207362460745012e-01 -8.284469327529246641e-02
-2.649391047191046455e-01 -7.089238805281200539e-02
-2.826940530266893736e-01 -5.970848851968849763e-02
-2.997415095977052912e-01 -4.937615521492640797e-02
-3.159374028610288376e-01 -3.997854867753043023e-02
-3.311376612455366186e-01 -3.159882944650509867e-02
-3.451982131801049625e-01 -2.432015806085507589e-02
-3.579749870936107525e-01 -1.822569505958486491e-02
-3.693239114149303171e-01 -1.339860098169915956e-02
-3.791009145729400398e-01 -9.922036366202499277e-03
-3.871619249965168041e-01 -7.879161752099550151e-03
-3.933628711145369383e-01 -7.353137678394777027e-03
-3.975596813558768816e-01 -8.427124684092911905e-03
-3.996082841494133508e-01 -1.118428330819851331e-02
-3.993646079240228963e-01 -1.570777408971614844e-02
-3.966845811085819573e-01 -2.208075756765041919e-02
-3.914241321319670286e-01 -3.038639428100597256e-02
-3.834391894230547160e-01 -4.070784476878733932e-02
-3.725856814107214587e-01 -5.312826956999919248e-02
-3.587195365238439182e-01 -6.773082922364608016e-02
-3.416966831912986446e-01 -8.459868426873261293e-02
-3.213730498419619663e-01 -1.038149952442633667e-01
-2.976045649047106001e-01 -1.254629226892430005e-01
-2.702471568084210962e-01 -1.496256271426759654e-01
-2.391567539819698662e-01 -1.763862691435670871e-01
-2.044807920414432600e-01 -2.057016574735661685e-01
-1.694470018898256436e-01 -2.361934684038873855e-01
-1.391331006818432026e-01 -2.656815145665444300e-01
-1.186420181326831996e-01 -2.919746803850490902e-01
-1.130766839575330363e-01 -3.128818502829132653e-01
-1.275400278715799474e-01 -3.262119086836488546e-01
-1.671349795900113622e-01 -3.297737400107677574e-01
-2.369158889170331905e-01 -3.213926162370069894e-01
-3.361821135278069694e-01 -3.008351512375574965e-01
-4.531216062472990247e-01 -2.716161891800451533e-01
-5.746548046563803025e-01 -2.376781474416135576e-01
-6.877021463359214160e-01 -2.029634433994058351e-01
-7.793089544195003215e-01 -1.713804882861904022e-01
-8.431462465991923505e-01 -1.450335268730739147e-01
-8.826849100424704053e-01 -1.233583145101556505e-01
-9.021862001762501748e-01 -1.055753904832479328e-01
-9.059113724274470147e-01 -9.090529407816301533e-02
-8.981216822229766139e-01 -7.856856458071324878e-02
-8.830783849897541060e-01 -6.778574127671088689e-02
-8.650425307647102713e-01 -5.777740381654229013e-02
-8.474472775886662257e-01 -4.792683456442298900e-02
-8.310149439188172504e-01 -3.815006769166755241e-02
-8.159138703850196128e-01 -2.847200869137235871e-02
-8.023123976171302463e-01 -1.891756305663381404e-02
-7.903788662450059732e-01 -9.511636280548312408e-03
-7.802816168985031720e-01 -2.791338562122470837e-04
-7.721889902074787759e-01 8.755038723277789800e-03
-7.662693268017892745e-01 1.756597596482582443e-02
-7.626909673112913790e-01 2.612877237533525049e-02
-7.616222523658416899e-01 3.441852246170968438e-02
-7.632315225952969184e-01 4.241032073085271997e-02
-7.676871186295137761e-01 5.007926168966797542e-02
-7.751573810983491963e-01 5.740043984505907582e-02
-7.858106506316592244e-01 6.434894970392959768e-02
-7.998152678593011267e-01 7.089988577318317997e-02
-8.173395734111313926e-01 7.702834255972340616e-02
-8.385519079170065115e-01 8.270941457045391521e-02
-8.636206120067834169e-01 8.791819631227830445e-02
-8.927140263103185980e-01 9.262978229210015735e-02
-9.260004914574688772e-01 9.681926701682311287e-02
-9.636483480780908550e-01 1.004617449933507822e-01
-1.005825936802041021e+00 1.035323107285867489e-01
-1.052701598259176308e+00 1.060060587294346379e-01
-1.104443673079353427e+00 1.078580835027980606e-01
-1.161220501892428647e+00 1.090634795555806003e-01
-1.223103401461462125e+00 1.096010994115372977e-01
-1.286524551705284791e+00 1.095907499599478169e-01
-1.343264113769516044e+00 1.093324243217876912e-01
-1.384798811784054617e+00 1.091378686171249057e-01
-1.403160482444211876e+00 1.093389278819424798e-01
-1.398380492192897062e+00 1.105570854810490056e-01
-1.376495124678659865e+00 1.136312443325336319e-01
-1.343686538807129072e+00 1.194055890481615229e-01
-1.306136893483935024e+00 1.287243042396977732e-01
-1.270028347614707620e+00 1.424315745189075333e-01
-1.241543060105075424e+00 1.613715844975557312e-01
-1.226863189860669445e+00 1.863885187874076144e-01
-1.232170895787119358e+00 2.183265620002282359e-01
-1.263648336790054394e+00 2.580298987477827044e-01
-1.327477671775104451e+00 3.063427136418360175e-01
