8.151365307148514261e-02 5.439212762630566411e-01
1.382863429828911084e-01 3.780965586459452688e-01
1.928473853762351642e-01 2.321877812295082000e-01
2.453581071395584678e-01 1.055351169786024473e-01
2.959798351609022604e-01 -2.521261141914404175e-03
3.448738963283077830e-01 -9.264118016718521365e-02
3.922016175298162488e-01 -1.654844671323527916e-01
4.381243256534689823e-01 -2.217109490725597820e-01
4.828033475873068081e-01 -2.619804530229487005e-01
5.264000102193716613e-01 -2.869528060186627427e-01
5.690756404377041999e-01 -2.972878350948443549e-01
6.109915651303458040e-01 -2.936453672866362608e-01
6.523091111853377422e-01 -2.766852296291812396e-01
6.931896054907211724e-01 -2.470672491576219598e-01
7.337943749345376965e-01 -2.054512529071012006e-01
7.742847464048276951e-01 -1.524970679127617135e-01
8.148220467896329922e-01 -8.886452120974615287e-02
8.555676029769950786e-01 -1.521343983319727380e-02
8.966827418549545570e-01 6.779634918174202995e-02
9.383287903115528072e-01 1.595050187999293156e-01
9.806670752348314313e-01 2.592527419862217797e-01
1.023858923512831254e+00 3.663796917054762958e-01
1.067431205980394315e+00 4.789111510826855600e-01
1.108021099324421499e+00 5.888836047180492361e-01
1.141443524493819917e+00 6.866294385429854152e-01
1.163513367045804880e+00 7.624809683649256264e-01
1.171193217876225434e+00 8.093089292569731752e-01
1.165667149836918881e+00 8.293208527381902284e-01
1.149089590134952044e+00 8.268704363398798884e-01
1.123614965977392632e+00 8.063113775933462568e-01
1.091397704571307248e+00 7.719973740298931020e-01
1.054592233123764267e+00 7.282821231808238593e-01
1.015352978841830067e+00 6.795193225774424084e-01
9.758343689325723602e-01 6.300626697510521845e-01
9.380758876926613699e-01 5.840318980089025391e-01
9.028207745981954302e-01 5.429082576706271146e-01
8.699945767575957278e-01 5.065086009676433854e-01
8.395100246465425631e-01 4.746236921062466085e-01
8.112798487407177905e-01 4.470442952927327629e-01
7.852167795158017105e-01 4.235611747333971611e-01
7.612335474474759556e-01 4.039650946345356153e-01
7.392428830114210481e-01 3.880468192024437157e-01
7.191575166833181765e-01 3.755971126434171636e-01
7.008901789388480852e-01 3.664067391637513271e-01
6.843536002536921847e-01 3.602664629697420740e-01
6.694605111035308864e-01 3.569670482676847167e-01
6.561236419640457118e-01 3.562992592638752898e-01
6.442557233109175163e-01 3.580538601646091057e-01
6.337694856198271554e-01 3.620216151761818102e-01
6.245776593664558174e-01 3.679932885048890490e-01
6.165929750264844689e-01 3.757596443570265787e-01
6.097281630755937432e-01 3.851114469388897121e-01
6.038959539894649398e-01 3.958394604567743169e-01
5.990090782437792472e-01 4.077344491169760388e-01
5.949802663142169656e-01 4.205871771257901348e-01
5.917222486764598388e-01 4.341884086895125838e-01
5.891477558061885000e-01 4.483289080144389205e-01
5.871695181790840268e-01 4.627994393068645684e-01
5.857002662708271634e-01 4.773907667730851734e-01
5.846527305570994315e-01 4.918936546193967696e-01
5.839396415135811313e-01 5.060988670520945032e-01
5.834737296159540065e-01 5.197971682774742419e-01
5.831677253398983574e-01 5.327793225018313539e-01
5.829343591610954833e-01 5.448360939314617069e-01
5.826863615552264619e-01 5.557582467726609465e-01
5.823364629979721485e-01 5.653365452317243856e-01
5.817973939650137316e-01 5.733617535149478917e-01
5.809818849320317335e-01 5.796246358286267775e-01
5.798146440722938832e-01 5.839530064496608608e-01
5.782883108203711320e-01 5.863848083553431234e-01
5.764194439531101777e-01 5.870319731433789601e-01
5.742246289155082950e-01 5.860065149028556020e-01
5.717204511525613153e-01 5.834204477228598362e-01
5.689234961092662912e-01 5.793857856924790051e-01
5.658503492306198313e-01 5.740145429007997846e-01
5.625175959616180998e-01 5.674187334369091840e-01
5.589418217472579276e-01 5.597103713898943234e-01
5.551396120325355898e-01 5.510014708488418789e-01
5.511275522624478063e-01 5.414040459028388597e-01
5.469222278819915184e-01 5.310301106409726080e-01
5.425402243361626686e-01 5.199916791523295778e-01
5.379981270699577545e-01 5.084007655259971115e-01
5.333125215283739395e-01 4.963693838510618850e-01
5.284999931564073883e-01 4.840095482166109631e-01
5.235771273990548202e-01 4.714332727117315214e-01
5.185605097013125109e-01 4.587525714255101805e-01
5.134667255081772907e-01 4.460794584470340052e-01
5.083123602646454353e-01 4.335259478653900600e-01
5.031139994157137751e-01 4.212040537696651321e-01
4.978882284063785857e-01 4.092257902489462307e-01
4.926516326816366975e-01 3.977031713923205314e-01
4.874207976864845526e-01 3.867482112888747658e-01
4.822123088659187595e-01 3.764729240276959987e-01
4.770427516649357602e-01 3.669893236978711837e-01
4.719287115285320522e-01 3.584094243884872188e-01
4.668867739017042995e-01 3.508452401886309469e-01
4.619335242294490551e-01 3.444087851873897099e-01
4.570855479567629276e-01 3.392120734738501286e-01
4.523594305286423034e-01 3.353671191370992122e-01
4.477717573900837911e-01 3.329859362662239697e-01
4.433391139860839991e-01 3.321805389503114658e-01
4.390780857616394806e-01 3.330629412784484877e-01
4.350052581617466774e-01 3.357451573397220446e-01
4.311372166314023091e-01 3.403392012232192010e-01
4.274905466156027622e-01 3.469570870180267996e-01
4.240818335593446453e-01 3.557108288132319052e-01
4.209276629076245113e-01 3.667124406979213047e-01
4.180446201054390243e-01 3.800739367611821184e-01
4.154492905977845707e-01 3.959073310921012445e-01
4.131582598296577591e-01 4.143246377797655811e-01
4.111881132460551425e-01 4.354378709132623593e-01
4.095554362919733848e-01 4.593590445816781997e-01
4.082768144124087617e-01 4.862001728741001672e-01
4.073688330523579926e-01 5.160732698796152151e-01
4.068480776568177970e-01 5.490903496873105194e-01
4.067311336707843950e-01 5.853634263862728115e-01
4.070345865392545059e-01 6.250045140655881015e-01
4.077750217072247940e-01 6.681256268143452859e-01
4.089633530506522341e-01 7.147568515479770790e-01
4.104723166017393288e-01 7.629322631221716611e-01
4.120577838935198245e-01 8.090265798169472555e-01
4.136456595416924675e-01 8.520680516924044046e-01
4.152359307358351459e-01 8.922378655214436849e-01
4.168288383010702036e-01 9.297211553713894405e-01
4.184246230625199847e-01 9.647030553095659045e-01
4.200235258453065557e-01 9.973686994032968656e-01
4.216257874745524270e-01 1.027903221719907556e+00
4.232316487753799428e-01 1.056491756326721543e+00
4.248413505729113360e-01 1.083319437291063503e+00
4.264551336922687286e-01 1.108571398680257447e+00
4.280732389585746311e-01 1.132432774561627831e+00
4.296959071969514987e-01 1.155088699002499553e+00
4.313233792325212312e-01 1.176724306070195736e+00
4.329558958904062838e-01 1.197524729832041723e+00
4.345936979957291668e-01 1.217675104355360860e+00
4.362370263736120024e-01 1.237360563707478489e+00
4.378861218491770235e-01 1.256766241955718399e+00
4.395412252475467407e-01 1.276077273167404602e+00
4.412025511646562315e-01 1.295470638680635833e+00
4.428700086174274242e-01 1.315028337745584253e+00
4.445433091589404140e-01 1.334770992596392647e+00
4.462221610369803693e-01 1.354718198093750159e+00
4.479062724993332911e-01 1.374889549098347930e+00
4.495953517937843480e-01 1.395304640470875990e+00
4.512891071681192634e-01 1.415983067072023927e+00
4.529872468701234833e-01 1.436944423762482215e+00
4.546894791475824538e-01 1.458208305402940663e+00
4.563955122482817872e-01 1.479794306854088859e+00
4.581050544200070962e-01 1.501722022976617943e+00
4.598178139105437712e-01 1.524011048631217058e+00
4.615334989676774247e-01 1.546680978678577123e+00
4.632518178391934471e-01 1.569751407979387281e+00
4.649724787728775621e-01 1.593241931394338229e+00
4.666951900165151046e-01 1.617172143784119775e+00
4.684196598178917426e-01 1.641561640009421952e+00
4.701455964247929220e-01 1.666430014930935011e+00
4.718727080850041999e-01 1.691796863409348761e+00
4.736007030463111334e-01 1.717681780305353900e+00
4.753292895564991127e-01 1.744104360479639793e+00
4.770581758633538061e-01 1.771084198792896691e+00
4.787870702146607149e-01 1.798640890105814849e+00
4.805156808582053407e-01 1.826794029279084075e+00
4.822437160417730739e-01 1.855563211173394178e+00
4.839708840131498602e-01 1.884968030649436521e+00
4.856968930201207568e-01 1.915028082567899581e+00
4.874214513104715429e-01 1.945762961789474721e+00
4.891442671319876090e-01 1.977192263174850639e+00
4.908650487324545675e-01 2.009335581584718255e+00
4.925835043596579754e-01 2.042212511879768044e+00
4.942993422613833343e-01 2.075842648920689371e+00
4.960122706854160901e-01 2.110245587568172709e+00
4.977219978795418553e-01 2.145440922682907647e+00
4.994282320915460205e-01 2.181448249125584660e+00
5.011306815692143646e-01 2.218287161756893777e+00
5.028290545603322226e-01 2.255977255437525031e+00
5.045230593126851515e-01 2.294538125028168452e+00
5.062124040740586528e-01 2.333989365389513626e+00
5.078967970922382280e-01 2.374350571382251474e+00
5.095759466150096006e-01 2.415641337867071581e+00
5.112495608901581612e-01 2.457881259704664423e+00
5.129173481654694111e-01 2.501089931755719586e+00
5.145790166887288519e-01 2.545286948880927547e+00
5.162342747077220961e-01 2.590491905940977890e+00
5.178828304702345342e-01 2.636724397796560648e+00
5.195243922240520007e-01 2.684004019308367184e+00
5.211586682169595530e-01 2.732350365337085307e+00
5.227853666967431367e-01 2.781783030743406382e+00
5.244041959111880313e-01 2.832321610388021327e+00
5.260148641080799603e-01 2.883985699131619285e+00
5.276170795352040921e-01 2.936794891834889398e+00
5.292105504403464833e-01 2.990768783358523475e+00
5.307949850712921913e-01 3.045926968563210657e+00
5.323700916758269397e-01 3.102289042309639644e+00
5.339355785017362299e-01 3.159874599458503575e+00
5.354911537968055635e-01 3.218703234870490260e+00
5.370365258088206639e-01 3.278794543406291506e+00
5.385714027855666997e-01 3.340168119926596013e+00
5.400954929748295053e-01 3.402843559292093811e+00
5.416085046243943601e-01 3.466840456363475376e+00
5.431101459820470989e-01 3.532178406001431181e+00
5.446001252955730010e-01 3.598877003066650371e+00
