8.276014818107095827e-01 8.797177080041994612e-01
8.105698707561374006e-01 5.658234019150684135e-01
7.999587766659530530e-01 3.054446437379731427e-01
7.952321350012774293e-01 9.446688676204995083e-02
7.958538812232319737e-01 -7.122441572356391637e-02
8.012879507929386858e-01 -1.957438104297315462e-01
8.109982791715170114e-01 -2.832058440673156929e-01
8.244488018200898383e-01 -3.377250633471800545e-01
8.411034541997772784e-01 -3.634160149801873851e-01
8.604261717717013314e-01 -3.643932456772008832e-01
8.818808899969826642e-01 -3.447713021490833030e-01
9.049315443367422773e-01 -3.086647311066977872e-01
9.290420702521020591e-01 -2.601880792609079229e-01
9.536764032041824546e-01 -2.034558933225759925e-01
9.782984786541053523e-01 -1.425827200025658326e-01
1.002372232062991309e+00 -8.168310601174001706e-02
1.025361598891962212e+00 -2.487159806096185879e-02
1.046740817160203063e+00 2.381658230254872499e-02
1.066269325781644239e+00 6.254213492370808147e-02
1.084021457388872012e+00 9.189030271789599968e-02
1.100087804004266312e+00 1.125715187472701578e-01
1.114558957650209070e+00 1.252962160739884145e-01
1.127525510349080662e+00 1.307748277602085729e-01
1.139078054123261907e+00 1.297177868680885471e-01
1.149307180995134070e+00 1.228355264597861263e-01
1.158303482987078192e+00 1.108384795974592940e-01
1.166157552121475094e+00 9.443707934326570075e-02
1.172959980420705373e+00 7.434175875936333000e-02
1.178801359907150514e+00 5.126295090790999875e-02
1.183772282603191117e+00 2.591108885106358645e-02
1.187963340531208223e+00 -1.003394349018201610e-03
1.191465125713582429e+00 -2.877006563017742852e-02
1.194368230172695222e+00 -5.667849193025617516e-02
1.196763245930926978e+00 -8.401824018709669328e-02
1.198740765010658960e+00 -1.100788773385411451e-01
1.200391379434272210e+00 -1.341499703224316442e-01
1.201805681224147326e+00 -1.555210860766101655e-01
1.203074262402665573e+00 -1.734817915389192111e-01
1.204287714992207770e+00 -1.873216536472007698e-01
1.205536631015154736e+00 -1.963302393392970246e-01
1.206911602493887514e+00 -1.997971155530500753e-01
1.208503221450786924e+00 -1.970118492263020216e-01
1.210397925182533641e+00 -1.873231112277701227e-01
1.212587741799003416e+00 -1.714226103190491235e-01
1.214970924455134993e+00 -1.513360707548206952e-01
1.217441698428345376e+00 -1.291465162149816048e-01
1.219894288996051568e+00 -1.069369703794283699e-01
1.222222921435670795e+00 -8.679045692805757717e-02
1.224327696405842048e+00 -7.068941904467691828e-02
1.226184704978299012e+00 -5.931542203670221031e-02
1.227822980996802427e+00 -5.244370529439792983e-02
1.229272634598977731e+00 -4.983108316171459828e-02
1.230563775922453029e+00 -5.123436998260300079e-02
1.231726515104855535e+00 -5.641038010101378369e-02
1.232790962283811353e+00 -6.511592786089757945e-02
1.233787227596948144e+00 -7.710782760620521481e-02
1.234745421181893343e+00 -9.214289368088723897e-02
1.235695653176273279e+00 -1.099779404288944579e-01
1.236668033717715387e+00 -1.303697821941771917e-01
1.237692672943846661e+00 -1.530752333206866489e-01
1.238799680992293872e+00 -1.778511081523732607e-01
1.240019168000685124e+00 -2.044542210331878052e-01
1.241381244106646298e+00 -2.326413863070808108e-01
1.242916019447805276e+00 -2.621694183180031668e-01
1.244653604161788385e+00 -2.927951314099053737e-01
1.246624108386223284e+00 -3.242753399267382930e-01
1.248857642258736300e+00 -3.563668582124522866e-01
1.251384315916955758e+00 -3.888265006109984379e-01
1.254234239498507764e+00 -4.214110814663272198e-01
1.257437523141019531e+00 -4.538774151223893827e-01
1.261024276982118053e+00 -4.859823159231354550e-01
1.265024611159430767e+00 -5.174825982125160762e-01
1.269468635810584445e+00 -5.481350763344823296e-01
1.274386461073206300e+00 -5.776965646329846882e-01
1.279808197084923105e+00 -6.059238774519738469e-01
1.285763953983362295e+00 -6.325738291354003895e-01
1.292283841906150643e+00 -6.574032340272151220e-01
1.299397970990915363e+00 -6.801689064713685173e-01
1.307136451375283892e+00 -7.006276608118117144e-01
1.315529393196882335e+00 -7.185363113924949641e-01
1.324606906593338795e+00 -7.336516725573691833e-01
1.334399101702279600e+00 -7.457305586503849559e-01
1.344936088661332185e+00 -7.545297840154928659e-01
1.356247977608123545e+00 -7.598061629966438302e-01
1.368364878680280228e+00 -7.613165099377882106e-01
1.381316902015430337e+00 -7.588176391828772571e-01
1.395134157751200199e+00 -7.520663650758611096e-01
1.409846756025217029e+00 -7.408195019606906850e-01
1.425467262945764313e+00 -7.249223793351851075e-01
1.441879039325736134e+00 -7.048722081081005841e-01
1.458907713754525437e+00 -6.814574764396303941e-01
1.476378646292041852e+00 -6.554680273057896800e-01
1.494117196998195229e+00 -6.276937036825934735e-01
1.511948725932895199e+00 -5.989243485460565841e-01
1.529699741757555964e+00 -5.699437343728989136e-01
1.547253147948836727e+00 -5.412375801502967709e-01
1.564572732635968633e+00 -5.128641195931786800e-01
1.581628531100344182e+00 -4.848485694539523827e-01
1.598390578623354985e+00 -4.572161464850265644e-01
1.614828910486392877e+00 -4.299920674388096331e-01
1.630913561970849912e+00 -4.032015490677101077e-01
1.646614568358118147e+00 -3.768698081241363962e-01
1.661901964929589415e+00 -3.510220613604969619e-01
1.676745786966655549e+00 -3.256835255292002684e-01
1.691116069750708384e+00 -3.008794173826546681e-01
1.704982848563140641e+00 -2.766349536732686798e-01
1.718316158685343265e+00 -2.529753511534507671e-01
1.731086035398708756e+00 -2.299258265756093655e-01
1.743262513984628947e+00 -2.075115966921528554e-01
1.754815629724495896e+00 -1.857578782554897279e-01
1.765715417899701434e+00 -1.646898880180283908e-01
1.775931913791637617e+00 -1.443328427321773633e-01
1.785435152681696280e+00 -1.247119591503449837e-01
1.794195169851269034e+00 -1.058524540249397849e-01
1.802182000581748822e+00 -8.777954410837017496e-02
1.809365680154526590e+00 -7.051844615304460329e-02
1.815716243850994838e+00 -5.409437691137185256e-02
1.821203726952545621e+00 -3.853255313575963681e-02
1.825798164740569884e+00 -2.385819157861679071e-02
1.829481928074630170e+00 -1.004717424526448653e-02
1.832342614972968242e+00 3.345460956361192683e-03
1.834521111133485149e+00 1.697779415485362042e-02
1.836158716680444725e+00 3.150956293007416142e-02
1.837396731738107247e+00 4.760050486188417695e-02
1.838376456430735439e+00 6.591035753014508336e-02
1.839239190882591579e+00 8.709885851471821372e-02
1.840126235217937056e+00 1.118257453954649427e-01
1.841178889561034593e+00 1.407507557522466868e-01
1.842540243584032567e+00 1.745198854554882995e-01
1.844410186712830635e+00 2.133429723279796908e-01
1.847055754500833702e+00 2.569142476635448147e-01
1.850747859505412096e+00 3.048981717382023837e-01
1.855757414283936146e+00 3.569592048279712770e-01
1.862355331393775515e+00 4.127618072088704015e-01
1.870812523392300308e+00 4.719704391569184421e-01
1.881399902836881299e+00 5.342495609481343610e-01
1.894388382284888372e+00 5.992636328585368988e-01
1.910048874293691190e+00 6.666771151641448512e-01
1.928652291420660525e+00 7.361544681409772917e-01
1.950469546223166484e+00 8.073601520650528496e-01
1.975771551258578729e+00 8.799586272123901542e-01
2.004829219084267589e+00 9.536143538590069468e-01
2.037913462257602948e+00 1.027991792280924743e+00
2.075295193335956245e+00 1.102755402754161063e+00
2.117245324876696255e+00 1.177569645554734645e+00
2.164034769437193528e+00 1.252098980958664454e+00
2.215346163130822443e+00 1.325203378010872513e+00
2.266937624053548817e+00 1.390375872635790211e+00
2.312961241692272019e+00 1.438913193314181438e+00
2.347564285639678783e+00 1.462105477131436126e+00
2.364894025488453622e+00 1.451242861172945320e+00
2.359949200408933745e+00 1.399204690503895732e+00
2.338685917062218067e+00 1.319321464653412157e+00
2.313838895051762545e+00 1.237424884142776405e+00
2.290111621442870948e+00 1.162868894203351600e+00
2.267541170241210047e+00 1.095449509310601366e+00
2.246110292393152186e+00 1.034851477313458945e+00
2.225801738845073707e+00 9.807595460608574678e-01
2.206598260543350065e+00 9.328584634017300647e-01
2.188482608434354493e+00 8.908329771850095335e-01
2.171437533464462000e+00 8.543678352596288939e-01
2.155445786580048928e+00 8.231477854745218314e-01
2.140490118727488511e+00 7.968575756786210329e-01
2.126553280853156203e+00 7.751819537208591848e-01
2.113618023903427012e+00 7.578056674501703061e-01
2.101667098824675062e+00 7.444134647154867501e-01
2.090683256563276249e+00 7.346900933657419808e-01
2.080649248065604695e+00 7.283203012498687956e-01
2.071547824278034966e+00 7.249888362168003253e-01
2.063361736146942516e+00 7.243804461154695895e-01
2.056073734618701909e+00 7.261798787948099410e-01
2.049666570639687269e+00 7.300718821037541773e-01
2.044122995156274492e+00 7.357412038912356511e-01
2.039425759114838144e+00 7.428725920061872712e-01
2.035557613461752791e+00 7.511507942975422791e-01
2.032501309143392998e+00 7.602605586142334726e-01
2.030239597106134219e+00 7.698866328051942043e-01
2.028755228296351021e+00 7.797137647193572718e-01
2.028030953660417968e+00 7.894267022056561389e-01
2.028049524144710070e+00 7.987101931130234922e-01
2.028793690695602780e+00 8.072489852903927954e-01
2.030246204259469778e+00 8.147278265866969571e-01
2.032389815782686071e+00 8.208314648508687750e-01
2.035207276211626670e+00 8.252446479318417127e-01
2.038674250455785764e+00 8.277063834762401484e-01
2.042715228376528636e+00 8.283475410141301065e-01
2.047232222502731513e+00 8.274711053967129804e-01
2.052127148820684699e+00 8.253808007292339211e-01
2.057301923316674497e+00 8.223803511169373026e-01
2.062658461976989432e+00 8.187734806650680541e-01
2.068098680787918031e+00 8.148639134788709937e-01
2.073524495735747930e+00 8.109553736635907173e-01
2.078837822806767655e+00 8.073515853244722651e-01
2.083940577987264398e+00 8.043562725667599000e-01
2.088734677263527129e+00 8.022731594956989953e-01
2.093122036621843041e+00 8.014059702165337029e-01
2.097004572048500659e+00 8.020584288345090629e-01
2.100284199529787621e+00 8.045342594548697823e-01
2.102862835051992896e+00 8.091371861828607903e-01
2.104642394601403677e+00 8.161709331237266829e-01
2.105524794164308044e+00 8.259392243827119451e-01
