2.044542816867896740e+00 5.966049802498091248e-01
1.991023255202110986e+00 5.676895693448190672e-01
1.938376875053449355e+00 5.391640218367160786e-01
1.886599804017248916e+00 5.110278303018146451e-01
1.835688169688843852e+00 4.832804873164278647e-01
1.785638099663570566e+00 4.559214854568698350e-01
1.736445721536764575e+00 4.289503172994540425e-01
1.688107162903762060e+00 4.023664754204944183e-01
1.640618551359899868e+00 3.761694523963048931e-01
1.593976014500511518e+00 3.503587408031987316e-01
1.548175679920933856e+00 3.249338332174899202e-01
1.503213675216503065e+00 2.998942222154920567e-01
1.459086127982554215e+00 2.752394003735191275e-01
1.415789165814423933e+00 2.509688602678847302e-01
1.373318916307447290e+00 2.270820944749026016e-01
1.331671507056960468e+00 2.035785955708865058e-01
1.290843065658298761e+00 1.804578561321500685e-01
1.250829719706798571e+00 1.577193687350071927e-01
1.211627596797795636e+00 1.353626259557717537e-01
1.173232824526625695e+00 1.133871203707571967e-01
1.135641530488624040e+00 9.179234455627721667e-02
1.098849842279126188e+00 7.057779108864573048e-02
1.062853887493469429e+00 4.974295254417648859e-02
1.027649793726987726e+00 2.928732149918315472e-02
9.932336885750188138e-01 9.210390529979666646e-03
9.596016996328968762e-01 -1.048834778712071265e-02
9.267499544959584279e-01 -2.980940087580380427e-02
8.946745807595390954e-01 -4.875327615975599826e-02
8.633717060189745052e-01 -6.732048106266351473e-02
8.328374578696010611e-01 -8.551152300821258934e-02
8.030679639067538345e-01 -1.033269094200897076e-01
7.740593517257686740e-01 -1.207671477219809109e-01
7.458077489219818723e-01 -1.378327453375726708e-01
7.183092830907288340e-01 -1.545242096905509455e-01
6.915600818273458517e-01 -1.708420482046022482e-01
6.655562727271677748e-01 -1.867867683034127035e-01
6.402939833855314511e-01 -2.023588774106685195e-01
6.157693413977718411e-01 -2.175588829500562371e-01
5.919784743592250154e-01 -2.323872923452618144e-01
5.689175098652267115e-01 -2.468446130199716815e-01
5.465825755111127782e-01 -2.609313523978719629e-01
5.249697988922191749e-01 -2.746480179026491442e-01
5.040753076038816394e-01 -2.879951169579892389e-01
4.838952292414356315e-01 -3.009731569875786494e-01
4.644256914002171110e-01 -3.135826454151037224e-01
4.456628216755621485e-01 -3.258240896642504714e-01
4.276027476628060930e-01 -3.376979971587052987e-01
4.102415969572849597e-01 -3.492048753221545510e-01
3.935754971543344305e-01 -3.603452315782841309e-01
3.776005758492904651e-01 -3.711195733507807737e-01
3.623129606374889677e-01 -3.815284080633306041e-01
3.477087791142652318e-01 -3.915722431396196912e-01
3.337841588749554389e-01 -4.012515860033343262e-01
3.205352275148951047e-01 -4.105669440781610779e-01
3.079581126294204663e-01 -4.195188247877859600e-01
2.960489418138668727e-01 -4.281077355558950970e-01
2.848038426635703946e-01 -4.363341838061749467e-01
2.742189427738665475e-01 -4.441986769623118003e-01
2.642903697400914576e-01 -4.517017224479917825e-01
2.550142511575805848e-01 -4.588438276869012955e-01
2.463867146216698611e-01 -4.656255001027264639e-01
2.384038877276950796e-01 -4.720472471191535790e-01
2.310618980709920056e-01 -4.781095761598691540e-01
2.243568732468964322e-01 -4.838129946485590915e-01
2.182849408507442079e-01 -4.891580100089098493e-01
2.128422284778710150e-01 -4.941451296646075519e-01
2.080248637236127296e-01 -4.987748610393385462e-01
2.038289741833050617e-01 -5.030477115567891788e-01
2.002506874522838598e-01 -5.069641886406455189e-01
1.972861311258849171e-01 -5.105247997145940797e-01
1.949314327994439988e-01 -5.137300522023208194e-01
1.931827200682968704e-01 -5.165804535275121401e-01
1.920361205277794081e-01 -5.190765111138544441e-01
1.914877617732272386e-01 -5.212187323850339116e-01
1.915337713999763491e-01 -5.230076247647366117e-01
1.921702770033623109e-01 -5.244436956766489466e-01
1.933934061787211112e-01 -5.255274525444573186e-01
1.951992865213884321e-01 -5.262594027918476858e-01
1.975840456267000389e-01 -5.266400538425064504e-01
2.005438110899918358e-01 -5.266699131201201256e-01
2.040747105065994771e-01 -5.263494880483745586e-01
2.081728714718588391e-01 -5.256792860509561516e-01
2.128344215811057150e-01 -5.246598145515514178e-01
2.180554884296758145e-01 -5.232915809738462043e-01
2.238321996129049862e-01 -5.215750927415271354e-01
2.301606827261290233e-01 -5.195108572782802803e-01
2.370370653646836634e-01 -5.170993820077919301e-01
2.444574751239047550e-01 -5.143411743537482650e-01
2.524180395991280079e-01 -5.112367417398356872e-01
2.609148863856893819e-01 -5.077865915897404880e-01
2.699441430789243923e-01 -5.039912313271487365e-01
2.795019372741691099e-01 -4.998511683757467239e-01
2.895843965667591058e-01 -4.953669101592209079e-01
3.001876485520302840e-01 -4.905389641012574131e-01
3.113078208253184376e-01 -4.853678376255425309e-01
3.229410409819593597e-01 -4.798540381557625523e-01
3.350834366172884549e-01 -4.739980731156035465e-01
3.477311353266421823e-01 -4.678004499287519713e-01
3.608802647053559465e-01 -4.612616760188941734e-01
3.745269523487655960e-01 -4.543822588097161108e-01
3.886673258522069796e-01 -4.471627057249043524e-01
4.032975128110156127e-01 -4.396035241881447453e-01
4.184136408205275659e-01 -4.317052216231240802e-01
4.340118374760786879e-01 -4.234683054535282598e-01
4.500882303730046052e-01 -4.148932831030436863e-01
4.666389471066411110e-01 -4.059806619953566509e-01
4.836601152723239982e-01 -3.967309495541532227e-01
5.011478624653890046e-01 -3.871446532031198040e-01
5.177193050698036814e-01 -3.783517725484599747e-01
5.271952435695788086e-01 -3.754236848925172065e-01
5.297385919871658855e-01 -3.782558481415157492e-01
5.264407115762038680e-01 -3.859844470987324194e-01
5.183929635903317124e-01 -3.977456665674439784e-01
5.066867092831889297e-01 -4.126756913509274094e-01
4.924133099084145315e-01 -4.299107062524598621e-01
4.766641267196475851e-01 -4.485868960753180423e-01
4.605305209705276015e-01 -4.678404456227785446e-01
4.451014727766912094e-01 -4.868094009682141232e-01
4.311204465819954978e-01 -5.049018882839730882e-01
4.186265356045735242e-01 -5.220766213593992511e-01
4.075730513194586457e-01 -5.383593672134261432e-01
3.979133052016841088e-01 -5.537758928649874068e-01
3.896006087262834372e-01 -5.683519653330163512e-01
3.825882733682902104e-01 -5.821133516364468408e-01
3.768296106027377301e-01 -5.950858187942122957e-01
3.722779319046591318e-01 -6.072951338252460252e-01
3.688865487490881612e-01 -6.187670637484817826e-01
3.666087726110581202e-01 -6.295273755828530993e-01
3.653979149656024217e-01 -6.396018363472933954e-01
3.652072872877545340e-01 -6.490162130607364244e-01
3.659902010525476479e-01 -6.577962727421152733e-01
3.676999677350154538e-01 -6.659677824103639177e-01
3.702898988101910316e-01 -6.735565090844154446e-01
3.737133057531080715e-01 -6.805882197832039404e-01
3.779235000387998200e-01 -6.870886815256624924e-01
3.828737931422998564e-01 -6.930836613307248539e-01
3.885174965386414825e-01 -6.985989262173245562e-01
3.948079217028579446e-01 -7.036602432043950195e-01
4.016983801099829332e-01 -7.082933793108697751e-01
4.091421832350496945e-01 -7.125241015556825763e-01
4.170926425530917525e-01 -7.163781769577666214e-01
4.255030695391422424e-01 -7.198813725360556637e-01
4.343267756682348546e-01 -7.230594553094832344e-01
4.435170724154028910e-01 -7.259381922969825318e-01
4.530272712556798753e-01 -7.285433505174877533e-01
4.628106836640989985e-01 -7.309006969899317641e-01
4.728206211156938399e-01 -7.330359987332485394e-01
4.830103950854978123e-01 -7.349750227663712776e-01
4.933333170485442731e-01 -7.367435361082338430e-01
5.037426984798665242e-01 -7.383673057777693227e-01
5.141918508544980337e-01 -7.398720987939116922e-01
5.246340856474722703e-01 -7.412836821755943717e-01
5.350227143338226465e-01 -7.426278229417506704e-01
5.453110483885824644e-01 -7.439302881113144528e-01
5.554523992867853588e-01 -7.452168447032190279e-01
5.654000785034646315e-01 -7.465132597363979272e-01
5.751073975136533623e-01 -7.478453002297845709e-01
5.845276677923856301e-01 -7.492387332023131563e-01
5.936142008146939597e-01 -7.507193256729161046e-01
6.023203080556125411e-01 -7.523128446605278352e-01
6.105993009901743429e-01 -7.540450571840816574e-01
6.184044910934131112e-01 -7.559417302625108803e-01
6.256891898403619257e-01 -7.580286309147493684e-01
6.324067087060545322e-01 -7.603315261597304309e-01
6.385103591655238997e-01 -7.628761830163875990e-01
6.439534526938037740e-01 -7.656883685036546261e-01
6.486893007659273458e-01 -7.687938496404644884e-01
6.526712148569281391e-01 -7.722183934457512722e-01
6.558525064418396777e-01 -7.759877669384482868e-01
6.581864869956952635e-01 -7.801277371374892855e-01
6.596264679935280872e-01 -7.846640710618074666e-01
6.601257609103720059e-01 -7.896225357303366943e-01
6.596376772212602102e-01 -7.950288981620102780e-01
6.581155284012260021e-01 -8.009089253757617488e-01
6.555126259253026832e-01 -8.072883843905244161e-01
6.517822812685239997e-01 -8.141930422252324773e-01
6.468778059059232532e-01 -8.216486658988189085e-01
6.407525113125336347e-01 -8.296810224302173520e-01
6.333597089633888899e-01 -8.383158788383615612e-01
6.246527103335223208e-01 -8.475790021421848452e-01
6.145848268979671181e-01 -8.574961593606206245e-01
6.031093701317566946e-01 -8.680931175126026522e-01
5.901796515099249074e-01 -8.793956436170645707e-01
5.757489825075043921e-01 -8.914295046929393562e-01
5.597706745995295607e-01 -9.042204677591613171e-01
5.421980392610330490e-01 -9.177942998346634296e-01
5.229843879670484919e-01 -9.321767679383793359e-01
5.020830321926093021e-01 -9.473936390892427895e-01
4.794472834127489480e-01 -9.634706803061869884e-01
4.550304531025006205e-01 -9.804336586081453531e-01
4.287858527368980099e-01 -9.983083410140521918e-01
4.006667937909743071e-01 -1.017120494542840259e+00
3.706265877397638131e-01 -1.036895886213443196e+00
3.386185460582984419e-01 -1.057660283044794536e+00
3.045959802216123280e-01 -1.079439452055828585e+00
2.685122017047387732e-01 -1.102259160265477878e+00
2.303205219827112737e-01 -1.126145174692676498e+00
1.899742525305631868e-01 -1.151123262356357646e+00
1.474267048233280086e-01 -1.177219190275454963e+00
1.026311903360390548e-01 -1.204458725468902314e+00
5.554102054372977298e-02 -1.232867634955632674e+00
