1.548484943446707174e+00 2.061418631971367321e-01
1.338228103437258287e+00 2.057761768822839177e-01
1.147117389712730695e+00 2.106474052563695187e-01
9.744097059891609902e-01 2.204760443060375941e-01
8.193619559825867649e-01 2.349825900179323135e-01
6.812310434090426137e-01 2.538875383786973750e-01
5.592738719845667950e-01 2.769113853749770038e-01
4.527473454251960128e-01 3.037746269934152865e-01
3.609083674469667491e-01 3.341977592206560876e-01
2.830138417659165406e-01 3.679012780433435492e-01
2.183206720980809257e-01 4.046056794481216468e-01
1.660857621594974964e-01 4.440314594216344113e-01
1.255660156662030680e-01 4.858991139505258738e-01
9.601833633423385861e-02 5.299291390214401209e-01
7.669962787962709971e-02 5.758420306210210171e-01
6.686679401841946757e-02 6.233582847359127044e-01
6.577673846664770785e-02 6.721983973527593248e-01
7.268636494034856621e-02 7.220828644582046874e-01
8.685257715555870506e-02 7.727321820388928231e-01
1.075322788283152309e-01 8.238668460814679850e-01
1.339823736746546257e-01 8.752073525725740932e-01
1.654597654106137183e-01 9.264741974988550677e-01
2.012213577522292407e-01 9.773878768469551614e-01
2.405240544155382576e-01 1.027668886603518184e+00
2.826247591165772510e-01 1.077037722755188165e+00
3.267803755713829528e-01 1.125214881288609137e+00
3.722478074959921779e-01 1.171920858190425463e+00
4.182839586064420190e-01 1.216876149447280397e+00
4.641457326187692911e-01 1.259801251045818971e+00
5.090900332490096991e-01 1.300416658972683992e+00
5.523737642132012793e-01 1.338442869214520936e+00
5.932538292273803471e-01 1.373600377757973057e+00
6.309871320075837176e-01 1.405609680589684274e+00
6.648305762698476507e-01 1.434191273696298508e+00
6.940410657302099606e-01 1.459065653064460344e+00
7.178755041047067964e-01 1.479953314680813481e+00
7.355907951093741959e-01 1.496574754532001617e+00
7.464438424602506394e-01 1.508650468604669559e+00
7.496915498733713878e-01 1.515900952885460340e+00
7.445908210647739223e-01 1.518046703361018768e+00
7.303985597504948357e-01 1.514808216017988984e+00
7.063845777253959790e-01 1.505912077456274645e+00
6.724210731844942890e-01 1.491369107324421961e+00
6.292265051724746927e-01 1.471589429274495986e+00
5.775827893523287626e-01 1.447013108650593738e+00
5.182718413870482932e-01 1.418080210796812235e+00
4.520755769396241908e-01 1.385230801057248717e+00
3.797759116730493600e-01 1.348904944776000425e+00
3.021547612503150959e-01 1.309542707297164821e+00
2.199940413344126655e-01 1.267584153964839144e+00
1.340756675883337801e-01 1.223469350123119526e+00
4.518155567506999121e-02 1.177638361116103427e+00
-4.590637874238696209e-02 1.130531252287888533e+00
-1.384062200010449939e-01 1.082588088982571639e+00
-2.315360524379132812e-01 1.034248936544250208e+00
-3.245139603899995784e-01 9.859538603170208138e-01
-4.165580281943121466e-01 9.381429256449812515e-01
-5.068863401878599406e-01 8.912561978722283174e-01
-5.947169807076497783e-01 8.457337423428596956e-01
-6.792680340906922520e-01 8.020156244009712942e-01
-7.597575846739947902e-01 7.605419093906611305e-01
-8.355466799084224627e-01 7.216727353061999084e-01
-9.066077227581087472e-01 6.854264455022560654e-01
-9.730765036161671544e-01 6.517300372244146933e-01
-1.035088814562642678e+00 6.205105067751371939e-01
-1.092780447677580646e+00 5.916948504568835254e-01
-1.146287195041025830e+00 5.652100645721148675e-01
-1.195744848733023336e+00 5.409831454232919556e-01
-1.241289200833619155e+00 5.189410893128754143e-01
-1.283056043422857950e+00 4.990108925433262566e-01
-1.321181168580784604e+00 4.811195514171047738e-01
-1.355800368387444887e+00 4.651940622366723121e-01
-1.387049434922883684e+00 4.511614213044890520e-01
-1.415064160267146098e+00 4.389486249230160064e-01
-1.439980336500277458e+00 4.284826693947139109e-01
-1.461933755702323534e+00 4.196905510220435565e-01
-1.481060209953328544e+00 4.124992661074657341e-01
-1.497495491333337370e+00 4.068358109534409017e-01
-1.511375391922396672e+00 4.026271818624301280e-01
-1.522835703800550444e+00 3.998003751368941483e-01
-1.532012219047844237e+00 3.982823870792935872e-01
-1.539040729744323377e+00 3.980002139920893467e-01
-1.544057027970032747e+00 3.988808521777418847e-01
-1.547196905805017675e+00 4.008512979387122144e-01
-1.548596155329323709e+00 4.038385475774611266e-01
-1.548390568622995955e+00 4.077695973964493015e-01
-1.546715937766078186e+00 4.125714436981372524e-01
-1.543708054838617949e+00 4.181710827849861589e-01
-1.539502711920658351e+00 4.244955109594564235e-01
-1.534235701092246051e+00 4.314717245240090038e-01
-1.528042814433425267e+00 4.390267197811045796e-01
-1.521059844024241547e+00 4.470874930332039421e-01
-1.513422581944740442e+00 4.555810405827678267e-01
-1.505266820274966166e+00 4.644343587322568578e-01
-1.496728351094964937e+00 4.735744437841319376e-01
-1.487942966484781637e+00 4.829282920408538571e-01
-1.479046458524454044e+00 4.924228998048864603e-01
-1.470151934060255572e+00 5.019968838624212504e-01
-1.461281939599144986e+00 5.116352504246004518e-01
-1.452436426622370158e+00 5.213345799773250189e-01
-1.443615346611180073e+00 5.310914530064968497e-01
-1.434818651046822380e+00 5.409024499980172873e-01
-1.426046291410544953e+00 5.507641514377874525e-01
-1.417298219183596109e+00 5.606731378117089104e-01
-1.408574385847224608e+00 5.706259896056831149e-01
-1.399874742882677658e+00 5.806192873056114090e-01
-1.391199241771204242e+00 5.906496113973949136e-01
-1.382547833994052233e+00 6.007135423669355268e-01
-1.373920471032469948e+00 6.108076607001343694e-01
-1.365317104367704815e+00 6.209285468828928956e-01
-1.356737685481006483e+00 6.310727814011125592e-01
-1.348182165853621273e+00 6.412369447406944811e-01
-1.339650496966798610e+00 6.514176173875404485e-01
-1.331142630301786811e+00 6.616113798275516933e-01
-1.322658517339833084e+00 6.718148125466295584e-01
-1.314198109562186190e+00 6.820244960306756088e-01
-1.305761358450094667e+00 6.922370107655907434e-01
-1.297348215484805500e+00 7.024489372372770823e-01
-1.288958632147567673e+00 7.126568559316356355e-01
-1.280592559919629725e+00 7.228573473345679679e-01
-1.272249950282238640e+00 7.330469919319749783e-01
-1.263930754716643623e+00 7.432223702097588980e-01
-1.255634924704092548e+00 7.533800626538205147e-01
-1.247362411725833287e+00 7.635166497500613936e-01
-1.239113167263114601e+00 7.736287119843830995e-01
-1.230887142797184364e+00 7.837128298426866424e-01
-1.222684289809290226e+00 7.937655838108736983e-01
-1.214504559780680948e+00 8.037835543748454992e-01
-1.206347904192604625e+00 8.137633220205038320e-01
-1.198214274526309575e+00 8.237014672337498178e-01
-1.190103622263043226e+00 8.335945705004846884e-01
-1.182015898884054783e+00 8.434392123066101199e-01
-1.173951055870591453e+00 8.532319731380273442e-01
-1.165909044703902442e+00 8.629694334806379263e-01
-1.157889816865234955e+00 8.726481738203432093e-01
-1.149893323835837533e+00 8.822647746430443139e-01
-1.141919517096958270e+00 8.918158164346430272e-01
-1.133968348129845483e+00 9.012978796810408033e-01
-1.126039768415747266e+00 9.107075448681384300e-01
-1.118133729435911716e+00 9.200413924818381384e-01
-1.110250182671586927e+00 9.292960030080406053e-01
-1.102389079604021438e+00 9.384679569326472848e-01
-1.094550371714463122e+00 9.475538347415601859e-01
-1.086734010484159851e+00 9.565502169206800964e-01
-1.078939947394360388e+00 9.654536839559091366e-01
-1.071168133926312604e+00 9.742608163331479831e-01
-1.063418521561264818e+00 9.829681945382982011e-01
-1.055691061780464901e+00 9.915723990572613555e-01
-1.047985706065161171e+00 1.000070010375938567e+00
-1.040302405896601945e+00 1.008457608980231734e+00
-1.032641112756035318e+00 1.016731775356041867e+00
-1.025001778124709384e+00 1.024889089989270419e+00
-1.017384353483872017e+00 1.032926133365818622e+00
-1.009788790314771756e+00 1.040839485971588374e+00
-1.002215040098656917e+00 1.048625728292480463e+00
-9.946630543167753746e-01 1.056281440814396788e+00
-9.871327844503755555e-01 1.063803204023238802e+00
-9.796241819807052220e-01 1.071187598404907293e+00
-9.721371983890129131e-01 1.078431204445304159e+00
-9.646717851565465018e-01 1.085530602630330854e+00
-9.572278937645544161e-01 1.092482373445888166e+00
-9.498054756942844179e-01 1.099283097377878216e+00
-9.424044824269852683e-01 1.105929354912202234e+00
-9.350248654439047291e-01 1.112417726534761231e+00
-9.276665762262912285e-01 1.118744792731457327e+00
-9.203295662553924172e-01 1.124907133988190866e+00
-9.130137870124569455e-01 1.130901330790863968e+00
-9.057191899787331302e-01 1.136723963625377865e+00
-8.984457266354686222e-01 1.142371612977634454e+00
-8.911933484639118497e-01 1.147840859333534302e+00
-8.839620069453107964e-01 1.153128283178979308e+00
-8.767516535609140016e-01 1.158230464999870701e+00
-8.695622397919692270e-01 1.163143985282110160e+00
-8.623937171197246787e-01 1.167865424511598471e+00
-8.552460370254290067e-01 1.172391363174237755e+00
-8.481169781049222589e-01 1.176721372694349288e+00
-8.409207698232963324e-01 1.180970028400423200e+00
-8.334636386485465565e-01 1.185400569840626028e+00
-8.255446461219597687e-01 1.190286098958310168e+00
-8.169628537848224736e-01 1.195899717696825126e+00
-8.075173231784218419e-01 1.202514527999522853e+00
-7.970071158440439341e-01 1.210403631809753522e+00
-7.852312933229756986e-01 1.219840131070867750e+00
-7.719889171565035291e-01 1.231097127726216822e+00
-7.570790488859144851e-01 1.244447723719151355e+00
-7.403007500524949602e-01 1.260165020993022189e+00
-7.214530821975317920e-01 1.278522121491180163e+00
-7.003351068623115960e-01 1.299792127156975896e+00
-6.767458855881207658e-01 1.324248139933760227e+00
-6.504844799162461388e-01 1.352163261764883995e+00
-6.213499513879743308e-01 1.383810594593698040e+00
-5.891413615445922902e-01 1.419463240363553425e+00
-5.536577719273871878e-01 1.459394301017799656e+00
-5.146982440776441958e-01 1.503876878499789349e+00
-4.720618395366505959e-01 1.553184074752872457e+00
-4.255476198456933368e-01 1.607588991720400040e+00
-3.749546465460588673e-01 1.667364731345723161e+00
-3.200819811790339142e-01 1.732784395572191549e+00
-2.607286852859050930e-01 1.804121086343157154e+00
-1.966938204079590746e-01 1.881647905601969928e+00
-1.277764480864825580e-01 1.965637955291980932e+00
