9.920233407046824547e-01 -7.943895586256337626e-01
8.624488254300065604e-01 -8.038499348983560999e-01
7.499777058382097739e-01 -8.090853882424907662e-01
6.535364602686176694e-01 -8.104342092941260178e-01
5.720515670605569314e-01 -8.082346886893511106e-01
5.044495045533545774e-01 -8.028251170642549672e-01
4.496567510863364037e-01 -7.945437850549265102e-01
4.065997849988292057e-01 -7.837289832974544401e-01
3.742050846301591682e-01 -7.707190024279277907e-01
3.513991283196530868e-01 -7.558521330824355955e-01
3.371083944066371463e-01 -7.394666658970665551e-01
3.302593612304377535e-01 -7.219008915079098143e-01
3.297785071303813709e-01 -7.034931005510538515e-01
3.345923104457944053e-01 -6.845815836625878115e-01
3.436272495160036522e-01 -6.655046314786008388e-01
3.558098026803350744e-01 -6.466005346351814120e-01
3.700664482781152453e-01 -6.282075837684185649e-01
3.853236646486707939e-01 -6.106640695144015529e-01
4.005079301313279050e-01 -5.943082825092188548e-01
4.145457230654132075e-01 -5.794785133889595041e-01
4.263635217902529417e-01 -5.665130527897122015e-01
4.348878046451737922e-01 -5.557501913475663136e-01
4.390450499695020548e-01 -5.475282196986104299e-01
4.377617361025643583e-01 -5.421854284789334733e-01
4.299643413836867767e-01 -5.400601083246243661e-01
4.146061267274583906e-01 -5.414750344306247243e-01
3.919002355391308923e-01 -5.460231181738922634e-01
3.638355746543187608e-01 -5.522685515970630066e-01
3.325348346961551349e-01 -5.586980243195956986e-01
3.001207062877742082e-01 -5.637982259609499724e-01
2.687158800523090085e-01 -5.660558461405852393e-01
2.404430466128934241e-01 -5.639575744779611322e-01
2.174248965926609822e-01 -5.559901005925367290e-01
2.017841206147454880e-01 -5.406401141037717739e-01
1.956434093022804410e-01 -5.163943046311252338e-01
2.011254532783995075e-01 -4.817393617940568529e-01
2.203529431662361038e-01 -4.351619752120260975e-01
2.554485695889242014e-01 -3.751488345044923234e-01
3.085350231695972445e-01 -3.001866292909147194e-01
3.817349945313888160e-01 -2.087620491907527798e-01
4.771711742974327763e-01 -9.936178382346587401e-02
5.969662530908624865e-01 2.952747719148642383e-02
7.420146394445632509e-01 1.783776861056805829e-01
9.025799776010136055e-01 3.386478551475453069e-01
1.063477460636253369e+00 4.971777083889205029e-01
1.209478001544506132e+00 6.407694285066225515e-01
1.325352513319997705e+00 7.562251981774689158e-01
1.395871908956951346e+00 8.303472000782757823e-01
1.405807101449591423e+00 8.499376168858601144e-01
1.354462359667077287e+00 8.147239395584261468e-01
1.296782623478869523e+00 7.737773510877901106e-01
1.240016264771063526e+00 7.335573434540852977e-01
1.184167751479826114e+00 6.940700589062603898e-01
1.129241551541323219e+00 6.553216396932646237e-01
1.075242132891720770e+00 6.173182280640473474e-01
1.022173963467184477e+00 5.800659662675577977e-01
9.700415112038812682e-01 5.435709965527448784e-01
9.188492440379764092e-01 5.078394611685578264e-01
8.686016299056370515e-01 4.728775023639460451e-01
8.193031367430277934e-01 4.386912623878579387e-01
7.709582324863155645e-01 4.052868834892432992e-01
7.235713850716660733e-01 3.726705079170508639e-01
6.771470624352456946e-01 3.408482779202299806e-01
6.316897325132201368e-01 3.098263357477296642e-01
5.872038632417557746e-01 2.796108236484992626e-01
5.436939225570188716e-01 2.502078838714878462e-01
5.011643783951749143e-01 2.216236586656442908e-01
4.596196986923903327e-01 1.938642902799180834e-01
4.190643513848309465e-01 1.669359209632580998e-01
3.795028044086632968e-01 1.408446929646136880e-01
3.409395257000529256e-01 1.155967485329338212e-01
3.033789831951667626e-01 9.119822991716802774e-02
2.668256448301695727e-01 6.765527936626480887e-02
2.312839785412281746e-01 4.497403912917360275e-02
1.967584522645085265e-01 2.316065145484357338e-02
1.632535339361767812e-01 2.221258592223895618e-03
1.307736914923988136e-01 -1.783799720973639619e-02
9.932339286934080413e-02 -3.701097370208816101e-02
6.890710600316886369e-02 -5.529152863588216588e-02
3.952929883004890899e-02 -7.267351976216937515e-02
1.119443928614723832e-02 -8.915080483200052419e-02
-1.609300469237032183e-02 -1.047172415964266468e-01
-4.232856516933759805e-02 -1.193666878064984643e-01
-6.750777420858848632e-02 -1.330930012132668649e-01
-9.162616387395669526e-02 -1.458900395677826256e-01
-1.146792662292767800e-01 -1.577516606210968841e-01
-1.366626133383822828e-01 -1.686717221242602927e-01
-1.575717372651072867e-01 -1.786440818283238363e-01
-1.774021700732855700e-01 -1.876625974843382783e-01
-1.961494438267510354e-01 -1.957211268433544371e-01
-2.138090905893377525e-01 -2.028135276564232703e-01
-2.303766424248797351e-01 -2.089336576745957075e-01
-2.458476313972106919e-01 -2.140753746489224285e-01
-2.602175895701647201e-01 -2.182325363304544741e-01
-2.734820490075756672e-01 -2.213990004702425796e-01
-2.856365417732775192e-01 -2.235686248193376469e-01
-2.966765999311040125e-01 -2.247352671287904946e-01
-3.065977555448894387e-01 -2.248927851496520802e-01
-3.153955406784676452e-01 -2.240350366329732779e-01
-3.230654873956723683e-01 -2.221558793298047951e-01
-3.296031277603377330e-01 -2.192491709911976450e-01
-3.350039938362975311e-01 -2.153087693682026738e-01
-3.392636176873858878e-01 -2.103285322118706446e-01
-3.423775313774364837e-01 -2.043023172732525428e-01
-3.443412669702833884e-01 -1.972239823033991590e-01
-3.451503565297605602e-01 -1.890873850533613121e-01
-3.448003321197019022e-01 -1.798863832741899593e-01
-3.432867258039413727e-01 -1.696148347169359194e-01
-3.406050696463129857e-01 -1.582665971326501775e-01
-3.367508957106503664e-01 -1.458355282723832747e-01
-3.317197360607878065e-01 -1.323154858871863904e-01
-3.255071227605590978e-01 -1.177003277281103016e-01
-3.181085878737983097e-01 -1.019839115462058826e-01
-3.095196634643390121e-01 -8.516009509252388254e-02
-2.997358815960155520e-01 -6.722273611811535599e-02
-2.887681460045462001e-01 -4.817774419156336391e-02
-2.768560164997717621e-01 -2.821030159190783884e-02
-2.644143850412375429e-01 -7.643055871430087106e-03
-2.518626141935375595e-01 1.319784033910926906e-02
-2.396200665212654124e-01 3.398623440894983638e-02
-2.281061045890148409e-01 5.439597370733141590e-02
-2.177400909613795010e-01 7.410090560349369415e-02
-2.089413882029530767e-01 9.277487746667630042e-02
-2.021293588783292794e-01 1.100917366661190583e-01
-1.977233655521018207e-01 1.257253305710616109e-01
-1.961427707888643290e-01 1.393495065507437125e-01
-1.978069371532105436e-01 1.506381119744048813e-01
-2.031352272097340927e-01 1.592649942112851491e-01
-2.125470035230287158e-01 1.649040006306239925e-01
-2.264616286576880966e-01 1.672289786016612212e-01
-2.452984651783059189e-01 1.659137754936363673e-01
-2.694768756494758666e-01 1.606322386757893517e-01
-2.994162226357915957e-01 1.510582155173597896e-01
-3.355358687018468733e-01 1.368655533875874075e-01
-3.782551764122353277e-01 1.177280996557118348e-01
-4.279935083315505873e-01 9.331970169097288104e-02
-4.851677573199658089e-01 6.331613329279899005e-02
-5.496742663207880852e-01 2.779920999833825415e-02
-6.202494458887247708e-01 -1.224447686442088970e-02
-6.954729897402196492e-01 -5.570609297930251974e-02
-7.739245915917164487e-01 -1.014768040301308322e-01
-8.541839451596576760e-01 -1.484477757007288956e-01
-9.348307441604906121e-01 -1.955101736749227381e-01
-1.014444682310657431e+00 -2.415551636365356469e-01
-1.091605453326601971e+00 -2.854739112693916447e-01
-1.164892750924767739e+00 -3.261575822573147820e-01
-1.232886268821599574e+00 -3.624973422841293313e-01
-1.294165700733540314e+00 -3.933843570336592599e-01
-1.347310740377034355e+00 -4.177097921897285904e-01
-1.390901081468525646e+00 -4.343648134361616231e-01
-1.423516417724457472e+00 -4.422405864567822698e-01
-1.444001630286127824e+00 -4.404406951305633311e-01
-1.452758101294927551e+00 -4.293154986440551601e-01
-1.450753298646189737e+00 -4.096687974215229566e-01
-1.438955498981693504e+00 -3.823050397024895797e-01
-1.418332978943215528e+00 -3.480286737264776109e-01
-1.389854015172533819e+00 -3.076441477330100205e-01
-1.354486884311425721e+00 -2.619559099616092790e-01
-1.313199863001669687e+00 -2.117684086517983844e-01
-1.266961227885043062e+00 -1.578860920431000292e-01
-1.216739255603323189e+00 -1.011134083750368090e-01
-1.163502222798288077e+00 -4.225480588713164537e-02
-1.108218406111715293e+00 1.788526718109282806e-02
-1.051856082185382624e+00 7.850236259011379725e-02
-9.953835276610677463e-01 1.387920321004086077e-01
-9.397690191805485593e-01 1.979498274724543483e-01
-8.859407107176345830e-01 2.552067681857262960e-01
-8.342237499963488512e-01 3.103269204313134355e-01
-7.844777290944316972e-01 3.634858932432062373e-01
-7.365501855481467741e-01 4.148699516538956189e-01
-6.902886568937570688e-01 4.646653606958740523e-01
-6.455406806675256792e-01 5.130583854016337320e-01
-6.021537944057153702e-01 5.602352908036667412e-01
-5.599755356445889065e-01 6.063823419344652743e-01
-5.188534419204091641e-01 6.516858038265216369e-01
-4.786350507694392409e-01 6.963319415123283562e-01
-4.391678997279418462e-01 7.405070200243771827e-01
-4.002995263321797448e-01 7.843973043951603108e-01
-3.618774681184160347e-01 8.281890596571703789e-01
-3.237492626229135917e-01 8.720685508428994703e-01
-2.857624473819349586e-01 9.162220429848394465e-01
-2.477645599317434000e-01 9.608358011154828349e-01
-2.096031378086015973e-01 1.006096090267322163e+00
-1.711257185487724819e-01 1.052189175472849181e+00
-1.321798396885187910e-01 1.099301321764556194e+00
-9.261303876410365010e-02 1.147618794174935619e+00
-5.227285331178976174e-02 1.197327857736479206e+00
-1.100682086784000001e-02 1.248614777481680038e+00
3.133752103148269852e-02 1.301665818443029199e+00
7.491263484991553256e-02 1.356667245653019993e+00
1.198709830511956453e-01 1.413805324144144393e+00
1.663650280990599528e-01 1.473266318948893927e+00
2.145472324572447465e-01 1.535236495099760345e+00
2.645700585894891210e-01 1.599902117629237841e+00
3.165859689595293402e-01 1.667449451569817720e+00
3.707474260311022785e-01 1.738064761953992177e+00
4.272068922679452263e-01 1.811934313814253183e+00
4.861168301337952524e-01 1.889244372183093601e+00
5.476297020923895920e-01 1.970181202093005179e+00
6.118979706074652025e-01 2.054931068576479447e+00
6.790740981427592082e-01 2.143680236666010153e+00
