-9.937588138584863007e-02 2.223273094648041681e+00
1.001729318698730848e-03 1.946776637063917903e+00
9.333239999278115928e-02 1.688364667415844345e+00
1.778622216143118662e-01 1.447380385857846230e+00
2.548372851612040746e-01 1.223166992543949450e+00
3.245036816113710532e-01 1.015067687628179005e+00
3.871075019427256958e-01 8.224256712645594547e-01
4.428948371331817291e-01 6.445841436071169106e-01
4.921117781606519359e-01 4.808863048098764859e-01
5.350044160030497098e-01 3.306753550268635156e-01
5.718188416382878891e-01 1.932944944121033071e-01
6.028011460442802560e-01 6.808692311962130650e-02
6.281974201989396489e-01 -4.560415869655751880e-02
6.482537550801794612e-01 -1.484355508824075354e-01
6.632162416659124204e-01 -2.410640532839034011e-01
6.733309709340522531e-01 -3.241464657470195521e-01
6.788440338625121306e-01 -3.983395881177313469e-01
6.800015214292052246e-01 -4.643002202420129509e-01
6.770495246120443733e-01 -5.226851619658390291e-01
6.702341343889430814e-01 -5.741512131351844683e-01
6.598014417378144092e-01 -6.193551735960239890e-01
6.459975376365719724e-01 -6.589538431943320340e-01
6.290685130631282762e-01 -6.936040217760832682e-01
6.092604589953971583e-01 -7.239625091872525786e-01
5.868194664112913461e-01 -7.506861052738144080e-01
5.619916262887243441e-01 -7.744316098817437544e-01
5.350230296056093238e-01 -7.958558228570150606e-01
5.061597673398595676e-01 -8.156155440456032135e-01
4.756479304693877475e-01 -8.343675732934824341e-01
4.437333923118059187e-01 -8.527668928553043814e-01
4.106345650441399764e-01 -8.712391683376631280e-01
3.765159115925175715e-01 -8.897595574251213613e-01
3.415356096663874630e-01 -9.082507325525305264e-01
3.058518369751992982e-01 -9.266353661547426235e-01
2.696227712284018918e-01 -9.448361306666085424e-01
2.330065901354443081e-01 -9.627756985229798392e-01
1.961614714057761388e-01 -9.803767421587080699e-01
1.592455927488458101e-01 -9.975619340086447906e-01
1.224171318741028580e-01 -1.014253946507641890e+00
8.583426649099651362e-02 -1.030375452090549926e+00
4.965517430897558454e-02 -1.045849123192221120e+00
1.403803303748945436e-02 -1.060597632247506583e+00
-2.085897961401260783e-02 -1.074543651691258317e+00
-5.487768593608187417e-02 -1.087609853958327433e+00
-8.785990821926910332e-02 -1.099718911483565043e+00
-1.196474687541250470e-01 -1.110793496701823591e+00
-1.500821898312006408e-01 -1.120756282047953523e+00
-1.790058937410467232e-01 -1.129529939956807061e+00
-2.062604027742138968e-01 -1.137037142863234873e+00
-2.316875392212535967e-01 -1.143200563202089404e+00
-2.551291253727163699e-01 -1.147942873408221987e+00
-2.764269835191531799e-01 -1.151186745916483734e+00
-2.954229359511147956e-01 -1.152854853161726201e+00
-3.119588049591520695e-01 -1.152869867578800944e+00
-3.258764128338159649e-01 -1.151154461602559520e+00
-3.370175818656572786e-01 -1.147631307667852818e+00
-3.452241343452269740e-01 -1.142223078209533282e+00
-3.503378925630758478e-01 -1.134852445662451581e+00
-3.522006788097548080e-01 -1.125442082461460158e+00
-3.506543153758145959e-01 -1.113914661041409460e+00
-3.455406245518063413e-01 -1.100192853837151485e+00
-3.367014286282805635e-01 -1.084199333283537570e+00
-3.239785498957886700e-01 -1.065856771815419712e+00
-3.072138106448809025e-01 -1.045087841867648359e+00
-2.862558925933562093e-01 -1.021819574288325372e+00
-2.612654842197322247e-01 -9.961772459817798131e-01
-2.328369605194356151e-01 -9.685616940402618225e-01
-2.015967221262621178e-01 -9.393941043346523134e-01
-1.681711696740076922e-01 -9.090956627358316444e-01
-1.331867037964681588e-01 -8.780875551146803959e-01
-9.726972512743935206e-02 -8.467909673420790373e-01
-6.104663430071755742e-02 -8.156270852889080381e-01
-2.514383195009783217e-02 -7.850170948260479786e-01
9.812281290623581578e-03 -7.553821818243792174e-01
4.319530478765080950e-02 -7.271435321547823349e-01
7.437883790718803623e-02 -7.007223316881378006e-01
1.027364800154394187e-01 -6.765397662953259728e-01
1.276418304786089974e-01 -6.550170218472277650e-01
1.484684886629009937e-01 -6.365752842147234247e-01
1.645900539345196145e-01 -6.216357392686933103e-01
1.755093766498040386e-01 -6.105263239945150078e-01
1.813518812541619618e-01 -6.031258156466595688e-01
1.824302050616282700e-01 -5.991779256566341916e-01
1.790570223295172292e-01 -5.984263388030020003e-01
1.715450073151425225e-01 -6.006147398643256752e-01
1.602068342758177222e-01 -6.054868136191681183e-01
1.453551774688567888e-01 -6.127862448460916767e-01
1.273027111515736276e-01 -6.222567183236594746e-01
1.063621095812819356e-01 -6.336419188304340810e-01
8.284604701529538207e-02 -6.466855311449782873e-01
5.706719771092807342e-02 -6.611312400458548844e-01
2.933823592549369280e-02 -6.767227303116264414e-01
-2.816408369407160793e-05 -6.932036867208557496e-01
-3.071932805932117358e-02 -7.103177940521059330e-01
-6.242258174407411264e-02 -7.278087370839392278e-01
-9.482525088063875618e-02 -7.454202005949185361e-01
-1.276146612117011192e-01 -7.628958693636065380e-01
-1.604781384799481292e-01 -7.799794281685662467e-01
-1.931030084280656034e-01 -7.964145617883603423e-01
-2.251765967987395811e-01 -8.119449550015511718e-01
-2.563862293346563792e-01 -8.263142925867020816e-01
-2.864192317785023700e-01 -8.392662593223756407e-01
-3.149629298729634264e-01 -8.505445399871343071e-01
-3.417046493607259205e-01 -8.598928193595408720e-01
-3.663317159844759474e-01 -8.670547822181584596e-01
-3.885314554868997683e-01 -8.717741133415493060e-01
-4.079911936106834780e-01 -8.737944975082764243e-01
-4.243982560985135044e-01 -8.728596194969027167e-01
-4.374399686930757758e-01 -8.687131640859907522e-01
-4.468121268512278421e-01 -8.611069789935534846e-01
-4.524796371953699325e-01 -8.500522758435533621e-01
-4.547257009380125670e-01 -8.358670321571127770e-01
-4.538519126508714363e-01 -8.188869526034543433e-01
-4.501598669056625646e-01 -7.994477418518008971e-01
-4.439511582741015316e-01 -7.778851045713749413e-01
-4.355273813279040840e-01 -7.545347454313990898e-01
-4.251901306387863566e-01 -7.297323691010966229e-01
-4.132410007784634853e-01 -7.038136802496890443e-01
-3.999815863186516052e-01 -6.771143835463995231e-01
-3.857134818310663515e-01 -6.499701836604507843e-01
-3.707382818874236374e-01 -6.227167852610652199e-01
-3.553575810594390427e-01 -5.956898930174656659e-01
-3.398729739188284804e-01 -5.692252115988747363e-01
-3.245860550373077524e-01 -5.436584456745152671e-01
-3.097984189865924387e-01 -5.193252999136094283e-01
-2.957740435185675643e-01 -4.965186351971405121e-01
-2.825439253160820230e-01 -4.752659579282133007e-01
-2.700499772256474418e-01 -4.554933122109723342e-01
-2.582339329485882073e-01 -4.371265381116214988e-01
-2.470375261862290950e-01 -4.200914756963642915e-01
-2.364024906398946579e-01 -4.043139650314047651e-01
-2.262735868403185913e-01 -3.897222673488167644e-01
-2.166210448957975321e-01 -3.762650170380566483e-01
-2.074278471462758788e-01 -3.639010490198497094e-01
-1.986770709868602158e-01 -3.525892742497032661e-01
-1.903517938126570441e-01 -3.422886036831247480e-01
-1.824350930187728925e-01 -3.329579482756215847e-01
-1.749100460003143176e-01 -3.245562189827009281e-01
-1.677597301523879314e-01 -3.170423267598703743e-01
-1.609672228701001795e-01 -3.103751825626370753e-01
-1.545156015485576184e-01 -3.045136973465084607e-01
-1.483879435828669713e-01 -2.994167820669920710e-01
-1.425673263681344893e-01 -2.950433476795948362e-01
-1.370368272994667014e-01 -2.913523051398243524e-01
-1.317795237719703583e-01 -2.883025654031879936e-01
-1.267784931807519055e-01 -2.858530394251930229e-01
-1.220168129209179136e-01 -2.839626381613469253e-01
-1.174775603875748559e-01 -2.825902725671569637e-01
-1.131438129758293165e-01 -2.816948535981305124e-01
-1.089986480807878383e-01 -2.812352922097748342e-01
-1.050251430975569361e-01 -2.811704993575973588e-01
-1.012063754212431665e-01 -2.814593859971055712e-01
-9.752542244695307228e-02 -2.820608630838066233e-01
-9.396536156979318211e-02 -2.829338415732078893e-01
-9.050927018487002484e-02 -2.840372324208168542e-01
-8.714022568729015705e-02 -2.853299465821407255e-01
-8.384130547216007978e-02 -2.867708950126869327e-01
-8.059558693458637735e-02 -2.883189886679627945e-01
-7.738614746967557856e-02 -2.899331385034756847e-01
-7.419606447253422610e-02 -2.915722554747329776e-01
-7.100841533826883489e-02 -2.931952505372420470e-01
-6.780627746198596151e-02 -2.947610346465101006e-01
-6.457272823879212087e-02 -2.962285187580446233e-01
-6.129084506379389730e-02 -2.975566138273528782e-01
-5.794370533209777102e-02 -2.987042308099422949e-01
-5.451438643881034024e-02 -2.996302806613203584e-01
-5.098596577903809213e-02 -3.002936743369940542e-01
-4.734152074788766651e-02 -3.006533227924709228e-01
-4.356412874046546035e-02 -3.006681369832584494e-01
-3.963686715187805104e-02 -3.002970278648638969e-01
-3.554281337723203676e-02 -2.994989063927945838e-01
-3.126504481163389082e-02 -2.982326835225578288e-01
-2.678663885019020793e-02 -2.964572702096611168e-01
-2.209067288800750303e-02 -2.941315774096117108e-01
-1.716022432019227717e-02 -2.912145160779168185e-01
-1.197837054185111466e-02 -2.876649971700840913e-01
-6.528188948090565998e-03 -2.834419316416206813e-01
-7.927569340171209539e-04 -2.785042304480340181e-01
5.244848105262651765e-03 -2.728108045448313090e-01
1.160154877464222509e-02 -2.663205648875201503e-01
1.829426767901504852e-02 -2.589924224316077495e-01
2.533992742327456291e-02 -2.507852881326014249e-01
3.275545061231430188e-02 -2.416580729460086341e-01
4.055775985102765685e-02 -2.315696878273366677e-01
4.876377774430810941e-02 -2.204790437320928442e-01
5.739042689704910993e-02 -2.083450516157845378e-01
6.645462991414416432e-02 -1.951266224339191779e-01
7.597330940048672987e-02 -1.807826671420040832e-01
8.596338796097020840e-02 -1.652720966955465720e-01
9.644178820048809886e-02 -1.485538220500539075e-01
1.074254327239338724e-01 -1.305867541610336025e-01
1.189312441362009171e-01 -1.113298039839930170e-01
1.309761450421825513e-01 -9.074188247443983057e-02
1.435770580467727042e-01 -6.878190058788055672e-02
1.567509057548645557e-01 -4.540876927982299971e-02
1.705146107713515768e-01 -2.058139950577456481e-02
1.848850957011272111e-01 5.741297778757517914e-03
1.998792831490849853e-01 3.360041161826581024e-02
2.155140957201182872e-01 6.303703105724298150e-02
2.318064560191206436e-01 9.409224514018170449e-02
2.487732866509854701e-01 1.268071429115746052e-01
