-4.330081364243691389e-01 1.398919499570778546e+00
-4.526455549883769414e-01 1.274718944373221419e+00
-4.605317823249940878e-01 1.161913008469244168e+00
-4.574607140378316172e-01 1.059946293467885381e+00
-4.442262457305004020e-01 9.682634009781831974e-01
-4.216222730066113145e-01 8.863089326091749820e-01
-3.904426914697752826e-01 8.135274899698997642e-01
-3.514813967236031789e-01 7.493636746693949080e-01
-3.055322843717058201e-01 6.932620883166989989e-01
-2.533892500176946894e-01 6.446673325208507332e-01
-1.958461892651797986e-01 6.030240088908870311e-01
-1.336969977177728530e-01 5.677767190358471439e-01
-6.773557097908426694e-02 5.383700645647685468e-01
1.244195347274871860e-03 5.142486470866900472e-01
7.244840565769355978e-02 4.948570682106491203e-01
1.450831643485608891e-01 4.796399295456842959e-01
2.183545758162662442e-01 4.680418327008337154e-01
2.914687444571983366e-01 4.595073792851354089e-01
3.636317746677463214e-01 4.534811709076276842e-01
4.340497708442994096e-01 4.494078091773485162e-01
5.019288373832468952e-01 4.467318957033362681e-01
5.664750786809770178e-01 4.448980320946288591e-01
6.268945991338799040e-01 4.433508199602645417e-01
6.823935031383442373e-01 4.415348609092816790e-01
7.321778950907588124e-01 4.388947565507180792e-01
7.754538793875128677e-01 4.348751084936119948e-01
8.114275604249958640e-01 4.289205183470017890e-01
8.393050425995965957e-01 4.204755877199256031e-01
8.582924303077038575e-01 4.089849182214211343e-01
8.675958279457071098e-01 3.938931114605271899e-01
8.664213399099955915e-01 3.746447690462815228e-01
8.539750705969580968e-01 3.506844925877223851e-01
8.295175360591757752e-01 3.214842829778223887e-01
7.943193728836841494e-01 2.875283481828210808e-01
7.522031919925428189e-01 2.505859566558459317e-01
7.071563255920704227e-01 2.125093231441327890e-01
6.631021943692323450e-01 1.751208768715345199e-01
6.221328405080310819e-01 1.393895457248179037e-01
5.842823293385183137e-01 1.053251516529567638e-01
5.494753015841427057e-01 7.288652002071528690e-02
5.176363979683534788e-01 4.203247619285797182e-02
4.886902592145990765e-01 1.272184553414898965e-02
4.625615260463288858e-01 -1.508654659064720925e-02
4.391748391869914614e-01 -4.143387481676637923e-02
4.184548393600353577e-01 -6.636131377944454179e-02
4.003261672889099065e-01 -8.991003811391684586e-02
3.847134636970638844e-01 -1.121212224554193754e-01
3.715413693079459567e-01 -1.330360414391877633e-01
3.607345248450051223e-01 -1.526956697004573649e-01
3.522175710316902131e-01 -1.711412818744643405e-01
3.459151485914500057e-01 -1.884140525964441704e-01
3.417518982477336098e-01 -2.045551565016324735e-01
3.396524607239895244e-01 -2.196057682252650911e-01
3.395414767436668591e-01 -2.336070624025778919e-01
3.413435870302144459e-01 -2.466002136688060786e-01
3.449834323070811726e-01 -2.586263966591856311e-01
3.503856532977157046e-01 -2.697267860089522240e-01
3.574748907255669850e-01 -2.799425563533415873e-01
3.661757853140838459e-01 -2.893148823275893400e-01
3.764129777867153415e-01 -2.978849385669313232e-01
3.881111088669101372e-01 -3.056938997066029895e-01
4.011948192781173428e-01 -3.127829403818402354e-01
4.155887497437854017e-01 -3.191932352278786800e-01
4.312175409873635346e-01 -3.249659588799540533e-01
4.480058337323003514e-01 -3.301422859733018633e-01
4.658782687020449065e-01 -3.347633911431581732e-01
4.847594866200459207e-01 -3.388704490247584911e-01
5.045741282097522262e-01 -3.425046342533383248e-01
5.252468341946129327e-01 -3.457071214641335710e-01
5.467022452980767611e-01 -3.485190852923799598e-01
5.688650022435922660e-01 -3.509817003733130547e-01
5.916597457546084460e-01 -3.531361413421684747e-01
6.150111165545742997e-01 -3.550235828341822275e-01
6.388437553669390478e-01 -3.566851994845898211e-01
6.630823029151510228e-01 -3.581621659286267634e-01
6.876513999226592233e-01 -3.594956568015291731e-01
7.124756871129125368e-01 -3.607268467385323363e-01
7.374798052093598510e-01 -3.618969103748722604e-01
7.625883949354497204e-01 -3.630470223457844536e-01
7.877260970146313657e-01 -3.642183572865045349e-01
8.128175521703535633e-01 -3.654520898322684563e-01
8.377874011260653120e-01 -3.667893946183118370e-01
8.625602846052150552e-01 -3.682714462798701294e-01
8.870608433312520136e-01 -3.699394194521792856e-01
9.112137180276244086e-01 -3.718344887704749802e-01
9.349435494177822381e-01 -3.739978288699927766e-01
9.581749782251732794e-01 -3.764706143859685161e-01
9.808326451732473084e-01 -3.792940199536377066e-01
1.002841190985452435e+00 -3.825092202082362447e-01
1.024125256385237881e+00 -3.861573897849997494e-01
1.044609482096052533e+00 -3.902797033191638953e-01
1.064218508841344946e+00 -3.949173354459643570e-01
1.082876977344564562e+00 -4.001114608006368645e-01
1.100509528329159270e+00 -4.059032540184171478e-01
1.117040802518578735e+00 -4.123338897345407150e-01
1.132395440636271733e+00 -4.194445425842435182e-01
1.146498083405686597e+00 -4.272763872027610654e-01
1.159273371550273213e+00 -4.358705982253291422e-01
1.170645945793479026e+00 -4.452683502871833676e-01
1.180540446858754144e+00 -4.555108180235595827e-01
1.188881515469546901e+00 -4.666391760696934621e-01
1.195593792349306295e+00 -4.786945990608205692e-01
1.200601918221480879e+00 -4.917182616321766342e-01
1.203830533809519876e+00 -5.057513384189974426e-01
1.205204279836871839e+00 -5.208350040565185024e-01
1.204647797026985545e+00 -5.370104331799757658e-01
1.202085726103310215e+00 -5.543188004246045741e-01
1.197442707789295069e+00 -5.728012804256410462e-01
1.190643382808387996e+00 -5.924990478183206344e-01
1.181612391884038216e+00 -6.134532772378789023e-01
1.170274375739695172e+00 -6.357051433195519685e-01
1.156553975098806752e+00 -6.592958206985750635e-01
1.140375830684822400e+00 -6.842664840101839729e-01
1.121664583221190892e+00 -7.106583078896149264e-01
1.100344873431361226e+00 -7.385124669721029322e-01
1.076341342038781956e+00 -7.678701358928838872e-01
1.049578629766902749e+00 -7.987724892871930216e-01
1.019981377339171269e+00 -8.312607017902671203e-01
9.878915446365162945e-01 -8.650873396361373757e-01
9.556664470301433623e-01 -8.986112532207635173e-01
9.253574521228555838e-01 -9.304114458289933776e-01
8.971377073513788769e-01 -9.603833973974298388e-01
8.709503767131744345e-01 -9.885837870402811589e-01
8.467386242057030055e-01 -1.015069293871756040e+00
8.244456138264247835e-01 -1.039896597006060741e+00
8.040145095728005176e-01 -1.063122375557404187e+00
7.853884754422909564e-01 -1.084803308639994190e+00
7.685106754323564049e-01 -1.104996075368037900e+00
7.533242735404578339e-01 -1.123757354855744461e+00
7.397724337640554371e-01 -1.141143826217320800e+00
7.277983201006099634e-01 -1.157212168566974952e+00
7.173450965475826058e-01 -1.172019061018915176e+00
7.083559271024328918e-01 -1.185621182687349062e+00
7.007739757626223476e-01 -1.198075212686484647e+00
6.945424065256111668e-01 -1.209437830130529523e+00
6.896043833888600982e-01 -1.219765714133692169e+00
6.859030703498293358e-01 -1.229115543810179290e+00
6.833816314059800723e-01 -1.237543998274200030e+00
6.819832305547726126e-01 -1.245107756639961760e+00
6.816510317936675944e-01 -1.251863498021672294e+00
6.823281991201257668e-01 -1.257867901533539889e+00
6.839578965316074344e-01 -1.263177646289771694e+00
6.864832880255733460e-01 -1.267849411404576188e+00
6.898475375994842507e-01 -1.271939875992160962e+00
6.939938092508006751e-01 -1.275505719166734719e+00
6.988652669769832571e-01 -1.278603620042504385e+00
7.044050747754923014e-01 -1.281290257733677995e+00
7.105563966437887791e-01 -1.283622311354463585e+00
7.172623965793331058e-01 -1.285656460019068970e+00
7.244662385795862525e-01 -1.287449382841702183e+00
7.321110866420081909e-01 -1.289057758936571041e+00
7.401401047640600028e-01 -1.290538267417883356e+00
7.484964569432021042e-01 -1.291947587399847164e+00
7.571233071768951328e-01 -1.293342397996670279e+00
7.659638194625997265e-01 -1.294779378322560293e+00
7.749611577977766341e-01 -1.296315207491725463e+00
7.840584861798861604e-01 -1.298006564618373826e+00
7.931989686063889433e-01 -1.299910128816712307e+00
8.023257690747458426e-01 -1.302082579200950052e+00
8.113820515824173851e-01 -1.304580594885294209e+00
8.203109801268640977e-01 -1.307460854983953036e+00
8.290557187055466182e-01 -1.310780038611134124e+00
8.375594313159254733e-01 -1.314594824881045287e+00
8.457652819554613011e-01 -1.318961892907894562e+00
8.536164346216146281e-01 -1.323937921805889983e+00
8.610560533118465365e-01 -1.329579590689239366e+00
8.680273020236171089e-01 -1.335943578672150300e+00
8.744733447543870941e-01 -1.343086564868831045e+00
8.803373455016169080e-01 -1.351065228393489193e+00
8.855624682627674105e-01 -1.359936248360332556e+00
8.900919092446920589e-01 -1.369756229993887908e+00
8.938887497753399414e-01 -1.380536161226575187e+00
8.969697924262299837e-01 -1.392163791231125103e+00
8.993608219039609386e-01 -1.404506263790052722e+00
9.010876229151320027e-01 -1.417430722685874445e+00
9.021759801663415956e-01 -1.430804311701104448e+00
9.026516783641884700e-01 -1.444494174618258686e+00
9.025405022152716006e-01 -1.458367455219851783e+00
9.018682364261900730e-01 -1.472291297288399914e+00
9.006606657035424179e-01 -1.486132844606417480e+00
8.989435747539271659e-01 -1.499759240956420436e+00
8.967427482839438468e-01 -1.513037630120924071e+00
8.940839710001905472e-01 -1.525835155882443006e+00
8.909930276092666857e-01 -1.538018962023493419e+00
8.874957028177702378e-01 -1.549456192326589266e+00
8.836177813323008445e-01 -1.560013990574247389e+00
8.793850478594570363e-01 -1.569559500548982411e+00
8.748232871058375659e-01 -1.577959866033309178e+00
8.699582837780412969e-01 -1.585082230809743642e+00
8.648158225826670931e-01 -1.590793738660800649e+00
8.594216882263135959e-01 -1.594961533368995932e+00
8.538016654155798912e-01 -1.597452758716844556e+00
8.479815388570646206e-01 -1.598134558486861589e+00
8.419870932573664257e-01 -1.596874076461562764e+00
8.358441133230841702e-01 -1.593538456423462923e+00
8.295783837608169398e-01 -1.587994842155077357e+00
8.232156892771633760e-01 -1.580110377438921798e+00
8.167818145787223427e-01 -1.569752206057511312e+00
8.103025443720924814e-01 -1.556787471793361188e+00
8.038036633638728778e-01 -1.541083318428986715e+00
7.973109562606621736e-01 -1.522506889746902958e+00
