1.073514268411411177e+00 -5.478533858083495245e-01
1.016729654103816660e+00 -4.142045440763039155e-01
9.625029616032385604e-01 -2.890194151152447044e-01
9.107900560857637995e-01 -1.720740259524568827e-01
8.615468027274801877e-01 -6.314440361522581646e-02
8.147290667044733148e-01 3.799342486916406497e-02
7.702927131928313242e-01 1.315634324734274163e-01
7.281936073686404720e-01 2.177895921702794890e-01
6.883876144079877912e-01 2.968958769324347990e-01
6.508305994869613142e-01 3.691062597326082995e-01
6.154784277816462978e-01 4.346447135435155817e-01
5.822869644681309964e-01 4.937352113378712382e-01
5.512120747225017769e-01 5.466017260883900830e-01
5.222096237208458946e-01 5.934682307677877633e-01
4.952354766392501051e-01 6.345586983487783161e-01
4.702454986538016635e-01 6.700971018040774441e-01
4.471955549405873254e-01 7.003074141063998503e-01
4.260415106756941794e-01 7.254136082284606823e-01
4.067392310352092033e-01 7.456396571429746434e-01
3.892445811952191526e-01 7.612095338226569918e-01
3.735134263318113934e-01 7.723472112402227641e-01
3.595016316210725149e-01 7.792766623683865523e-01
3.471650622390897167e-01 7.822218601798636151e-01
3.364595833619498655e-01 7.814067776473688776e-01
3.273410601657399943e-01 7.770553877436173762e-01
3.197653578265470808e-01 7.693916634413240363e-01
3.136883415204581582e-01 7.586395777132038942e-01
3.090658764235599820e-01 7.450231035319717643e-01
3.058538277119397519e-01 7.287662138703429049e-01
3.040080605616843346e-01 7.100928817010321303e-01
3.034844401488806520e-01 6.892270799967541439e-01
3.042388316496159040e-01 6.663927817302245371e-01
3.062271002399768460e-01 6.418139598741579022e-01
3.094051110960504558e-01 6.157145874012691644e-01
3.137287293939239330e-01 5.883186372842735823e-01
3.191538203096839776e-01 5.598500824958859701e-01
3.256362490194176784e-01 5.305328960088214751e-01
3.331318806992120685e-01 5.005910507957948008e-01
3.415965805251540699e-01 4.702485198295210944e-01
3.509862136733306048e-01 4.397292760827152258e-01
3.612566453198287064e-01 4.092572925280923424e-01
3.723637406407353523e-01 3.790565421383672584e-01
3.842633457901167282e-01 3.493509426170041676e-01
3.968965609360488034e-01 3.203215666084688884e-01
4.101633814463141459e-01 2.920300550966505315e-01
4.239566967213038162e-01 2.645174023896359472e-01
4.381693961614091526e-01 2.378246027955122077e-01
4.526943691670209935e-01 2.119926506223659413e-01
4.674245051385305660e-01 1.870625401782842201e-01
4.822526934763287643e-01 1.630752657713536169e-01
4.970718235808069263e-01 1.400718217096611207e-01
5.117747848523560572e-01 1.180932023012935400e-01
5.262544666913675506e-01 9.718040185433772515e-02
5.404037584982318565e-01 7.737441467688056795e-02
5.541155496733408681e-01 5.871623507700891170e-02
5.672827296170849243e-01 4.124685736280954418e-02
5.797981877298553632e-01 2.500727584236935724e-02
5.915548134120437451e-01 1.003848482377518378e-02
6.024454960640405199e-01 -3.618521384885959452e-03
6.123631250862372477e-01 -1.592274847552757611e-02
6.212005898790247116e-01 -2.683320214006262167e-02
6.288507798427942497e-01 -3.630888807040425631e-02
6.352065843779369780e-01 -4.430881195846565063e-02
6.401608928848437907e-01 -5.079197949615995439e-02
6.436065947656258723e-01 -5.571739637763444691e-02
6.455694585112764505e-01 -5.921667025378196669e-02
6.466030294828223335e-01 -6.210695923538545049e-02
6.473918689553748163e-01 -6.537560323779893767e-02
6.486205382040448608e-01 -7.000994217637644679e-02
6.509735985039437622e-01 -7.699731596647201026e-02
6.551356111301825935e-01 -8.732506452343966052e-02
6.617905055668605874e-01 -1.019800738806381779e-01
6.712102150689701618e-01 -1.216532498072887825e-01
6.825449320356831162e-01 -1.462296335249711476e-01
6.947557264373406261e-01 -1.754583997048333455e-01
7.068036682442839780e-01 -2.090887230180236700e-01
7.176498274268546806e-01 -2.468697781356901932e-01
7.262552739553937986e-01 -2.885507397289811538e-01
7.315810778002429515e-01 -3.338807824690446791e-01
7.325883089317432040e-01 -3.826090810270290632e-01
7.282741549076503507e-01 -4.344739636723869425e-01
7.185419998179898293e-01 -4.889416205748878808e-01
7.042454609691818357e-01 -5.451928792345532848e-01
6.862830868089239145e-01 -6.023950739686692035e-01
6.655534257849141655e-01 -6.597155390945210751e-01
6.429550263448504666e-01 -7.163216089293963362e-01
6.193864369364304734e-01 -7.713806177905804251e-01
5.957462060073521748e-01 -8.240598999953592241e-01
5.729277647482990954e-01 -8.735318352959619004e-01
5.514851890203109619e-01 -9.193033958314087428e-01
5.314270769764720681e-01 -9.614193755230943106e-01
5.127127513223960209e-01 -9.999731521457910777e-01
4.953015347636974819e-01 -1.035058103474272961e+00
4.791527500059904465e-01 -1.066767607283312991e+00
4.642257197548893544e-01 -1.095195041347685194e+00
4.504797667160081454e-01 -1.120433783442162490e+00
4.378742135949613701e-01 -1.142577211341518684e+00
4.263683830973629130e-01 -1.161718702820526916e+00
4.159215979288272136e-01 -1.177951635653961215e+00
4.064931807949682674e-01 -1.191369387616594278e+00
3.980424544014006250e-01 -1.202065336483199687e+00
3.905287414537381707e-01 -1.210132860028551027e+00
3.839113646575953442e-01 -1.215665336027422105e+00
3.781496467185862520e-01 -1.218756142254585839e+00
3.732029103423252225e-01 -1.219498656484816257e+00
3.690304782344263623e-01 -1.217986256492885833e+00
3.655916731005039999e-01 -1.214312320053568817e+00
3.628458176461721862e-01 -1.208570224941638127e+00
3.607522345770453054e-01 -1.200853348931867792e+00
3.592702465987375193e-01 -1.191255069799030952e+00
3.583591764168629901e-01 -1.179868765317900747e+00
3.579783467370359906e-01 -1.166787813263250984e+00
3.580870802648707385e-01 -1.152105591409855023e+00
3.586446997059814512e-01 -1.135915477532486006e+00
3.596105277659823463e-01 -1.118310849405917962e+00
3.609438871504876412e-01 -1.099385084804924029e+00
3.626041005651115534e-01 -1.079231561504278014e+00
3.645504907154683005e-01 -1.057943657278752836e+00
3.667423803071721000e-01 -1.035614749903121634e+00
3.691390920458371694e-01 -1.012338217152158881e+00
3.716999486370777817e-01 -9.882074368006371623e-01
3.743842727865080988e-01 -9.633157866233301725e-01
3.771513871997423939e-01 -9.377566443950114961e-01
3.799606145823947734e-01 -9.116233878904542731e-01
3.827712776400795658e-01 -8.850093948844323100e-01
3.855426990784109331e-01 -8.580080431517187467e-01
3.882342016030029819e-01 -8.307127104670869455e-01
3.908051079194702071e-01 -8.032167746053109347e-01
3.932147407334266598e-01 -7.756136133411635214e-01
3.954224227504865574e-01 -7.479966044494182897e-01
3.973874766762641175e-01 -7.204591257048489350e-01
3.990692252163736131e-01 -6.930945548822288194e-01
4.004269910764291507e-01 -6.659962697563310829e-01
4.014200969620451698e-01 -6.392576481019295320e-01
4.020078655788356659e-01 -6.129720676937974178e-01
4.021506802768143318e-01 -5.872317472342084566e-01
4.018355498817852700e-01 -5.620998090979582029e-01
4.010774102723734802e-01 -5.376088569686173768e-01
3.998925184729087978e-01 -5.137900507813558670e-01
3.982971315077216135e-01 -4.906745504713437289e-01
3.963075064011419291e-01 -4.682935159737512953e-01
3.939399001774998577e-01 -4.466781072237488437e-01
3.912105698611254012e-01 -4.258594841565055411e-01
3.881357724763486727e-01 -4.058688067071921091e-01
3.847317650474999517e-01 -3.867372348109784364e-01
3.810148045989091847e-01 -3.684959284030347448e-01
3.770011481549067067e-01 -3.511760474185310343e-01
3.727070527398221866e-01 -3.348087517926372492e-01
3.681487753779860150e-01 -3.194252014605237222e-01
3.633425730937283049e-01 -3.050565563573602867e-01
3.583047029113791693e-01 -2.917339764183172202e-01
3.530514218552685546e-01 -2.794886215785644668e-01
3.475989869497266849e-01 -2.683516517732721374e-01
3.419636552190836731e-01 -2.583542269376102873e-01
3.361616836876695769e-01 -2.495275070067490275e-01
3.302093293798145646e-01 -2.419026519158583854e-01
3.241228493198486937e-01 -2.355108216001084720e-01
3.179185005321019664e-01 -2.303831759946693425e-01
3.116125400409046620e-01 -2.265508750347110523e-01
3.052212248705868380e-01 -2.240450786554037399e-01
2.987608120454784966e-01 -2.228969467919174052e-01
2.922475585899098061e-01 -2.231376393794221313e-01
2.856977215282109350e-01 -2.247983163530880568e-01
2.791275578847119410e-01 -2.279101376480852092e-01
2.725533246837428258e-01 -2.325042631995835885e-01
2.659912789496339247e-01 -2.386118529427534718e-01
2.594576777067150730e-01 -2.462640668127647203e-01
2.529687779793166613e-01 -2.554920647447872506e-01
2.465408367917685251e-01 -2.663270066739916175e-01
2.401901111684009160e-01 -2.788000525355476267e-01
2.339328581335438362e-01 -2.929423622646253889e-01
2.277853347115274540e-01 -3.087850957963949594e-01
2.217637979266818549e-01 -3.263594130660263937e-01
2.158845048033372349e-01 -3.456964740086898580e-01
2.101637123658235407e-01 -3.668274385595552967e-01
2.046176776384709961e-01 -3.897834666537928761e-01
1.992626576456096310e-01 -4.145957182265725960e-01
1.941149094115695861e-01 -4.412953532130645673e-01
1.891920470369716500e-01 -4.699092411900464561e-01
1.846801029832133845e-01 -4.999318018399431796e-01
1.810944935574037018e-01 -5.298161171131074987e-01
1.789888007843315199e-01 -5.578946091205915225e-01
1.789166066887858675e-01 -5.824996999734479708e-01
1.814314932955556903e-01 -6.019638117827287305e-01
1.870870426294297950e-01 -6.146193666594861327e-01
1.964368367151972383e-01 -6.187987867147722865e-01
2.095574167818022859e-01 -6.143298118809368269e-01
2.231904783057370167e-01 -6.114934899171557969e-01
2.328917624989861601e-01 -6.241982375853195597e-01
2.373404353060642180e-01 -6.553736533471291592e-01
2.374256707327308258e-01 -7.001825995264275848e-01
2.340831191364746156e-01 -7.536246044000632915e-01
2.282484308747843305e-01 -8.106991962448845124e-01
2.208572563051483806e-01 -8.664059033377429220e-01
2.128452457850555091e-01 -9.157442539554864203e-01
2.051480496719943758e-01 -9.537137763749642394e-01
1.987013183234535019e-01 -9.753139988730252785e-01
1.944407020969216582e-01 -9.755444497265187698e-01
1.933018513498874491e-01 -9.494046572122939454e-01
1.962204164398394790e-01 -8.918941496071997044e-01
2.041320477242664078e-01 -7.980124551880853900e-01
