4.042848128266511853e-01 -1.653843136141807113e-01
3.859200688604499940e-01 -1.549535329772818437e-01
3.686807657154159701e-01 -1.446472164630990265e-01
3.525471246290296512e-01 -1.344665555079211094e-01
3.374993668387715196e-01 -1.244127415480370952e-01
3.235177135821220573e-01 -1.144869660197358613e-01
3.105823860965617467e-01 -1.046904203593062993e-01
2.986736056195705702e-01 -9.502429600303723134e-02
2.877715933886293986e-01 -8.548978438721760442e-02
2.778565706412184921e-01 -7.608807694813631006e-02
2.689087586148184439e-01 -6.682036512208230916e-02
2.609083785469096806e-01 -5.768784034534445854e-02
2.538356516749723513e-01 -4.869169405421159419e-02
2.476707992364872157e-01 -3.983311768497268396e-02
2.423940424689347006e-01 -3.111330267391666793e-02
2.379856026097949828e-01 -2.253344045733233353e-02
2.344257008965487665e-01 -1.409472247150864860e-02
2.316945585666763119e-01 -5.798340152734481230e-03
2.297723968576581566e-01 2.354515062701199434e-03
2.286394370069746995e-01 1.036265173850957171e-02
2.282759002521064506e-01 1.822487843840172109e-02
2.286620078305337811e-01 2.594000372608872354e-02
2.297779809797370620e-01 3.350683616528171010e-02
2.316040409371968034e-01 4.092418431969178233e-02
2.341204089403934319e-01 4.819085675303000360e-02
2.373073062268074573e-01 5.530566202900753098e-02
2.411449540339191400e-01 6.226740871133545213e-02
2.456135735992091285e-01 6.907490536372482004e-02
2.506933861601577385e-01 7.572696054988678482e-02
2.563646129542455077e-01 8.222238283353237864e-02
2.626074752189526684e-01 8.855998077837282101e-02
2.694021941917598140e-01 9.473856294811915102e-02
2.767289911101473709e-01 1.007569379064824772e-01
2.845680872115958771e-01 1.066139142171738663e-01
2.928997037335854814e-01 1.123083004439044685e-01
3.017040619135968882e-01 1.178389051503853230e-01
3.109613829891102466e-01 1.232045369003275798e-01
3.206518881976064272e-01 1.284040042574423612e-01
3.307557987765655794e-01 1.334361157854407343e-01
3.412533359634680741e-01 1.382996800480337518e-01
3.521247209957945601e-01 1.429935056089326195e-01
3.633501751110254085e-01 1.475164010318484320e-01
3.749099195466409906e-01 1.518671748804922006e-01
3.867841755401217885e-01 1.560446357185750477e-01
3.989531643289481733e-01 1.600475921098080956e-01
4.113971071506006827e-01 1.638748526179025500e-01
4.240962252425596324e-01 1.675252258065693112e-01
4.370307398423057821e-01 1.709975202395196403e-01
4.501808721873190033e-01 1.742905444804645210e-01
4.635268435150803334e-01 1.774031070931151866e-01
4.770488750630697550e-01 1.803340166411826206e-01
4.907271880687678611e-01 1.830820816883779734e-01
5.045420037696553006e-01 1.856461107984123671e-01
5.184735434032121670e-01 1.880249125349968686e-01
5.325020282069191646e-01 1.902172954618426282e-01
5.466076794182566090e-01 1.922220681426606570e-01
5.607707182747048158e-01 1.940380391411621330e-01
5.749713660137445448e-01 1.956640170210581509e-01
5.891898438728556675e-01 1.970988103460597218e-01
6.034063730895193878e-01 1.983412276798781348e-01
6.176011749012155772e-01 1.993900775862243180e-01
6.317544705454248843e-01 2.002441686288094214e-01
6.458464812596278470e-01 2.009023093713445673e-01
6.598574282813045588e-01 2.013633083775408783e-01
6.737675328479357795e-01 2.016259742111093656e-01
6.875570161970018246e-01 2.016891154357612348e-01
7.012060995659831208e-01 2.015515406152076083e-01
7.146950041923602059e-01 2.012120583131594143e-01
7.280039513136132845e-01 2.006694770933279137e-01
7.411131621672230052e-01 1.999226055194241181e-01
7.540028579906697948e-01 1.989702521551592052e-01
7.666532600214339688e-01 1.978112255642442974e-01
7.790445894969959539e-01 1.964443343103903505e-01
7.911570676548365100e-01 1.948683869573085703e-01
8.029709157324356195e-01 1.930821920687100512e-01
8.144663549672742642e-01 1.910845582083059435e-01
8.256236065968322047e-01 1.888742939398072029e-01
8.364228918585903116e-01 1.864502078269250351e-01
8.468444319900289008e-01 1.838111084333705347e-01
8.568684482286285098e-01 1.809558043228547686e-01
8.664751618118697873e-01 1.778831040590889423e-01
8.756447939772326050e-01 1.745918162057840117e-01
8.843575659621976115e-01 1.710807493266511548e-01
8.925936990042454555e-01 1.673487119854014937e-01
9.003334143408563417e-01 1.633945127457460955e-01
9.075569332095108077e-01 1.592169601713960547e-01
9.142444768476893913e-01 1.548148628260624660e-01
9.203853179329848366e-01 1.501904800400158391e-01
9.260265459941389166e-01 1.453681132113119612e-01
9.312379941852210186e-01 1.403807345064971568e-01
9.360895501528261331e-01 1.352613368668211524e-01
9.406511015435488066e-01 1.300429132335335636e-01
9.449925360039838074e-01 1.247584565478842000e-01
9.491837411807264591e-01 1.194409597511228160e-01
9.532946047203711970e-01 1.141234157844990410e-01
9.573950142695129006e-01 1.088388175892627263e-01
9.615548574747463384e-01 1.036201581066635430e-01
9.658440219826662787e-01 9.850043027795120365e-02
9.703323954398676010e-01 9.351262704437542095e-02
9.750898654929451848e-01 8.868974134718593527e-02
9.801863197884939094e-01 8.406476612763252865e-02
9.856916459731084323e-01 7.967069432696483045e-02
9.916757316933836330e-01 7.554051888643263657e-02
9.982084645959142799e-01 7.170723274728565966e-02
1.005359732327295141e+00 6.820382885077361235e-02
1.013199422534121430e+00 6.506330013814630442e-02
1.021797422862987359e+00 6.231863955065333055e-02
1.031223620960488363e+00 6.000284002954451440e-02
1.041547904473218544e+00 5.814889451606952697e-02
1.052840161047773337e+00 5.678979595147812948e-02
1.065170278330747289e+00 5.595853727702003455e-02
1.078608143968735167e+00 5.568811143394497565e-02
1.093223645608331740e+00 5.601151136350270010e-02
1.109086670896132221e+00 5.696173000694288585e-02
1.126267107478731155e+00 5.857176030551530105e-02
1.144834843002723312e+00 6.087459520046965833e-02
1.164859765114703016e+00 6.390322763305562870e-02
1.186411761461266146e+00 6.769065054452301500e-02
1.209560719689007025e+00 7.226985687612158538e-02
1.234376527444520422e+00 7.767383956910098308e-02
1.260929072374401327e+00 8.393559156471096239e-02
1.289281852263324257e+00 9.108426548651635257e-02
1.319374525923363572e+00 9.907458652874276406e-02
1.351034543357374718e+00 1.077938422038899335e-01
1.384085297833134831e+00 1.171268819199012129e-01
1.418350182618421051e+00 1.269585550847198707e-01
1.453652590981010073e+00 1.371737111062891201e-01
1.489815916188680145e+00 1.476571993925525073e-01
1.526663551509206851e+00 1.582938693514530648e-01
1.564018890210368440e+00 1.689685703909342973e-01
1.601705325559941606e+00 1.795661519189394872e-01
1.639546250825703266e+00 1.899714633434118061e-01
1.677365059275430781e+00 2.000693540722947306e-01
1.714985144176901510e+00 2.097446735135315155e-01
1.752229898797891705e+00 2.188822710750653877e-01
1.788922716406179392e+00 2.273669961648397686e-01
1.824886990269541265e+00 2.350836981907978851e-01
1.859946113655754463e+00 2.419172265608830474e-01
1.893923479832596346e+00 2.477524306830386214e-01
1.926642482067843831e+00 2.524741599652079449e-01
1.957926513629274057e+00 2.559672638153342450e-01
1.987598967784663273e+00 2.581165916413607486e-01
2.015483237801790395e+00 2.588069928512310436e-01
2.041402716948431006e+00 2.579233168528881626e-01
2.065198915131796653e+00 2.553632707399423607e-01
2.086867048751378295e+00 2.511336497053771044e-01
2.106479822663995805e+00 2.452962438119900834e-01
2.124110534374743509e+00 2.379132637350944157e-01
2.139832481388718843e+00 2.290469201500037744e-01
2.153718961211018801e+00 2.187594237320316659e-01
2.165843271346738153e+00 2.071129851564912638e-01
2.176278709300975223e+00 1.941698150986961580e-01
2.185098572578825671e+00 1.799921242339597438e-01
2.192376158685386045e+00 1.646421232375955279e-01
2.198184765125752893e+00 1.481820227849168781e-01
2.202597689405022763e+00 1.306740335512371898e-01
2.205688229028292202e+00 1.121803662118699974e-01
2.207529681500657759e+00 9.276323144212872407e-02
2.208195344327215093e+00 7.248483991732670995e-02
2.207758515013061640e+00 5.140740231277739908e-02
2.206292491063293060e+00 2.959312930379429801e-02
2.203870569983007677e+00 7.104231565690786662e-03
2.200566049277299818e+00 -1.599708022621967179e-02
2.196452226451266920e+00 -3.964859539662355520e-02
2.191602399010005975e+00 -6.378810327020761894e-02
2.186089864458612642e+00 -8.835339317165834261e-02
2.179987920302183912e+00 -1.132822544256621711e-01
2.173369864045816335e+00 -1.385124763569054174e-01
2.166308993194606014e+00 -1.639818482900754215e-01
2.158878605253649052e+00 -1.896281595498584549e-01
2.151151997728043330e+00 -2.153891994609409000e-01
2.143202468122883619e+00 -2.412027573480093889e-01
2.135103313943268244e+00 -2.670066225357504708e-01
2.126927832694292420e+00 -2.927385843488507500e-01
2.118749321881053138e+00 -3.183364321119969143e-01
2.110641079008646503e+00 -3.437379551498752628e-01
2.102676401582169952e+00 -3.688809427871725388e-01
2.094928587106718698e+00 -3.937031843485751526e-01
2.087470933087390179e+00 -4.181424691587700138e-01
2.080376737029280054e+00 -4.421365865424431996e-01
2.073719296437485760e+00 -4.656233258242816753e-01
2.067571908817103843e+00 -4.885404763289719621e-01
2.062007871673229076e+00 -5.108258273812003036e-01
2.057100482510960227e+00 -5.324171683056536653e-01
2.052923038835392511e+00 -5.532522884270183461e-01
2.049548838151622920e+00 -5.732689770699811449e-01
2.047051177964747559e+00 -5.924050235592284164e-01
2.045503355779862531e+00 -6.105982172194466262e-01
2.044978669102065716e+00 -6.277863473753227952e-01
2.045550415436452329e+00 -6.439072033515429450e-01
2.047291892288119364e+00 -6.588985744727940963e-01
2.050276397162163367e+00 -6.726982500637626039e-01
2.054577227563680886e+00 -6.852440194491347114e-01
2.060267680997768025e+00 -6.964736719535976617e-01
2.067421054969521776e+00 -7.063249969018376984e-01
2.076110646984038244e+00 -7.147357836185413982e-01
2.086409754546413975e+00 -7.216438214283952268e-01
2.098391675161745962e+00 -7.269868996560859831e-01
2.112129706335129864e+00 -7.307028076262999106e-01
2.127697145571663562e+00 -7.327293346637239191e-01
2.145167290376441382e+00 -7.330042700930442523e-01
