-7.223981594846094756e-02 5.464881054709044284e-01
-3.491827267127742968e-02 5.164454124803573576e-01
1.079574113286222012e-03 4.851523584629613417e-01
3.577894306500555011e-02 4.527384654656586571e-01
6.920505284365596754e-02 4.193332555353932456e-01
1.013831221090128881e-01 3.850662507191084383e-01
1.323383695208518174e-01 3.500669730637469002e-01
1.620960137389483025e-01 3.144649446162524065e-01
1.906812734230776130e-01 2.783896874235680663e-01
2.181193672330153932e-01 2.419707235326371830e-01
2.444355138285369267e-01 2.053375749904026437e-01
2.696549318694177466e-01 1.686197638438081126e-01
2.938028400154334419e-01 1.319468121397967264e-01
3.169044569263592126e-01 9.544824192531163598e-02
3.389850012619707309e-01 5.925357524729614467e-02
3.600696916820433358e-01 2.349233415269359748e-02
3.801837468463525327e-01 -1.170595931155295200e-02
3.993523854146739382e-01 -4.621178309850006855e-02
4.176008260467827249e-01 -7.989561516120458062e-02
4.349542874024545092e-01 -1.126279334527232473e-01
4.514379881414646301e-01 -1.442792159261128970e-01
4.670771469235885931e-01 -1.747199405344300738e-01
4.818906471036842887e-01 -2.038209049119524829e-01
4.956818880870401123e-01 -2.314637800720529548e-01
5.079909675220485310e-01 -2.575435233068499308e-01
5.183419636137855946e-01 -2.819559002539582249e-01
5.262589545673276303e-01 -3.045966765509921514e-01
5.312660185877510211e-01 -3.253616178355661082e-01
5.328872338801320385e-01 -3.441464897452946037e-01
5.306466786495469545e-01 -3.608470579177922022e-01
5.240684311010720409e-01 -3.753590879906734679e-01
5.126765694397835693e-01 -3.875783456015528539e-01
4.959951718707578672e-01 -3.974005963880447023e-01
4.735483165990712062e-01 -4.047216059877636329e-01
4.448600818297998027e-01 -4.094371400383240989e-01
4.094545457680202061e-01 -4.114429641773406088e-01
3.668557866188086325e-01 -4.106348440424276158e-01
3.165878825872410762e-01 -4.069085452711995732e-01
2.581749118783938646e-01 -4.001598335012711005e-01
1.911409526973436024e-01 -3.902844743702565955e-01
1.150100832491663116e-01 -3.771782335157705668e-01
2.930638173893849660e-02 -3.607368765754275231e-01
-6.643272906585588611e-02 -3.408601192211980768e-01
-1.708619180134047233e-01 -3.179828239521009792e-01
-2.790155862125503483e-01 -2.936114644232122872e-01
-3.855266769118264047e-01 -2.693711978503250948e-01
-4.870185592150360621e-01 -2.462881438799070788e-01
-5.833099618403919662e-01 -2.244267483279391573e-01
-6.745077790450909605e-01 -2.037647308539973223e-01
-7.607189050863328861e-01 -1.842798111176572884e-01
-8.420502342213148639e-01 -1.659497087784950753e-01
-9.186086607072346810e-01 -1.487521434960863975e-01
-9.905010788012905687e-01 -1.326648349300070528e-01
-1.057834382760680425e+00 -1.176655027398330056e-01
-1.120715466842602259e+00 -1.037318665851400257e-01
-1.179251225304253969e+00 -9.084164612550392481e-02
-1.233548552402833565e+00 -7.897256102050062565e-02
-1.283714342395539054e+00 -6.810233092970588431e-02
-1.329855489539567781e+00 -5.820867551269565815e-02
-1.372078888092118865e+00 -4.926931442904559227e-02
-1.410491432310389648e+00 -4.126196733833165792e-02
-1.445200016451578806e+00 -3.416435390012964590e-02
-1.476311534772882794e+00 -2.795419377401543032e-02
-1.503932881531501398e+00 -2.260920661956478811e-02
-1.528170950984630627e+00 -1.810711209635367316e-02
-1.549132637389470490e+00 -1.442562986395776875e-02
-1.566924835003217442e+00 -1.154247958195304784e-02
-1.581654438083070602e+00 -9.435380909915278697e-03
-1.593428340886226646e+00 -8.082053507420342356e-03
-1.602353437669884917e+00 -7.460217034044043516e-03
-1.608536622691242313e+00 -7.547591149362228510e-03
-1.612084790207497731e+00 -8.321895512950717652e-03
-1.613104834475848071e+00 -9.760849784385381561e-03
-1.611703649753491785e+00 -1.184217362324205269e-02
-1.607988130297627549e+00 -1.454358668909657218e-02
-1.602065170365452484e+00 -1.784280864152472390e-02
-1.594041664214165044e+00 -2.171755914010241664e-02
-1.584024506100962570e+00 -2.614555784440546898e-02
-1.572120590283043962e+00 -3.110452441400967868e-02
-1.558436811017605894e+00 -3.657217850849096841e-02
-1.543080062561847932e+00 -4.252623978742511163e-02
-1.526157239172967195e+00 -4.894442791038794427e-02
-1.507775235108161471e+00 -5.580446253695531961e-02
-1.488040944624628770e+00 -6.308406332670311867e-02
-1.467061261979568210e+00 -7.076094993920697962e-02
-1.444943081430176024e+00 -7.881284203404304023e-02
-1.421793297233651110e+00 -8.721745927078698724e-02
-1.397718803647191477e+00 -9.595252130901461840e-02
-1.372826494927995133e+00 -1.049957478083019258e-01
-1.347223265333259867e+00 -1.143248584282245406e-01
-1.321016009120183465e+00 -1.239175728283584688e-01
-1.294311620545964159e+00 -1.337516106682794526e-01
-1.267216993867799735e+00 -1.438046916075634007e-01
-1.239839023342888424e+00 -1.540545353057860556e-01
-1.212284603228428237e+00 -1.644788614225233814e-01
-1.184660627781616959e+00 -1.750553896173510648e-01
-1.157073991259652823e+00 -1.857618395498449870e-01
-1.129631587919733615e+00 -1.965759308795811122e-01
-1.102434463739771831e+00 -2.074763342841192681e-01
-1.075524671316594905e+00 -2.184513136501703701e-01
-1.048910079170148668e+00 -2.294946917083889038e-01
-1.022598137395300366e+00 -2.406003592316266482e-01
-9.965962960869167997e-01 -2.517622069927359374e-01
-9.709120053398653249e-01 -2.629741257645684671e-01
-9.455527152490134091e-01 -2.742300063199763493e-01
-9.205258759092276311e-01 -2.855237394318115851e-01
-8.958389374153756801e-01 -2.968492158729262309e-01
-8.714993498623245793e-01 -3.082003264161722877e-01
-8.475145633449413518e-01 -3.195709618344015901e-01
-8.238920279580932426e-01 -3.309550129004662500e-01
-8.006391937966474970e-01 -3.423463703872182684e-01
-7.777635109554713599e-01 -3.537389250675095909e-01
-7.552724295294318546e-01 -3.651265677141922184e-01
-7.331733996133961151e-01 -3.765031891001183184e-01
-7.114738713022317196e-01 -3.878626799981397255e-01
-6.901812946908053581e-01 -3.991989311811082741e-01
-6.693031198739847198e-01 -4.105058334218761318e-01
-6.488467969466363838e-01 -4.217772774932954660e-01
-6.288197760036278172e-01 -4.330071541682182223e-01
-6.092295071398260431e-01 -4.441893542194962352e-01
-5.900834404500984176e-01 -4.553177684199816722e-01
-5.713890260293122969e-01 -4.663862875425262011e-01
-5.531537139723341490e-01 -4.773888023599822672e-01
-5.353849543740321071e-01 -4.883192036452017604e-01
-5.180901973292726392e-01 -4.991713821710362375e-01
-5.012768929329233236e-01 -5.099392287103382548e-01
-4.849524912798510168e-01 -5.206166340359594802e-01
-4.691244424649230749e-01 -5.311974889207522477e-01
-4.538001965830067985e-01 -5.416756841375680587e-01
-4.389872037289691553e-01 -5.520451104592594138e-01
-4.246929139976772793e-01 -5.622996586586779255e-01
-4.109247774839985823e-01 -5.724332195086758723e-01
-3.976902442827999762e-01 -5.824396837821048667e-01
-3.849967644889488727e-01 -5.923129422518172982e-01
-3.728517881973122949e-01 -6.020468856906651123e-01
-3.612627655027575990e-01 -6.116354048715002545e-01
-3.502371465001516415e-01 -6.210723905671745593e-01
-3.397823812843619451e-01 -6.303517335505403052e-01
-3.299059199502554218e-01 -6.394673245944493267e-01
-3.206152125926993723e-01 -6.484130544717534583e-01
-3.119177093065609863e-01 -6.571828139553050896e-01
-3.038208601867076752e-01 -6.657704938179558329e-01
-2.963321153280060183e-01 -6.741699848325578559e-01
-2.894589248253236491e-01 -6.823751777719634370e-01
-2.832087387735275352e-01 -6.903799634090241888e-01
-2.775890072674849218e-01 -6.981782325165922787e-01
-2.726071804020629985e-01 -7.057638758675194302e-01
-2.682707082721291214e-01 -7.131307842346580328e-01
-2.645870409725500916e-01 -7.202728483908601431e-01
-2.615636285981934317e-01 -7.271839591089771515e-01
-2.592079212439261093e-01 -7.338580071618615586e-01
-2.575273690046153141e-01 -7.402888833223653098e-01
-2.565294219751283467e-01 -7.464704783633402396e-01
-2.562215302503322856e-01 -7.523966830576385156e-01
-2.566111439250943760e-01 -7.580613881781119723e-01
-2.577057130942816965e-01 -7.634584844976127771e-01
-2.595126878527614922e-01 -7.685818627889928756e-01
-2.620395182954008972e-01 -7.734254138251042132e-01
-2.652936545170671567e-01 -7.779830283787987355e-01
-2.692825466126273493e-01 -7.822485972229288320e-01
-2.740136446769487755e-01 -7.862160111303457821e-01
-2.794943988048985140e-01 -7.898791608739023085e-01
-2.857322590913437543e-01 -7.932319372264499124e-01
-2.927346756311516862e-01 -7.962682309608407616e-01
-3.005090985191894992e-01 -7.989819328499268014e-01
-3.090629778503244385e-01 -8.013669336665601994e-01
-3.184037637194234716e-01 -8.034171241835929012e-01
-3.285389062213536771e-01 -8.051263951738767410e-01
-3.394758554509827442e-01 -8.064886374102639977e-01
-3.512220615031775850e-01 -8.074977416656063944e-01
-3.637849744728053336e-01 -8.081475987127560989e-01
-3.771720444547332352e-01 -8.084320993245649456e-01
-3.913907215438283127e-01 -8.083451342738851020e-01
-4.064484558349579779e-01 -8.078805943335685136e-01
-4.223526974229890874e-01 -8.070323702764670148e-01
-4.391108964027891082e-01 -8.057943528754328844e-01
-4.567305028692251745e-01 -8.041604329033179566e-01
-4.752189669171644204e-01 -8.021245011329742880e-01
-4.945837386414740355e-01 -7.996804483372539352e-01
-5.148322681370209875e-01 -7.968221652890086215e-01
-5.359720054986727433e-01 -7.935435427610906256e-01
-5.580104008212963818e-01 -7.898384715263520039e-01
-5.809549041997590368e-01 -7.857008423576443690e-01
-6.048129657289279537e-01 -7.811245460278201103e-01
-6.295920355036701554e-01 -7.761034733097309513e-01
-6.552967760261797503e-01 -7.706320557764221313e-01
-6.815957716998718441e-01 -7.647699250218611411e-01
-7.075055487466256343e-01 -7.587032136147429107e-01
-7.319678074649219601e-01 -7.526325705465470861e-01
-7.539242481532421047e-01 -7.467586448087549789e-01
-7.723165711100667963e-01 -7.412820853928466791e-01
-7.860864766338768739e-01 -7.364035412903026101e-01
-7.941756650231537318e-01 -7.323236614926038612e-01
-7.955258365763780981e-01 -7.292430949912301896e-01
-7.890786915920312561e-01 -7.273624907776627957e-01
-7.737759303685938228e-01 -7.268824978433817696e-01
-7.485592532045470815e-01 -7.280037651798678677e-01
-7.123703603983718713e-01 -7.309269417786016243e-01
-6.641509522485490313e-01 -7.358526766310634626e-01
-6.028427290535599559e-01 -7.429816187287341389e-01
-5.273873911118851510e-01 -7.525144170630938545e-01
