-1.429140128573792801e+00 -1.003183420884858235e+00
-1.248866023007013659e+00 -6.732396161765020759e-01
-1.098903703376821195e+00 -4.025374401023627535e-01
-9.758559154152922632e-01 -1.847678526674830513e-01
-8.763254048545023878e-01 -1.362181387690364689e-02
-7.969149174265287572e-01 1.172097162643331997e-01
-7.342271988634470059e-01 2.140357777511862070e-01
-6.848649948973327684e-01 2.831654105786136633e-01
-6.454310512602629002e-01 3.309076547415739644e-01
-6.125281136843137020e-01 3.635715502350255202e-01
-5.827589279015609192e-01 3.874661370539266292e-01
-5.527262396440810743e-01 4.089004551932358122e-01
-5.190327946439501350e-01 4.341835446479112570e-01
-4.782813386332445682e-01 4.696244454129115398e-01
-4.279005650362777691e-01 5.199446638967912815e-01
-3.686489826193239394e-01 5.834655509757861180e-01
-3.021241112954356489e-01 6.568958149975575589e-01
-2.299234709925594700e-01 7.369441642811416227e-01
-1.536445816386421415e-01 8.203193071455734398e-01
-7.488496316162952804e-02 9.037299519098892508e-01
4.757864510531490884e-03 9.838848068931248525e-01
8.368638144989436201e-02 1.057492580414315153e+00
1.603030677285129657e-01 1.121261980792496615e+00
2.330104034184407591e-01 1.171901716346705147e+00
3.002108685917309061e-01 1.206120495395975434e+00
3.603069433204374450e-01 1.220627026259343939e+00
4.117011076766137756e-01 1.212130017255846237e+00
4.528292444896000468e-01 1.177311378973666445e+00
4.848520002839797893e-01 1.110667050240846443e+00
5.136299708716632884e-01 1.002922383674914819e+00
5.454892039868708409e-01 8.444296240009656618e-01
5.845786296977788510e-01 6.310152838052398572e-01
6.274460126850541775e-01 3.776186760692407107e-01
6.689812265719503603e-01 1.033478088681902551e-01
7.040741449817191633e-01 -1.726893097226897544e-01
7.276146415376142373e-01 -4.313846716281770077e-01
7.344925898628882344e-01 -6.536302687730488614e-01
7.195978635807938062e-01 -8.203180930820852534e-01
6.778421676544579277e-01 -9.123992319620352065e-01
6.099026706194664582e-01 -9.264313663943195554e-01
5.299292437506355480e-01 -8.954415771512003186e-01
4.535276182020730462e-01 -8.565767546063771665e-01
3.877530874958557972e-01 -8.271258353921941975e-01
3.321593230571207589e-01 -8.069556227956660166e-01
2.860454891615495931e-01 -7.953418402762888473e-01
2.487107500848231567e-01 -7.915602112935574697e-01
2.194542701026223896e-01 -7.948864593069682183e-01
1.975752134906282320e-01 -8.045963077760158733e-01
1.823727445245219569e-01 -8.199654801601965470e-01
1.731460274799841714e-01 -8.402696999190055749e-01
1.691942266326959543e-01 -8.647846905119382921e-01
1.698165062583383289e-01 -8.927861753984907001e-01
1.743120306325923186e-01 -9.235498780381579120e-01
1.819799640311388356e-01 -9.563515218904355963e-01
1.921194707296589033e-01 -9.904668304148194213e-01
2.040297150038334895e-01 -1.025171527070804833e+00
2.170098611293435065e-01 -1.059741335317887057e+00
2.303590733818700331e-01 -1.093451978615562314e+00
2.433765160370937874e-01 -1.125579180423325054e+00
2.553613533706962091e-01 -1.155398664200671943e+00
2.656127496583579606e-01 -1.182186153407098095e+00
2.734298691757601207e-01 -1.205217371502099288e+00
2.781118761985836296e-01 -1.223768041945170415e+00
2.789579350025094828e-01 -1.237113888195807476e+00
2.752672098632186204e-01 -1.244530633713506029e+00
2.663388650563920934e-01 -1.245294001957761409e+00
2.516886490744965621e-01 -1.239164010878890831e+00
2.318456205905245482e-01 -1.228166496985945377e+00
2.076349366717702982e-01 -1.214989389452112212e+00
1.798817904632186160e-01 -1.202320698122324005e+00
1.494113751098544718e-01 -1.192848432841512762e+00
1.170488837566632107e-01 -1.189260603454611598e+00
8.361950954862899799e-02 -1.194245219806553404e+00
4.994844563073715799e-02 -1.210490291742270186e+00
1.686067862780938481e-02 -1.240681535572993432e+00
-1.496310791246471643e-02 -1.285902092996660917e+00
-4.523890938998060413e-02 -1.342829741503729801e+00
-7.375028783973457125e-02 -1.407391889456915735e+00
-1.002808052967228136e-01 -1.475515945218933256e+00
-1.246140237959416225e-01 -1.543129317152499125e+00
-1.465335053723871572e-01 -1.606159413620327880e+00
-1.658228120610557299e-01 -1.660533642985135616e+00
-1.822655058969435415e-01 -1.702179413609637093e+00
-1.956451489150468348e-01 -1.727024133856548183e+00
-2.057459695792227816e-01 -1.731000324234937215e+00
-2.129318978901442727e-01 -1.714487370133985999e+00
-2.192038179260311637e-01 -1.690424994853886753e+00
-2.261911586992747802e-01 -1.669610893111278749e+00
-2.340518765323649497e-01 -1.653133559564780475e+00
-2.427448092779838085e-01 -1.640767647935371887e+00
-2.522287947888134374e-01 -1.632287811944033828e+00
-2.624626709175362782e-01 -1.627468705311746699e+00
-2.734052755168343007e-01 -1.626084981759490677e+00
-2.850154464393896969e-01 -1.627911295008245940e+00
-2.972520215378848252e-01 -1.632722298778993997e+00
-3.100738386650016554e-01 -1.640292646792713915e+00
-3.234397356734223794e-01 -1.650396992770386539e+00
-3.373085504158294667e-01 -1.662809990432992935e+00
-3.516391207449048872e-01 -1.677306293501512391e+00
-3.663902845133308883e-01 -1.693660555696926640e+00
-3.815208795737896064e-01 -1.711647430740215192e+00
-3.969897437789632333e-01 -1.731041572352358671e+00
-4.127557149815339610e-01 -1.751617634254337474e+00
-4.287776310341840369e-01 -1.773150270167132225e+00
-4.450143297895955974e-01 -1.795414133811722879e+00
-4.614246491004507789e-01 -1.818183878909090279e+00
-4.779674268194318842e-01 -1.841234159180215046e+00
-4.946015007992209944e-01 -1.864339628346076694e+00
-5.112857088925004678e-01 -1.887274940127656730e+00
-5.279788889519521078e-01 -1.909814748245934446e+00
-5.446398788302585503e-01 -1.931733706421891350e+00
-5.612275163801018207e-01 -1.952806468376507620e+00
-5.777006394541639445e-01 -1.972807687830762546e+00
-5.940180859051272799e-01 -1.991512018505638082e+00
-6.101386935856740745e-01 -2.008694114122113739e+00
-6.260213003484860206e-01 -2.024128628401169916e+00
-6.416247440462459206e-01 -2.037590215063787902e+00
-6.569078625316358000e-01 -2.048853527830947208e+00
-6.718294936573376841e-01 -2.057693220423628677e+00
-6.863484752760339314e-01 -2.063883946562812266e+00
-7.004236452404067892e-01 -2.067200359969479262e+00
-7.140139652624075683e-01 -2.067418323406346126e+00
-7.270908603147384630e-01 -2.064435358697207956e+00
-7.396487099062718507e-01 -2.058373056420728542e+00
-7.516843642862580666e-01 -2.049377125077886497e+00
-7.631946737039472239e-01 -2.037593273169659103e+00
-7.741764884085901022e-01 -2.023167209197024086e+00
-7.846266586494363704e-01 -2.006244641660958283e+00
-7.945420346757365859e-01 -1.986971279062438978e+00
-8.039194667367410840e-01 -1.965492829902444116e+00
-8.127558050817002000e-01 -1.941955002681951425e+00
-8.210478999598640470e-01 -1.916503505901938409e+00
-8.287926016204831825e-01 -1.889284048063382571e+00
-8.359867603128078306e-01 -1.860442337667261414e+00
-8.426272262860881046e-01 -1.830124083214552222e+00
-8.487108497895743398e-01 -1.798474993206232497e+00
-8.542344810725170934e-01 -1.765640776143279966e+00
-8.591949703841665897e-01 -1.731767140526672355e+00
-8.635891679737728310e-01 -1.696999794857386723e+00
-8.674139240905865966e-01 -1.661484447636401018e+00
-8.706660889838574446e-01 -1.625366807364692079e+00
-8.733425129028363765e-01 -1.588792582543238963e+00
-8.754400460967736164e-01 -1.551907481673017175e+00
-8.769555388149191666e-01 -1.514857213255005552e+00
-8.778858413065236954e-01 -1.477787485790180932e+00
-8.782278038208370941e-01 -1.440844007779521263e+00
-8.779782766071096978e-01 -1.404172487724003826e+00
-8.771341099145920639e-01 -1.367918634124606347e+00
-8.756921539925345277e-01 -1.332228155482306109e+00
-8.736492590901870914e-01 -1.297246760298081059e+00
-8.710022754568004233e-01 -1.263120157072908478e+00
-8.677480533416241926e-01 -1.229994054307765428e+00
-8.638834429939094006e-01 -1.198014160503629855e+00
-8.594052946629059386e-01 -1.167326184161479707e+00
-8.543104585978643639e-01 -1.138075833782291824e+00
-8.485957850480346787e-01 -1.110408817867043929e+00
-8.422581242626673292e-01 -1.084470844916713528e+00
-8.352943264910125398e-01 -1.060407623432278346e+00
-8.277012419823207567e-01 -1.038364861914715442e+00
-8.194757209858423153e-01 -1.018488268865002988e+00
-8.106146137508273286e-01 -1.000923552784118042e+00
-8.011147705265261321e-01 -9.858164221730382204e-01
-7.909730415621892829e-01 -9.733125855327412479e-01
-7.801862771070666724e-01 -9.635577513642041847e-01
-7.687513274104087468e-01 -9.566976281684047567e-01
-7.566724543834468797e-01 -9.528464909656635395e-01
-7.440329743118981876e-01 -9.517833385376274213e-01
-7.309640229814651224e-01 -9.530843631521443982e-01
-7.175974016263982902e-01 -9.563229348539010743e-01
-7.040649114809499620e-01 -9.610724236875840543e-01
-6.904983537793712989e-01 -9.669061996978798312e-01
-6.770295297559133507e-01 -9.733976329294737884e-01
-6.637902406448282777e-01 -9.801200934270534182e-01
-6.509122876803674629e-01 -9.866469512353049920e-01
-6.385274720967819562e-01 -9.925515763989143370e-01
-6.267675951283236957e-01 -9.974073389625687236e-01
-6.157644580092440645e-01 -1.000787608970953757e+00
-6.056498619737943345e-01 -1.002265756468756486e+00
-5.965556082562259999e-01 -1.001415151500662848e+00
-5.886134980907908876e-01 -9.978091641113593369e-01
-5.819553327117402697e-01 -9.910211643455330011e-01
-5.767108540763291602e-01 -9.806328340152306033e-01
-5.729069910175348390e-01 -9.666408349338253547e-01
-5.704222166351002876e-01 -9.496410341310147496e-01
-5.691234282538155664e-01 -9.302760214176526432e-01
-5.688775231984705139e-01 -9.091883866045923357e-01
-5.695513987938545242e-01 -8.870207195026873492e-01
-5.710119523647576578e-01 -8.644156099227909840e-01
-5.731260812359696422e-01 -8.420156476757570951e-01
-5.757606827322799825e-01 -8.204634225724387608e-01
-5.787826541784787393e-01 -8.004015244236896143e-01
-5.820588928993556399e-01 -7.824725430403631776e-01
-5.854562962197000786e-01 -7.673190682333129731e-01
-5.888417614643023379e-01 -7.555836898133920787e-01
-5.920821859579519231e-01 -7.479089975914542388e-01
-5.950444670254383395e-01 -7.449375813783527533e-01
-5.975955019915517585e-01 -7.473120309849412557e-01
-5.996021881810815746e-01 -7.556749362220729349e-01
-6.009314229188179590e-01 -7.706688869006018683e-01
-6.014501035295501952e-01 -7.929364728313808008e-01
-6.010251273380684545e-01 -8.231202838252638099e-01
