4.622298280676352400e-01 -2.061880989172669043e+00
4.236611792942011623e-01 -1.946887530247393805e+00
3.888242070607209055e-01 -1.836602206653592972e+00
3.576090849863602927e-01 -1.730847713436433732e+00
3.299059866902852023e-01 -1.629446745641085936e+00
3.056050857916612351e-01 -1.532221998312716549e+00
2.845965559096543807e-01 -1.438996166496493867e+00
2.667705706634303509e-01 -1.349591945237587298e+00
2.520173036721551907e-01 -1.263832029581165139e+00
2.402269285549946121e-01 -1.181539114572395022e+00
2.312896189311143824e-01 -1.102535895256445020e+00
2.250955484196805190e-01 -1.026645066678484763e+00
2.215348906398586226e-01 -9.536893238836817721e-01
2.204978192108146551e-01 -8.834913619172045651e-01
2.218745077517144670e-01 -8.158738758242214395e-01
2.255551298817237704e-01 -7.506595606499009143e-01
2.314298592200085825e-01 -6.876711114394112867e-01
2.393888693857345873e-01 -6.267312232379208536e-01
2.493223339980675801e-01 -5.676625910905980232e-01
2.611204266761735227e-01 -5.102879100426112036e-01
2.746733210392182656e-01 -4.544298751391285807e-01
2.898711907063674653e-01 -3.999111814253188402e-01
3.066042092967871113e-01 -3.465545239463500571e-01
3.247625504296429155e-01 -2.941825977473905285e-01
3.442363877241007009e-01 -2.426180978736088567e-01
3.649158947993265123e-01 -1.916837193701733111e-01
3.866912452744859507e-01 -1.412021572822522164e-01
4.094526127687449502e-01 -9.099610665501386975e-02
4.330901709012693890e-01 -4.088826253362681795e-02
4.574940932912248681e-01 9.298680036740366098e-03
4.825578766101901174e-01 5.973580402799613664e-02
5.082383487605182104e-01 1.104756129292453481e-01
5.345491475702588424e-01 1.614642410413610896e-01
5.615059248288946092e-01 2.126440517846873157e-01
5.891243323259075515e-01 2.639574085795676206e-01
6.174200218507802651e-01 3.153466748463457647e-01
6.464086451929949018e-01 3.667542140053652866e-01
6.761058541420339463e-01 4.181223894769703353e-01
7.065273004873797724e-01 4.693935646815045049e-01
7.376886360185147540e-01 5.205101030393115558e-01
7.696055125249209317e-01 5.714143679707348600e-01
8.022935817960812344e-01 6.220487228961187887e-01
8.357684956214772587e-01 6.723555312358060476e-01
8.700459057905917115e-01 7.222771564101413411e-01
9.051414640929072997e-01 7.717559618394683740e-01
9.410708223179059528e-01 8.207343109441304074e-01
9.778496322550698228e-01 8.691545671444712573e-01
1.015493545693881838e+00 9.169590938608347397e-01
1.054018214423823929e+00 9.640902545135645596e-01
1.093439290234378580e+00 1.010490412523004533e+00
1.133772424915028054e+00 1.056101931309498143e+00
1.174919855226647103e+00 1.100721686606213723e+00
1.216221752163970882e+00 1.143425541690032299e+00
1.256844488890793254e+00 1.183066413683605766e+00
1.295954387445086953e+00 1.218497154125885107e+00
1.332717769864825375e+00 1.248570614555820413e+00
1.366300958187980807e+00 1.272139646512361999e+00
1.395870274452526205e+00 1.288057101534459958e+00
1.420592040696434966e+00 1.295175831161065272e+00
1.439632578957680042e+00 1.292348686931128476e+00
1.452158211274233723e+00 1.278428520383599221e+00
1.457361343597234793e+00 1.252308569778897818e+00
1.455087385011019085e+00 1.213893143131143715e+00
1.445865668894939837e+00 1.164145494626926736e+00
1.430257800923791400e+00 1.104078846883528531e+00
1.408825386772368349e+00 1.034706422518231861e+00
1.382130032115465701e+00 9.570414441483191537e-01
1.350733342627878031e+00 8.720971343910728368e-01
1.315196923984399691e+00 7.808867158637748940e-01
1.276082381859824810e+00 6.844234111837076417e-01
1.233951321928949074e+00 5.837204429681537299e-01
1.189365349866566612e+00 4.797910338343962522e-01
1.142886071347471555e+00 3.736484063997157490e-01
1.095075092046458698e+00 2.663057832813950920e-01
1.046494017638322838e+00 1.587763870967170143e-01
9.977044537978583261e-01 5.207344046296350643e-02
9.492680061998599594e-01 -5.278983400258264319e-02
9.017462805191222008e-01 -1.548002136826394648e-01
8.557008824304397354e-01 -2.529444759599246417e-01
8.116934176086069153e-01 -3.462093982171557394e-01
7.702854917284187586e-01 -4.335817578370505521e-01
7.320387104646692844e-01 -5.140483322023267077e-01
6.975146794921535109e-01 -5.865958986957015009e-01
6.672690018369280551e-01 -6.502236462803439032e-01
6.415787493608278158e-01 -7.045066783371692898e-01
6.203306225474409796e-01 -7.498272628803045459e-01
6.033821490965056711e-01 -7.866279880208146835e-01
5.905908567077586824e-01 -8.153514418697640487e-01
5.818142730809374719e-01 -8.364402125382179864e-01
5.769099259157788318e-01 -8.503368881372409538e-01
5.757353429120203314e-01 -8.574840567778985179e-01
5.781480517693989851e-01 -8.583243065712550246e-01
5.840055801876518071e-01 -8.533002256283755971e-01
5.931654558665161447e-01 -8.428544020603252473e-01
6.054852065057294563e-01 -8.274294239781689875e-01
6.208223598050282011e-01 -8.074678794929713854e-01
6.390344434641498372e-01 -7.834123567157977863e-01
6.599789851828319343e-01 -7.557054437577129802e-01
6.835135126608112843e-01 -7.247897287297815350e-01
7.094509695206621114e-01 -6.911350691230143672e-01
7.374011047308021150e-01 -6.553356042927019898e-01
7.669158114576513086e-01 -6.180208604844138476e-01
7.975469786889956003e-01 -5.798203664995364992e-01
8.288464954126204542e-01 -5.413636511394565032e-01
8.603662506163120005e-01 -5.032802432055606401e-01
8.916581332878562582e-01 -4.661996714992353574e-01
9.222740324150389135e-01 -4.307514648218671582e-01
9.517658369856459855e-01 -3.975651519748426566e-01
9.797489646631244442e-01 -3.671819913693987747e-01
1.006162605263629217e+00 -3.396933737949195953e-01
1.031048831399415500e+00 -3.150477387757591452e-01
1.054449758226937206e+00 -2.931934667229180724e-01
1.076407500902648362e+00 -2.740789380473970249e-01
1.096964174583003659e+00 -2.576525331601969282e-01
1.116161894424456014e+00 -2.438626324723184302e-01
1.134042775583460561e+00 -2.326576163947623177e-01
1.150648933216470660e+00 -2.239858653385295162e-01
1.166022482479941669e+00 -2.177957597146202851e-01
1.180205538530326059e+00 -2.140356799340357163e-01
1.193240216524078967e+00 -2.126540064077764025e-01
1.205168631617653974e+00 -2.135991195468431580e-01
1.216032898967505549e+00 -2.168193997622367142e-01
1.225875133730087274e+00 -2.222632274649578299e-01
1.234737451061853397e+00 -2.298789830660071809e-01
1.242661966119258832e+00 -2.396150469763856095e-01
1.249690794058756493e+00 -2.514197996070937635e-01
1.255866050036800852e+00 -2.652416213691323743e-01
1.261229849209846154e+00 -2.810288926735022286e-01
1.265824306734346205e+00 -2.987299939312040298e-01
1.269691537766755474e+00 -3.182933055532385924e-01
1.272873657463527985e+00 -3.396672079506066200e-01
1.275412780981117322e+00 -3.628000815343087604e-01
1.277351023475977954e+00 -3.876403067153458837e-01
1.278730500104564127e+00 -4.141362639047186933e-01
1.279593326023329425e+00 -4.422363335134278373e-01
1.279981616388728316e+00 -4.718888959524740745e-01
1.279937486357215271e+00 -5.030423316328583860e-01
1.279503051085243426e+00 -5.356450209655810868e-01
1.278720425729267252e+00 -5.696453443616430468e-01
1.277631725445741218e+00 -6.049916822320454690e-01
1.276279065391119127e+00 -6.416324149877885574e-01
1.274704560721854785e+00 -6.795159230398722938e-01
1.272950326594402881e+00 -7.185905867992994356e-01
1.271058478165216776e+00 -7.588047866770692984e-01
1.269071130590750940e+00 -8.001069030841829743e-01
1.267030399027459620e+00 -8.424453164316412224e-01
1.264978398631797063e+00 -8.857684071304450235e-01
1.262957244560216408e+00 -9.300245555915944706e-01
1.261009051969172567e+00 -9.751621422260907668e-01
1.259175936015119568e+00 -1.021129547444934671e+00
1.257500011854511213e+00 -1.067875151659126720e+00
1.256023394643801527e+00 -1.115347335279667451e+00
1.254788199539445204e+00 -1.163494478717558511e+00
1.253836541697895379e+00 -1.212264962383799549e+00
1.253210536275606968e+00 -1.261607166689391768e+00
1.252952298429033773e+00 -1.311469472045336371e+00
1.253103943314629598e+00 -1.361800258862633006e+00
1.253707586088848913e+00 -1.412547907552283322e+00
1.255623934771841421e+00 -1.458918985378710786e+00
1.264552978941445138e+00 -1.468249583872250019e+00
1.281838923305489208e+00 -1.433849248131179754e+00
1.306719014493723519e+00 -1.361445004784591628e+00
1.338430322521313443e+00 -1.256764921195784090e+00
1.376209917403422800e+00 -1.125537064728054926e+00
1.419294869155216299e+00 -9.734895027447028060e-01
1.466922247791857314e+00 -8.063503026090255155e-01
1.518329123328510555e+00 -6.298475316843215044e-01
1.572752565780339395e+00 -4.497092573338927757e-01
1.629429645162510543e+00 -2.716635469210294529e-01
1.687597430225417972e+00 -1.014384132950540418e-01
1.746471293037899608e+00 5.617329991939404993e-02
1.805189693395431894e+00 1.996938178492979332e-01
1.862874056382931576e+00 3.283795948180344704e-01
1.918645807085317845e+00 4.414870851489807180e-01
1.971626370587507893e+00 5.382727431655137673e-01
2.020937171974420021e+00 6.179930231910104599e-01
2.065699636330971423e+00 6.799043795488477482e-01
2.105035188742080621e+00 7.232632665624026957e-01
2.138065254292666584e+00 7.473261385550524771e-01
2.163945736470745285e+00 7.514173342790098076e-01
2.182557150282633529e+00 7.362878780236775667e-01
2.194468548001821340e+00 7.040444531262236572e-01
2.200276239556145708e+00 6.568474104411663461e-01
2.200576534873440959e+00 5.968571008230241226e-01
2.195965743881543197e+00 5.262338751263159198e-01
2.187040176508288081e+00 4.471380842055601157e-01
2.174396142681511268e+00 3.617300789152754215e-01
2.158629952329048418e+00 2.721702101099803262e-01
2.140337915378734301e+00 1.806188286441934854e-01
2.120116341758404577e+00 8.923628537243344372e-02
2.098561541395896679e+00 1.829311492188073957e-04
2.076269824219044491e+00 -8.438088317093159207e-02
2.053837500155684559e+00 -1.622948067334978595e-01
2.031860879133651654e+00 -2.313984886839648702e-01
2.010936271080780990e+00 -2.895315781678117761e-01
1.991659985924908893e+00 -3.345337243305204766e-01
1.974628333593871465e+00 -3.642445763175722329e-01
1.960437624015503255e+00 -3.765037832744482782e-01
1.949684167117641032e+00 -3.691509943466303456e-01
1.942964272828119121e+00 -3.400258586795995019e-01
1.940874251074773627e+00 -2.869680254188372581e-01
