2.341939635510807971e-01 -7.324999771484772548e-01
2.567958709758899616e-01 -7.258934114957623640e-01
2.773342080916199048e-01 -7.195277440357120691e-01
2.958584603391567480e-01 -7.133980791253509146e-01
3.124181131593866123e-01 -7.074995211217044444e-01
3.270626519931957299e-01 -7.018271743817978692e-01
3.398415622814698334e-01 -6.963761432626556225e-01
3.508043294650954880e-01 -6.911415321213033591e-01
3.600004389849583153e-01 -6.861184453147658457e-01
3.674793762819448251e-01 -6.813019872000686261e-01
3.732906267969408054e-01 -6.766872621342360228e-01
3.774836759708325440e-01 -6.722693744742936905e-01
3.801080092445059955e-01 -6.680434285772665071e-01
3.812131120588473365e-01 -6.640045288001796830e-01
3.808484698547425218e-01 -6.601477795000580961e-01
3.790635680730779500e-01 -6.564682850339268461e-01
3.759078921547393537e-01 -6.529611497588111435e-01
3.714309275406132982e-01 -6.496214780317361992e-01
3.656821596715854050e-01 -6.464443742097268908e-01
3.587110739885420174e-01 -6.434249426498082070e-01
3.505671559323690345e-01 -6.405582877090053584e-01
3.412998909439528550e-01 -6.378395137443433338e-01
3.309587644641793225e-01 -6.352637251128472329e-01
3.195932619339345582e-01 -6.328260261715423773e-01
3.072528687941046832e-01 -6.305215212774535338e-01
2.939870704855759853e-01 -6.283453147876060241e-01
2.798453524492341971e-01 -6.262925110590243927e-01
2.648772001259658282e-01 -6.243582144487346275e-01
2.491320989566565003e-01 -6.225375293137610511e-01
2.326595343821926953e-01 -6.208255600111289851e-01
2.155089918434603680e-01 -6.192174108978636404e-01
1.977299567813456116e-01 -6.177081863309900056e-01
1.793719146367344919e-01 -6.162929906675330693e-01
1.604843508505132410e-01 -6.149669282645179313e-01
1.411167508635677581e-01 -6.137251034789696913e-01
1.213186001167842337e-01 -6.125626206679134489e-01
1.011393840510489278e-01 -6.114745841883745259e-01
8.062858810724758685e-02 -6.104560983973774668e-01
5.983569772626661648e-02 -6.095022676519478155e-01
3.881019834899191584e-02 -6.086081963091103386e-01
1.760157541630956446e-02 -6.077689887258902468e-01
-3.740685630894201568e-03 -6.069797492593127508e-01
-2.516709935173317564e-02 -6.062355822664028393e-01
-4.662818030532154406e-02 -6.055315921041853899e-01
-6.807444305077320346e-02 -6.048628831296856134e-01
-8.945640214720187999e-02 -6.042245596999287205e-01
-1.107245721537216399e-01 -6.036117261719396998e-01
-1.318294676294462231e-01 -6.030194869027436511e-01
-1.527216031334894808e-01 -6.024429462493654519e-01
-1.733514932249655971e-01 -6.018772085688307572e-01
-1.936696524629883953e-01 -6.013173782181637783e-01
-2.136265954066716155e-01 -6.007585595543903922e-01
-2.331728366151293030e-01 -6.001958569345350325e-01
-2.522588906474753090e-01 -5.996243747156233539e-01
-2.708352720628235955e-01 -5.990392172546800120e-01
-2.888541679968120168e-01 -5.984343598390128305e-01
-3.063023986399144305e-01 -5.977803987757311921e-01
-3.231994112550090614e-01 -5.970259055265091375e-01
-3.395659240372210785e-01 -5.961185936125377172e-01
-3.554226551816757618e-01 -5.950061765550072046e-01
-3.707903228834978915e-01 -5.936363678751080952e-01
-3.856896453378125811e-01 -5.919568810940313286e-01
-4.001413407397448885e-01 -5.899154297329674002e-01
-4.141661272844198716e-01 -5.874597273131065833e-01
-4.277847231669624772e-01 -5.845374873556398176e-01
-4.410178465824978189e-01 -5.810964233817573765e-01
-4.538862157261508989e-01 -5.770842489126503105e-01
-4.664105487930467198e-01 -5.724486774695086710e-01
-4.786115639783103393e-01 -5.671374225735233976e-01
-4.905099794770668153e-01 -5.610981977458849856e-01
-5.021265134844410394e-01 -5.542787165077839306e-01
-5.134818841955582913e-01 -5.466266923804109501e-01
-5.245968098055434625e-01 -5.380898388849566505e-01
-5.354920085095214999e-01 -5.286158695426114162e-01
-5.461881985026177944e-01 -5.181524978745659649e-01
-5.567060979799569598e-01 -5.066474374020106808e-01
-5.670664251366642761e-01 -4.940484016461366146e-01
-5.772898981678646901e-01 -4.803031041281339286e-01
-5.873972352686834819e-01 -4.653592583691935625e-01
-5.974091546342452652e-01 -4.491645778905056785e-01
-6.073463744596753200e-01 -4.316667762132611608e-01
-6.172296129400984821e-01 -4.128135668586504492e-01
-6.270795882706400315e-01 -3.925526633478642058e-01
-6.369170186464249150e-01 -3.708317792020930370e-01
-6.467626222625781907e-01 -3.475986279425277159e-01
-6.566371173142246942e-01 -3.228009230903582383e-01
-6.665612219964899277e-01 -2.963863781667757102e-01
-6.765556545044983938e-01 -2.683027066929704607e-01
-6.866411330333755947e-01 -2.384976221901333460e-01
-6.968383757782461441e-01 -2.069188381794546394e-01
-7.071681009342352109e-01 -1.735140681821251141e-01
-7.176510266964680751e-01 -1.382310257193352654e-01
-7.283078712600695725e-01 -1.010174243122757137e-01
-7.391593528201647612e-01 -6.182097748213701699e-02
-7.502261895718785878e-01 -2.058939875010994125e-02
-7.615290997103361104e-01 2.272959836261516028e-02
-7.730888014306623868e-01 6.818830033484703235e-02
-7.849260129279826970e-01 1.158389936453963764e-01
-7.970614523974217658e-01 1.657339647730717014e-01
-8.095158380341046511e-01 2.179255001966826921e-01
-8.223098880331565219e-01 2.724658863950386589e-01
-8.354643205897024361e-01 3.294074098469492173e-01
-8.489998538988673404e-01 3.888023570312234001e-01
-8.629372061557761819e-01 4.507030144266709337e-01
-8.772970955555541295e-01 5.151616685121012118e-01
-8.921002402933261299e-01 5.822306057663234613e-01
-9.073673585642173522e-01 6.519621126681472978e-01
-9.231191685633526323e-01 7.244084756963817817e-01
-9.393763884858571389e-01 7.996219813298368617e-01
-9.561597098109033688e-01 8.776548669762794797e-01
-9.732249753384756286e-01 9.580729041150720660e-01
-9.894126140059246177e-01 1.038760460127484908e+00
-1.003365417964392714e+00 1.117238889209355657e+00
-1.013726179365022517e+00 1.191029545556522296e+00
-1.019137690358956849e+00 1.257653783364822475e+00
-1.018242743097338199e+00 1.314632956830093846e+00
-1.009684129731309499e+00 1.359488420148173393e+00
-9.921046424120129048e-01 1.389741527514900321e+00
-9.641470732905909058e-01 1.402913633126111836e+00
-9.245983825555905700e-01 1.396745138855530088e+00
-8.759570130280501798e-01 1.374615641413655442e+00
-8.246124654460889047e-01 1.345820663809418782e+00
-7.745375957031628289e-01 1.316169851063648588e+00
-7.260041387951251535e-01 1.286113320382983982e+00
-6.790022014869104838e-01 1.255693368106108654e+00
-6.335218905434537584e-01 1.224952290571706293e+00
-5.895533127296899156e-01 1.193932384118461032e+00
-5.470865748105538939e-01 1.162675945085057005e+00
-5.061117835509808538e-01 1.131225269810177902e+00
-4.666190457159055116e-01 1.099622654632508301e+00
-4.285984680702626393e-01 1.067910395890731667e+00
-3.920401573789876193e-01 1.036130789923531914e+00
-3.569342204070150570e-01 1.004326133069593396e+00
-3.232707639192801130e-01 9.725387216676000257e-01
-2.910398946807175591e-01 9.408108520562356025e-01
-2.602317194562624447e-01 9.091848205741841493e-01
-2.308363450108496806e-01 8.777029235601297996e-01
-2.028438781094142329e-01 8.464074573527565759e-01
-1.762444255168909846e-01 8.153407182907483897e-01
-1.510280939982149295e-01 7.845450027127891524e-01
-1.271849903183209785e-01 7.540626069575627755e-01
-1.047052212421446388e-01 7.239358273637541696e-01
-8.357889353461972481e-02 6.942069602700458031e-01
-6.379611396068179952e-02 6.649183020151225865e-01
-4.534698928526569722e-02 6.361121489376680982e-01
-2.822162627330658188e-02 6.078307973763666938e-01
-1.241013168973911611e-02 5.801165436699021738e-01
2.097387700501543092e-03 5.530116841569585606e-01
1.531082513248058913e-02 5.265585151762198768e-01
2.724007384126300724e-02 5.007993330663701448e-01
3.789502706191381909e-02 4.757764341660933316e-01
4.728557802949819727e-02 4.515321148140732932e-01
5.542161997908109233e-02 4.281086713489941631e-01
6.231304614572761441e-02 4.055484001095400193e-01
6.796974976450280426e-02 3.838935974343945512e-01
7.240162407047172344e-02 3.631865596622420034e-01
7.561856229869941270e-02 3.434695831317663428e-01
7.763045768425094750e-02 3.247849641816514255e-01
7.844720346219136164e-02 3.071749991505812738e-01
7.807869286758579996e-02 2.906819843772400769e-01
7.653481913549917137e-02 2.753482162003115241e-01
7.382547550099670397e-02 2.612159909584798045e-01
6.996055519914327891e-02 2.483276049904289406e-01
6.494995146500405492e-02 2.367253546348427051e-01
5.880355753364406579e-02 2.264515362304052870e-01
5.153126664012833841e-02 2.175484461158005978e-01
4.314297201952202454e-02 2.100583806297126044e-01
3.364856690689030372e-02 2.040236361108254959e-01
2.305794453729785240e-02 1.994865088978229895e-01
1.138099814580995940e-02 1.964892953293890521e-01
-1.372379032508383315e-03 1.950742917442078728e-01
-1.519229376259208751e-02 1.952837944809633630e-01
-3.006885280937611135e-02 1.971600998783395453e-01
-4.599216293779538611e-02 2.007455042750203311e-01
-6.295232878113320163e-02 2.060822990144611788e-01
-8.090289954360936620e-02 2.131271128863094499e-01
-9.966784140948845017e-02 2.215329149310614198e-01
-1.190424206198896634e-01 2.308854198719489381e-01
-1.388219034159325627e-01 2.407703424322043262e-01
-1.588015560387363578e-01 2.507733973350595447e-01
-1.787766447294204253e-01 2.604802993037467207e-01
-1.985424357291041275e-01 2.694767630614978704e-01
-2.178941952789068826e-01 2.773485033315452597e-01
-2.366271896199479141e-01 2.836812348371206549e-01
-2.545366849933466402e-01 2.880606723014564330e-01
-2.714179476402223679e-01 2.900725304477844713e-01
-2.870662438016945983e-01 2.893025239993370912e-01
-3.012768397188825276e-01 2.853363676793461701e-01
-3.138450016329055736e-01 2.777597762110438628e-01
-3.245659957848830990e-01 2.661584643176623244e-01
-3.332350884159343551e-01 2.501181467224334876e-01
-3.396475457671788711e-01 2.292245381485895350e-01
-3.435986340797357874e-01 2.030633533193632045e-01
-3.448836195947246885e-01 1.712203069579854298e-01
-3.432977685532648260e-01 1.332811137876886987e-01
-3.386363471964755623e-01 8.883148853170530490e-02
-3.306946217654762044e-01 3.745714591326707033e-02
-3.192678585013861148e-01 -2.125619934439368364e-02
-3.041513236453247115e-01 -8.772283251804498250e-02
-2.851402834384112461e-01 -1.623570388844547130e-01
-2.620300041217651366e-01 -2.455731037203907619e-01
