1.647200089512459664e+00 6.558265072081567171e-01
1.535501950309152930e+00 4.754754142754037960e-01
1.424712738504116061e+00 3.092699807773988119e-01
1.314927915304888062e+00 1.567021562024988879e-01
1.206242941919008382e+00 1.726389003906204922e-02
1.098753279554014695e+00 -1.095528682245553304e-01
9.925543894174468917e-01 -2.242561690999953505e-01
8.877417327168436456e-01 -3.273540630989006384e-01
7.844107706597442942e-01 -4.193546007329135850e-01
6.826569644536872872e-01 -5.007658325136774558e-01
5.825757753062118516e-01 -5.720958089528347390e-01
4.842626644248568257e-01 -6.338525805620276454e-01
3.878130930171612145e-01 -6.865441978528989964e-01
2.933225222906638563e-01 -7.306787113370918352e-01
2.008864134529037837e-01 -7.667641715262480950e-01
1.106002277114203208e-01 -7.953086289320108193e-01
2.255942627375177173e-02 -8.168201340660228293e-01
-6.314052965256244931e-02 -8.318067374399265024e-01
-1.464041788599832472e-01 -8.407764895653644377e-01
-2.271360601409723456e-01 -8.442374409539793456e-01
-3.052407122879902679e-01 -8.426976421174141585e-01
-3.806226740934978148e-01 -8.366651435673110315e-01
-4.531864843499568418e-01 -8.266479958153127860e-01
-5.228366818498277890e-01 -8.131542493730621324e-01
-5.894778053855717070e-01 -7.966919547522015588e-01
-6.530143937496498685e-01 -7.777691624643738866e-01
-7.133509857345231575e-01 -7.568939230212216041e-01
-7.703921201326526802e-01 -7.345742869343873105e-01
-8.240423357364995427e-01 -7.113183047155140493e-01
-8.742061713385242960e-01 -6.876340268762439756e-01
-9.207881657311890455e-01 -6.640295039282201328e-01
-9.636928577069540092e-01 -6.410127863830845651e-01
-1.002824786058280404e+00 -6.190919247524804270e-01
-1.038088489577629225e+00 -5.987749695480504286e-01
-1.069388507057461135e+00 -5.805699712814366142e-01
-1.096655599273593573e+00 -5.649314927332231839e-01
-1.120024937449285662e+00 -5.518971392444875779e-01
-1.139727634641233944e+00 -5.413088135309729321e-01
-1.155995357259712808e+00 -5.330072895750600503e-01
-1.169059771714997309e+00 -5.268333413591305137e-01
-1.179152544417362058e+00 -5.226277428655653479e-01
-1.186505341777082556e+00 -5.202312680767456898e-01
-1.191349830204433635e+00 -5.194846909750527875e-01
-1.193917676109689241e+00 -5.202287855428676666e-01
-1.194440545903125095e+00 -5.223043257625715752e-01
-1.193150105995016474e+00 -5.255520856165457610e-01
-1.190278022795637325e+00 -5.298128390871713611e-01
-1.186055962715262924e+00 -5.349273601568294012e-01
-1.180715592164168104e+00 -5.407364228079012403e-01
-1.174488577552628144e+00 -5.470808010227680152e-01
-1.167606585290917431e+00 -5.538012687838106407e-01
-1.160301281789311023e+00 -5.607386000734106979e-01
-1.152804333458083752e+00 -5.677335688739491015e-01
-1.145347406707510896e+00 -5.746269491678070995e-01
-1.138162167947866843e+00 -5.812595149373658288e-01
-1.131480283589426650e+00 -5.874720401650064261e-01
-1.125533420042465593e+00 -5.931052988331100284e-01
-1.120553243717257841e+00 -5.980000649240581057e-01
-1.116767708707982809e+00 -6.019997157734441329e-01
-1.114274470826888352e+00 -6.050390036003954197e-01
-1.113009614392315383e+00 -6.071659866187082422e-01
-1.112899165888902919e+00 -6.084357763461015756e-01
-1.113869151801291313e+00 -6.089034843002951725e-01
-1.115845598614118472e+00 -6.086242219990076752e-01
-1.118754532812024305e+00 -6.076531009599586142e-01
-1.122521980879648273e+00 -6.060452327008670759e-01
-1.127073969301629841e+00 -6.038557287394524797e-01
-1.132336524562607361e+00 -6.011397005934336901e-01
-1.138235673147220961e+00 -5.979522597805301265e-01
-1.144697441540109439e+00 -5.943485178184610973e-01
-1.151647856225913147e+00 -5.903835862249456889e-01
-1.159012943689269548e+00 -5.861125765177030988e-01
-1.166718730414819660e+00 -5.815906002144525244e-01
-1.174691242887202058e+00 -5.768727688329134962e-01
-1.182856507591056205e+00 -5.720141938908048784e-01
-1.191140551011020676e+00 -5.670699869058459797e-01
-1.199469399631735600e+00 -5.620952593957561083e-01
-1.207769079937839996e+00 -5.571451228782542398e-01
-1.215965618413973770e+00 -5.522746888710600155e-01
-1.223985041544775054e+00 -5.475390688918921889e-01
-1.231753375814883755e+00 -5.429933744584704014e-01
-1.239196647708939336e+00 -5.386927170885135174e-01
-1.246240883711580816e+00 -5.346922082997408454e-01
-1.252858803351868389e+00 -5.310357612311893405e-01
-1.259499349653151024e+00 -5.276530764856898204e-01
-1.266889786903466986e+00 -5.244071049615713909e-01
-1.275760876217669759e+00 -5.211599589142488220e-01
-1.286843378710613273e+00 -5.177737505991373279e-01
-1.300868055497151676e+00 -5.141105922716516785e-01
-1.318565667692136900e+00 -5.100325961872065328e-01
-1.340666976410423761e+00 -5.054018746012172159e-01
-1.367902742766865520e+00 -5.000805397690982756e-01
-1.401003727876315441e+00 -4.939307039462648152e-01
-1.440700692853627451e+00 -4.868144793881315491e-01
-1.487724398813654814e+00 -4.785939783501133582e-01
-1.542805606871251456e+00 -4.691313130876253457e-01
-1.606675078141269308e+00 -4.582885958560821704e-01
-1.680063573738564520e+00 -4.459279389108989355e-01
-1.763660904948654240e+00 -4.319230771037967931e-01
-1.856090955192274405e+00 -4.167341078174434110e-01
-1.952982070173201024e+00 -4.016713377313577693e-01
-2.049727640532286621e+00 -3.881117597088811211e-01
-2.141721056910383059e+00 -3.774323666133542199e-01
-2.224355709948343751e+00 -3.710101513081182079e-01
-2.293024990287020337e+00 -3.702221066565140606e-01
-2.343122288567266231e+00 -3.764452255218829202e-01
-2.370040995429933961e+00 -3.910565007675658178e-01
-2.369174501515874720e+00 -4.154329252569036734e-01
-2.335916197465943256e+00 -4.509514918532375738e-01
-2.265659473920990319e+00 -4.989891934199086054e-01
-2.156040520084212542e+00 -5.601413771917813644e-01
-2.038741161300789084e+00 -6.231732297807471843e-01
-1.930912086998355814e+00 -6.821099551688326601e-01
-1.832346022488406501e+00 -7.370938656083999563e-01
-1.742817760755882350e+00 -7.882735874577982971e-01
-1.662102094785725015e+00 -8.357977470753773508e-01
-1.589973817562877034e+00 -8.798149708194857865e-01
-1.526207722072276507e+00 -9.204738850484750490e-01
-1.470578601298866417e+00 -9.579231161206935852e-01
-1.422861248227587971e+00 -9.923112903944905083e-01
-1.382830455843382600e+00 -1.023787034228216042e+00
-1.350261017131191510e+00 -1.052498973980219299e+00
-1.324927725075956131e+00 -1.078595736008849393e+00
-1.306605372662617004e+00 -1.102225946672456214e+00
-1.295068752876116447e+00 -1.123538232329389430e+00
-1.290092658701395445e+00 -1.142681219337998488e+00
-1.291451883123394762e+00 -1.159803534056632168e+00
-1.298921219127056270e+00 -1.175053802843641026e+00
-1.312275459697320956e+00 -1.188580652057373621e+00
-1.331289397819130249e+00 -1.200532708056180287e+00
-1.355737826477425356e+00 -1.211058597198410025e+00
-1.385395538657147263e+00 -1.220306945842412061e+00
-1.420037327343237843e+00 -1.228426380346536506e+00
-1.459437985520638081e+00 -1.235565527069132585e+00
-1.503372306174289186e+00 -1.241873012368549523e+00
-1.551615082289132364e+00 -1.247497462603137430e+00
-1.603941106850109044e+00 -1.252587504131244867e+00
-1.660125172842160435e+00 -1.257291763311222388e+00
-1.719942073250227965e+00 -1.261758866501418552e+00
-1.783166601059252843e+00 -1.266137440060183694e+00
-1.849573549254176497e+00 -1.270576110345866816e+00
-1.918937710819937914e+00 -1.275223503716817142e+00
-1.991025327469233774e+00 -1.280228683037638815e+00
-2.062729768128690466e+00 -1.285887359168846000e+00
-2.123913625126578442e+00 -1.292854134357598328e+00
-2.163383835661460974e+00 -1.301837497577227332e+00
-2.169947336931901560e+00 -1.313545937801062991e+00
-2.133688380539878082e+00 -1.328585877156368333e+00
-2.063280405615628421e+00 -1.346078324518280356e+00
-1.981270972295118726e+00 -1.364037136126067251e+00
-1.901646987047292736e+00 -1.381237087420885024e+00
-1.825372738529216887e+00 -1.397605929609361697e+00
-1.752379101982048493e+00 -1.413162908606906631e+00
-1.682596952646944199e+00 -1.427927270328927412e+00
-1.615957165765060877e+00 -1.441918260690832509e+00
-1.552390616577555615e+00 -1.455155125608030620e+00
-1.491828180325585729e+00 -1.467657110995930214e+00
-1.434200732250308308e+00 -1.479443462769940210e+00
-1.379439147592879777e+00 -1.490533426845468190e+00
-1.327474301594457673e+00 -1.500946249137923738e+00
-1.278237069496198863e+00 -1.510701175562714438e+00
-1.231658326539259996e+00 -1.519817452035248984e+00
-1.187668947964798605e+00 -1.528314324470936736e+00
-1.146199809013971338e+00 -1.536211038785184391e+00
-1.107181784927935508e+00 -1.543526840893401975e+00
-1.070545750947847763e+00 -1.550280976710997072e+00
-1.036222582314865415e+00 -1.556492692153379043e+00
-1.004143154270146443e+00 -1.562181233135955916e+00
-9.742383420548457185e-01 -1.567365845574135941e+00
-9.464390209101213314e-01 -1.572065775383327590e+00
-9.206760660771304838e-01 -1.576300268478940669e+00
-8.968803527970298228e-01 -1.580088570776381651e+00
-8.749827563109767725e-01 -1.583449928191060341e+00
-8.549141518601280909e-01 -1.586403586638384988e+00
-8.366054146856406470e-01 -1.588968792033763622e+00
-8.199874200286715320e-01 -1.591164790292604936e+00
-8.049910431303780589e-01 -1.593010827330317847e+00
-7.915471592319168748e-01 -1.594526149062310161e+00
-7.795866435744451817e-01 -1.595730001403991238e+00
-7.690403713991202928e-01 -1.596641630270769108e+00
-7.598392179470986330e-01 -1.597280281578052019e+00
-7.519140584595374044e-01 -1.597665201241248667e+00
-7.451957681775936981e-01 -1.597815635175767524e+00
-7.396152223424246053e-01 -1.597750829297017283e+00
-7.351032961951869948e-01 -1.597490029520405974e+00
-7.315908649770379579e-01 -1.597052481761342513e+00
-7.290088039291344746e-01 -1.596457431935235372e+00
-7.272879882926335249e-01 -1.595724125957492578e+00
-7.263592933086921999e-01 -1.594871809743523272e+00
-7.261535942184674797e-01 -1.593919729208735481e+00
-7.266017662631164553e-01 -1.592887130268537899e+00
-7.276346846837958848e-01 -1.591793258838338998e+00
-7.291832247216629703e-01 -1.590657360833546807e+00
-7.311782616178746919e-01 -1.589498682169570465e+00
-7.335506706135880295e-01 -1.588336468761818221e+00
-7.362313269499600743e-01 -1.587189966525698770e+00
-7.391511058681478064e-01 -1.586078421376619918e+00
-7.422408826093082057e-01 -1.585021079229991026e+00
-7.454315324145984745e-01 -1.584037186001220121e+00
-7.486539305251752596e-01 -1.583145987605715455e+00
-7.518389521821959853e-01 -1.582366729958886387e+00
