3.509088304560928351e-01 5.216598484648490297e-01
2.605891452209368464e-01 4.962102751330643713e-01
1.783163666506557277e-01 4.723585616532529063e-01
1.038568164230093821e-01 4.500552141111484050e-01
3.697681621575764355e-02 4.292507385924846930e-01
-2.255731229333948762e-02 4.098956411829955959e-01
-7.497924742652226082e-02 3.919404279684150505e-01
-1.205226675060307034e-01 3.753356050344766603e-01
-1.594212508541050233e-01 3.600316784669144177e-01
-1.919086757929850118e-01 3.459791543514623147e-01
-2.182186206449110710e-01 3.331285387738540105e-01
-2.385847637321232562e-01 3.214303378198232197e-01
-2.532407833768614558e-01 3.108350575751039901e-01
-2.624203579013660304e-01 3.012932041254299254e-01
-2.663571656278770905e-01 2.927552835565351841e-01
-2.652848848786343861e-01 2.851718019541533145e-01
-2.594371939758783885e-01 2.784932654040183087e-01
-2.490477712418492084e-01 2.726701799918640479e-01
-2.343502949987865402e-01 2.676530518034243022e-01
-2.155784435689310219e-01 2.633923869244328420e-01
-1.929658952745224032e-01 2.598386914406235482e-01
-1.667463284378009614e-01 2.569424714377303021e-01
-1.371534213810067793e-01 2.546542330014868738e-01
-1.044208524263795790e-01 2.529244822176269780e-01
-6.878229989616005402e-02 2.517037251718846624e-01
-3.047144211258776339e-02 2.509424679499937527e-01
1.027804260209667919e-02 2.505912166376879635e-01
5.323247592565361064e-02 2.506004773207012870e-01
9.815817953584264621e-02 2.509207560847673268e-01
1.448214751104233144e-01 2.515025590156201307e-01
1.929886843271563512e-01 2.522963921989934688e-01
2.424261288638014100e-01 2.532527617206211668e-01
2.929001303981180748e-01 2.543221736662370502e-01
3.441770106078666513e-01 2.554551341215750004e-01
3.960230911708066959e-01 2.566021491723687875e-01
4.482046937646980145e-01 2.577137249043522371e-01
5.004881400673006908e-01 2.587403674032592860e-01
5.526397517563749195e-01 2.596325827548236487e-01
6.044258505096801182e-01 2.603408770447792620e-01
6.556127580049764259e-01 2.608157563588598404e-01
7.059667959200238707e-01 2.610077267827994874e-01
7.552542859325819258e-01 2.608672944023316953e-01
8.032415497204107302e-01 2.603449653031904565e-01
8.496949089612702011e-01 2.593912455711096521e-01
8.943806853329205886e-01 2.579566412918231078e-01
9.370652005131210327e-01 2.559916585510645382e-01
9.775147761796321166e-01 2.534468034345678800e-01
1.015495734010213091e+00 2.502725820280669589e-01
1.050774395682624096e+00 2.464195004172956005e-01
1.083117082874625714e+00 2.418380646879876861e-01
1.112290117263977196e+00 2.364787809258770135e-01
1.138059820528438237e+00 2.302921552166973529e-01
1.160192514345768977e+00 2.232286936461825577e-01
1.178454520393729776e+00 2.152389023000665647e-01
1.192612160350079886e+00 2.062732872640831994e-01
1.202431755892579002e+00 1.962823546239661487e-01
1.207679628698987928e+00 1.852166104654494050e-01
1.208224586793681388e+00 1.730116220652266890e-01
1.205016813467090664e+00 1.594453312295389669e-01
1.199655229328593586e+00 1.442011172863558455e-01
1.193747567459132686e+00 1.269610750234696772e-01
1.188871788527955831e+00 1.074154600749541028e-01
1.185813926961393205e+00 8.547160112899235274e-02
1.184503543543303783e+00 6.127159286491596496e-02
1.184827492314910691e+00 3.496923620760433726e-02
1.186672627317435502e+00 6.718332081936935138e-03
1.189925802592100235e+00 -2.332731858720688348e-02
1.194473872180127572e+00 -5.501391487494767391e-02
1.200203690122738864e+00 -8.818765585640596372e-02
1.207002110461156796e+00 -1.226947406067024349e-01
1.214755987236603163e+00 -1.583813682009575230e-01
1.223352174490300204e+00 -1.950937377142915319e-01
1.232677526263470158e+00 -2.326780482218258062e-01
1.242618896597335043e+00 -2.709804987986804692e-01
1.253063139533117099e+00 -3.098472885199761162e-01
1.263897109112038564e+00 -3.491246164608334812e-01
1.275007659375321234e+00 -3.886586816963728541e-01
1.286281644364187571e+00 -4.282956833017150799e-01
1.297605918119859147e+00 -4.678818203519805596e-01
1.308867334683559092e+00 -5.072632919222901382e-01
1.319952748096508310e+00 -5.462862970877638835e-01
1.330749012399929487e+00 -5.847970349235228626e-01
1.341142981635045528e+00 -6.226417045046875876e-01
1.351021509843077562e+00 -6.596665049063784592e-01
1.360271451065247605e+00 -6.957176352037156564e-01
1.368779659342778121e+00 -7.306412944718203573e-01
1.376432988716891792e+00 -7.642836817858135179e-01
1.383118293228809970e+00 -7.964909962208149841e-01
1.388722426919754893e+00 -8.271094368519454898e-01
1.393132243830949246e+00 -8.559852027543258801e-01
1.396234598003614602e+00 -8.829644930030764449e-01
1.397916343478972978e+00 -9.078935066733176962e-01
1.398069242126072753e+00 -9.306244264843559488e-01
1.396687913674894643e+00 -9.511348398891926736e-01
1.393864557946607130e+00 -9.695213043956051324e-01
1.389695226118061955e+00 -9.858850731003073742e-01
1.384275969366111969e+00 -1.000327399100014780e+00
1.377702838867610247e+00 -1.012949535491442177e+00
1.370071885799408085e+00 -1.023852735371303391e+00
1.361479161338359223e+00 -1.033138251836314137e+00
1.352020716661314514e+00 -1.040907337983188352e+00
1.341792602945127921e+00 -1.047261246908641308e+00
1.330890871366651851e+00 -1.052301231709387830e+00
1.319411573102737600e+00 -1.056128545482142078e+00
1.307450759330238688e+00 -1.058844441323619101e+00
1.295104481226006632e+00 -1.060550172330533503e+00
1.282468789966894951e+00 -1.061346991599600331e+00
1.269639736729755608e+00 -1.061336152227533969e+00
1.256713372691441455e+00 -1.060618907311049686e+00
1.243785749028804455e+00 -1.059296509946861420e+00
1.230952916918696571e+00 -1.057470213231683998e+00
1.218310927537971322e+00 -1.055241270262232911e+00
1.205955832063481115e+00 -1.052710934135222320e+00
1.193983681672077690e+00 -1.049980457947367052e+00
1.182490527540614345e+00 -1.047151094795381709e+00
1.171572339715940991e+00 -1.044324019818034355e+00
1.161296072705124249e+00 -1.041572527076058741e+00
1.151656864704172278e+00 -1.038900902223399481e+00
1.142638935516881560e+00 -1.036302939413669577e+00
1.134226504947047687e+00 -1.033772432800480701e+00
1.126403792798467141e+00 -1.031303176537445410e+00
1.119155018874935736e+00 -1.028888964778176263e+00
1.112464402980248845e+00 -1.026523591676285818e+00
1.106316164918202505e+00 -1.024200851385385524e+00
1.100694524492593196e+00 -1.021914538059088828e+00
1.095583701507216068e+00 -1.019658445851007178e+00
1.090967915765868268e+00 -1.017426368914754020e+00
1.086831387072344057e+00 -1.015212101403940359e+00
1.083158335230440361e+00 -1.013009437472179419e+00
1.079932980043952995e+00 -1.010812171273083093e+00
1.077139541316677773e+00 -1.008614096960264606e+00
1.074762238852410734e+00 -1.006409008687335183e+00
1.072785292454947914e+00 -1.004190700607908049e+00
1.071192921928084463e+00 -1.001952966875595097e+00
1.069969347075617305e+00 -9.996896016440086630e-01
1.069098787701341591e+00 -9.973943990667613058e-01
1.068565463609053579e+00 -9.950611532974653617e-01
1.068353594602549084e+00 -9.926836584897330562e-01
1.068447400485624366e+00 -9.902557087971770589e-01
1.068831101062074795e+00 -9.877710983734090400e-01
1.069488916135696632e+00 -9.852236213720421132e-01
1.070405065510285469e+00 -9.826070719466880599e-01
1.071563768989637788e+00 -9.799152442509601046e-01
1.072949246377549182e+00 -9.771419324384694738e-01
1.074545717477815465e+00 -9.742809306628292809e-01
1.076337402094232454e+00 -9.713260330776513074e-01
1.078308520030596185e+00 -9.682710338365482228e-01
1.080443291090703140e+00 -9.651097270931329186e-01
1.082725935078348467e+00 -9.618359070010169543e-01
1.085140671797328205e+00 -9.584433677138129992e-01
1.087671721051438611e+00 -9.549259033851333900e-01
1.090303302644475281e+00 -9.512773081685903520e-01
1.093019636380234250e+00 -9.474913762177963328e-01
1.095804942062511778e+00 -9.435619016863638908e-01
1.098643439495102792e+00 -9.394826787279049185e-01
1.101519348481804439e+00 -9.352475014960321964e-01
1.104416888826411869e+00 -9.308501641443581720e-01
1.107320280332720897e+00 -9.262844608264945157e-01
1.110213742804528003e+00 -9.215441856960542300e-01
1.113081496045628560e+00 -9.166231329066494293e-01
1.115907759859819048e+00 -9.115150966118925613e-01
1.118676754050894839e+00 -9.062138709653958513e-01
1.121372698422651970e+00 -9.007132501207716357e-01
1.123979812778886922e+00 -8.950070282316326953e-01
1.126482316923395066e+00 -8.890889994515909223e-01
1.128864430659971996e+00 -8.829529579342585421e-01
1.131110373792414414e+00 -8.765926978332482244e-01
1.133204366124517692e+00 -8.700020133021726387e-01
1.135130627460077868e+00 -8.631746984946434553e-01
1.136873377602890978e+00 -8.561045475642734548e-01
1.138416836356752837e+00 -8.487853546646748626e-01
1.139745223525459483e+00 -8.412109139494599042e-01
1.140842758912806731e+00 -8.333750195722411380e-01
1.141693662322590397e+00 -8.252714656866310117e-01
1.142282153558606517e+00 -8.168940464462415285e-01
1.142592452424651128e+00 -8.082365560046853581e-01
1.142608778724519825e+00 -7.992927885155746148e-01
1.142315352262008643e+00 -7.900565381325218572e-01
1.141696392840913621e+00 -7.805215990091394218e-01
1.140736120265030573e+00 -7.706817652990393119e-01
1.139418754338155759e+00 -7.605308311558345302e-01
1.137728514864084328e+00 -7.500625907331368580e-01
1.135649621646612761e+00 -7.392708381845588539e-01
1.133166294489537096e+00 -7.281493676637129653e-01
1.130262753196652703e+00 -7.166919733242114177e-01
1.126923217571756286e+00 -7.048924493196667695e-01
1.123131907418642772e+00 -6.927445898036910243e-01
1.118873042541108864e+00 -6.802421889298967406e-01
1.114130842742950156e+00 -6.673790408518964767e-01
1.108889527827962462e+00 -6.541489397233021252e-01
1.103133317599942043e+00 -6.405456796977264666e-01
1.096846431862684490e+00 -6.265630549287815043e-01
1.090013090419986064e+00 -6.121948595700802409e-01
1.082617513075642357e+00 -5.974348877752341247e-01
1.074643919633449407e+00 -5.822769336978560473e-01
1.066076529897202807e+00 -5.667147914915581230e-01
1.056899563670699038e+00 -5.507422553099529106e-01
1.047097240757733694e+00 -5.343531193066527463e-01
1.036653780962102811e+00 -5.175411776352699667e-01
1.025553404087602205e+00 -5.003002244494167972e-01
1.013780329938027691e+00 -4.826240539027056853e-01
