2.002718153574298388e+00 1.135872342055477491e+00
1.905686398182743435e+00 1.139809181098634383e+00
1.812459556877434874e+00 1.141471457972482284e+00
1.722956160032077078e+00 1.140916800803754239e+00
1.637094738020370643e+00 1.138202837719181737e+00
1.554793821216018834e+00 1.133387196845498490e+00
1.475971939992725135e+00 1.126527506309437765e+00
1.400547624724190143e+00 1.117681394237731496e+00
1.328439405784117566e+00 1.106906488757111839e+00
1.259565813546210888e+00 1.094260417994313395e+00
1.193845378384170708e+00 1.079800810076067208e+00
1.131196630671700731e+00 1.063585293129106768e+00
1.071538100782504221e+00 1.045671495280165564e+00
1.014788319090282220e+00 1.026117044655974864e+00
9.608658159687379907e-01 1.004979569383268379e+00
9.096891217915745731e-01 9.823166975887790420e-01
8.611767669324941199e-01 9.581860573992394547e-01
8.152472817651990056e-01 9.326452769413818844e-01
7.718191966633924928e-01 9.057519843419399308e-01
7.308110420007760677e-01 8.775638077276456395e-01
6.921413481510531041e-01 8.481383752252320551e-01
6.557286454879266424e-01 8.175333149614326667e-01
6.214914643850978360e-01 7.858062550629788534e-01
5.893483352162701694e-01 7.530148236566044373e-01
5.592177883551460171e-01 7.192166488690414639e-01
5.310183541754283087e-01 6.844693588270235329e-01
5.046685630508189746e-01 6.488305816572826901e-01
4.800869453550211108e-01 6.123579454865523131e-01
4.571920314617370917e-01 5.751090784415645585e-01
4.359023517446696805e-01 5.371416086490532482e-01
4.161364365775211405e-01 4.985131642357497617e-01
3.978128163339941792e-01 4.592813733283878097e-01
3.808500213877914486e-01 4.195038640536996599e-01
3.651665821126154898e-01 3.792382645384186346e-01
3.506810288821687327e-01 3.385422029092770568e-01
3.373118920701539958e-01 2.974733072930079159e-01
3.249777020502737646e-01 2.560892058163441454e-01
3.135969891962304690e-01 2.144475266060181518e-01
3.030882838817268166e-01 1.726058977887627577e-01
2.933701164804652928e-01 1.306219474913109524e-01
2.843610173661486606e-01 8.855330384039546143e-02
2.759795169124793501e-01 4.645759496274889933e-02
2.681441454931600132e-01 4.392448985104571886e-03
2.607734334818930799e-01 -3.758450596580549530e-02
2.537859112523811467e-01 -7.941564176324814039e-02
2.471001091783270598e-01 -1.210433302804907185e-01
2.406345576334330272e-01 -1.624099433908002821e-01
2.343077869914018674e-01 -2.034578529674440639e-01
2.280383276259360659e-01 -2.441294308836894078e-01
2.217447099107381914e-01 -2.843670490128035744e-01
2.153454642195108404e-01 -3.241130792280535466e-01
2.087591209259565816e-01 -3.633098934027069182e-01
2.019042104037779561e-01 -4.018998634100305334e-01
1.946992630266775881e-01 -4.398253611232919025e-01
1.870628091683580463e-01 -4.770287584157579808e-01
1.789133792025219272e-01 -5.134524271606963897e-01
1.701695035028716885e-01 -5.490387392313738069e-01
1.607497124431100655e-01 -5.837300665010578538e-01
1.505980991544520475e-01 -6.174462260212723042e-01
1.397615248781041986e-01 -6.500163593207394230e-01
1.283126728057978894e-01 -6.812468244123222050e-01
1.163242261293867263e-01 -7.109439793087775072e-01
1.038688680407242326e-01 -7.389141820228610769e-01
9.101928173166388969e-02 -7.649637905673294380e-01
7.784815039405927617e-02 -7.888991629549383378e-01
6.442815721976390131e-02 -8.105266571984448554e-01
5.083198540063125354e-02 -8.296526313106042938e-01
3.713231812851488373e-02 -8.460834433041732883e-01
2.340183859526834623e-02 -8.596254511919080299e-01
9.713229992745119057e-03 -8.700850129865645988e-01
-3.860824487201239968e-03 -8.772684867008992970e-01
-1.724764165271706895e-02 -8.809822303476684269e-01
-3.037453831194915008e-02 -8.810326019396281794e-01
-4.316883127304380757e-02 -8.772259594895347457e-01
-5.555783734414747321e-02 -8.693686610101440948e-01
-6.746887333340666204e-02 -8.572670645142125290e-01
-7.882925604896784400e-02 -8.407275280144966834e-01
-8.956630229897748208e-02 -8.195564095237520830e-01
-9.960732889158205317e-02 -7.935600670547354740e-01
-1.088796526349280480e-01 -7.625448586202027146e-01
-1.173105903371619158e-01 -7.263171422329104399e-01
-1.248274588064301471e-01 -6.846832759056143969e-01
-1.313575748508792329e-01 -6.374496176510711098e-01
-1.368282552786555806e-01 -5.844225254820366589e-01
-1.411668168979056948e-01 -5.254083574112679011e-01
-1.445315461532381274e-01 -4.609321364389001863e-01
-1.480748238233567937e-01 -3.946124539924527053e-01
-1.527700764596603145e-01 -3.295764413695040917e-01
-1.586673462294463655e-01 -2.662128391892059076e-01
-1.657027256014418914e-01 -2.045724585305275789e-01
-1.738123070443738649e-01 -1.447061104724386149e-01
-1.829321830269691196e-01 -8.666460609390848335e-02
-1.929984460179545724e-01 -3.049875647390656169e-02
-2.039471884860571127e-01 2.374062730859764422e-02
-2.157145029000037406e-01 7.600273417463471182e-02
-2.282364817285212344e-01 1.262367530452350728e-01
-2.414492174403364555e-01 1.743918728414288188e-01
-2.552888025041764597e-01 2.204172824842476064e-01
-2.696913293887682195e-01 2.642621708947213155e-01
-2.845928905628385408e-01 3.058757269938807144e-01
-2.999295784951142019e-01 3.452071397027560717e-01
-3.156374856543223140e-01 3.822055979423780725e-01
-3.316527045091897108e-01 4.168202906337771796e-01
-3.479113275284432261e-01 4.490004066979840780e-01
-3.643494471808098600e-01 4.786951350560292306e-01
-3.809031559350164464e-01 5.058536646289431005e-01
-3.975085462597900410e-01 5.304251843377563169e-01
-4.141017106238572554e-01 5.523588831034993429e-01
-4.306187414959453119e-01 5.716039498472028635e-01
-4.469957313447809333e-01 5.881095734898973415e-01
-4.631687726390911197e-01 6.018249429526131289e-01
-4.790739578476025939e-01 6.126992471563811327e-01
-4.946473794390426337e-01 6.206816750222317047e-01
-5.098251298821377953e-01 6.257214154711953080e-01
-5.245433016456150233e-01 6.277676574243026275e-01
-5.387379871982014290e-01 6.267695898025842371e-01
-5.523452790086235131e-01 6.226764015270705999e-01
-5.653012695456086645e-01 6.154372815187922896e-01
-5.775420512778837168e-01 6.050014186987797693e-01
-5.890037166741752817e-01 5.913180019880633909e-01
-5.996223582032105259e-01 5.743362203076741723e-01
-6.093340683337162833e-01 5.540052625786422436e-01
-6.180749395344193875e-01 5.302743177219985116e-01
-6.257810642740466722e-01 5.030925746587731062e-01
-6.323885350213253043e-01 4.724092223099968235e-01
-6.378334442449822284e-01 4.381734495967002374e-01
-6.420518844137438341e-01 4.003344454399137553e-01
-6.449799479963376214e-01 3.588413987606679512e-01
-6.465537274614902019e-01 3.136434984799934544e-01
-6.467093152779285203e-01 2.646899335189207281e-01
-6.455445168209600348e-01 2.117427504706324293e-01
-6.460650217539468665e-01 1.512057067345483341e-01
-6.518872791279339829e-01 8.002705416578198561e-02
-6.625680090137765488e-01 2.551203070281326916e-03
-6.771249123956912808e-01 -7.590269853780676201e-02
-6.945756902578944514e-01 -1.500155026443352468e-01
-7.139380435846027773e-01 -2.144680612351572702e-01
-7.342925243209390551e-01 -2.644101984460046073e-01
-7.552805004636599095e-01 -2.991763539797965832e-01
-7.768380476902134735e-01 -3.202999744059658038e-01
-7.989038604571343516e-01 -3.293340467184722731e-01
-8.214166332209568155e-01 -3.278315579112763278e-01
-8.443150604382159141e-01 -3.173454949783375834e-01
-8.675378365654461410e-01 -2.994288449136165431e-01
-8.910236560591819899e-01 -2.756345947110728778e-01
-9.147112133759577324e-01 -2.475157313646667023e-01
-9.385392029723080842e-01 -2.166252418683580483e-01
-9.624463193047677612e-01 -1.845161132161071971e-01
-9.863712568298708128e-01 -1.527413324018738194e-01
-1.010252710004152066e+00 -1.228538864196182523e-01
-1.034029373284145903e+00 -9.640676226330044396e-02
-1.057639941126387262e+00 -7.495294692688045379e-02
-1.081023107987410192e+00 -6.004542740431830644e-02
-1.104117568323749188e+00 -5.323719068957413758e-02
-1.126862016591939408e+00 -5.608122377660792329e-02
-1.149195147248514681e+00 -7.013051365937965353e-02
-1.171055654750009944e+00 -9.693804733184949174e-02
-1.192507141563635908e+00 -1.374010975738125528e-01
-1.214634749788040757e+00 -1.870542862586895005e-01
-1.239023029316466129e+00 -2.388105556109652583e-01
-1.267259926697503758e+00 -2.855650168514708431e-01
-1.300933388479746933e+00 -3.202127812010374108e-01
-1.341631361211788276e+00 -3.356489598804959229e-01
-1.390941791442219966e+00 -3.247686641106772298e-01
-1.450452625719635735e+00 -2.804670051124126262e-01
-1.521632503213495191e+00 -1.960153665157585434e-01
-1.601336123920645171e+00 -7.923660413235593392e-02
-1.680438442985789926e+00 4.318746696951385883e-02
-1.749416176834387215e+00 1.433190637887531982e-01
-1.798746041891888137e+00 1.932204033242557462e-01
-1.818904754583748451e+00 1.649537025749183150e-01
-1.802476835378014286e+00 3.617207491511512107e-02
-1.760411908984403695e+00 -1.667583964481108572e-01
-1.713123905694423632e+00 -3.923677995340783542e-01
-1.678842575523439740e+00 -5.944567597060134156e-01
-1.661109881293027835e+00 -7.623902228004364456e-01
-1.657604258000283437e+00 -8.997308064952783679e-01
-1.665988825252190608e+00 -1.010078212437271583e+00
-1.683926702655734298e+00 -1.097032142273149269e+00
-1.709081010027904135e+00 -1.164192297332226511e+00
-1.739523867518898870e+00 -1.214540181597968171e+00
-1.774924257073533962e+00 -1.248643668445349020e+00
-1.815340824186825186e+00 -1.266481661136242831e+00
-1.860832214353788983e+00 -1.268033062932524269e+00
-1.911457073069441570e+00 -1.253276777096067551e+00
-1.967274045828798501e+00 -1.222191706888747564e+00
-2.028341778126877326e+00 -1.174756755572438527e+00
-2.094718915458692265e+00 -1.110950826409014658e+00
-2.166464103319261536e+00 -1.030752822660350843e+00
-2.243635987203599580e+00 -9.341416475883214110e-01
-2.326293212606723504e+00 -8.210962044548005823e-01
-2.414494425023649971e+00 -6.915953965216629085e-01
-2.508298269949391202e+00 -5.456181270507861614e-01
-2.607763392878969633e+00 -3.831432993040389534e-01
-2.712948439307397930e+00 -2.041498165432976686e-01
-2.823912054729693200e+00 -8.616582030437733297e-03
-2.940712884640870772e+00 2.034775009726666473e-01
-3.063409574535946867e+00 4.321535292041411846e-01
-3.192060769909939033e+00 6.774325994021115349e-01
-3.326725116257862602e+00 9.393358083047032014e-01
-3.467461259074732904e+00 1.217884252650041299e+00
