-7.414392385676836783e-01 6.994694016091362876e-01
-6.544254191909683049e-01 6.659321083022086141e-01
-5.662873978594223923e-01 6.364681896654081905e-01
-4.773899559621304078e-01 6.108685438775222076e-01
-3.880978748881774298e-01 5.889240691173371900e-01
-2.987759360266472597e-01 5.704256635636394401e-01
-2.097889207666247258e-01 5.551642253952161488e-01
-1.215016104971941985e-01 5.429306527908539515e-01
-3.427878660744045070e-02 5.335158439293394839e-01
5.151476951355185574e-02 5.267106969894599366e-01
1.355142764766986418e-01 5.223061101500015013e-01
2.173549528929149821e-01 5.200929815897514796e-01
2.966720173731164922e-01 5.198622094874960631e-01
3.731006885282185936e-01 5.214046920220223313e-01
4.462761849691369576e-01 5.245113273721170311e-01
5.158337253067865058e-01 5.289730137165667978e-01
5.814085281520834370e-01 5.345806492341586003e-01
6.426358121159427839e-01 5.411251321036790740e-01
6.991507958092800790e-01 5.483973605039149657e-01
7.505886978430106327e-01 5.561882326136527999e-01
7.965847368280499774e-01 5.642886466116795452e-01
8.367741313753138677e-01 5.724895006767821704e-01
8.707921000957176139e-01 5.805816929877470889e-01
8.982738616001764154e-01 5.883561217233610474e-01
9.188546344996060267e-01 5.956036850624110146e-01
9.321696374049218692e-01 6.021152811836836261e-01
9.378540889270391423e-01 6.076818082659656284e-01
9.355432076768738225e-01 6.120941644880439902e-01
9.248722122653407762e-01 6.151432480287051252e-01
9.054763213033562019e-01 6.166199570667360019e-01
8.769907534018347439e-01 6.163151897809231450e-01
8.390507271716924897e-01 6.140198443500536341e-01
7.912914612238445278e-01 6.095248189529141047e-01
7.333499706464301493e-01 6.026216619784044992e-01
6.674302369707618698e-01 5.940309998577337769e-01
6.032633949869684598e-01 5.871974615848603030e-01
5.468748306027295669e-01 5.842133005426460857e-01
4.981804687911732810e-01 5.849463010617821368e-01
4.567402399114603995e-01 5.891346289992521745e-01
4.221140743227519421e-01 5.965164502120402501e-01
3.938619023842084288e-01 6.068299305571304147e-01
3.715436544549907127e-01 6.198132358915060536e-01
3.547192608942597025e-01 6.352045320721514399e-01
3.429486520611758626e-01 6.527419849560502918e-01
3.357917583149001017e-01 6.721637604001863275e-01
3.328085100145932729e-01 6.932080242615438204e-01
3.335588375194160071e-01 7.156129423971063774e-01
3.376026711885291021e-01 7.391166806638576059e-01
3.444999413810931332e-01 7.634574049187815570e-01
3.538105784562692868e-01 7.883732810188627260e-01
3.650945127732179718e-01 8.136024748210840540e-01
3.779116746911000413e-01 8.388831521824299253e-01
3.918219945690763484e-01 8.639534789598841691e-01
4.063854027663075796e-01 8.885516210104305035e-01
4.211618296419544216e-01 9.124157441910528688e-01
4.357112055551776719e-01 9.352840143587350941e-01
4.495934608651383502e-01 9.568945973704614527e-01
4.623711778670697159e-01 9.769874106411281511e-01
4.737813700441927955e-01 9.954175803686619028e-01
4.838406135954879672e-01 1.012224879089952401e+00
4.925906407959552147e-01 1.027465694495047765e+00
5.000731839205946327e-01 1.041196414273996007e+00
5.063299752444063717e-01 1.053473426116845912e+00
5.114027470423908595e-01 1.064353117713645602e+00
5.153332315895478022e-01 1.073891876754442753e+00
5.181631611608776833e-01 1.082146090929286375e+00
5.199342680313803200e-01 1.089172147928224366e+00
5.206882844760563067e-01 1.095026435441305290e+00
5.204669427699053497e-01 1.099765341158577048e+00
5.193119751879279322e-01 1.103445252770087981e+00
5.172651140051238716e-01 1.106122557965886211e+00
5.143680914964937623e-01 1.107853644436020524e+00
5.106626399370373104e-01 1.108694899870538819e+00
5.061904916017547773e-01 1.108702711959489662e+00
5.009933787656463133e-01 1.107933468392920728e+00
4.951130337037122353e-01 1.106443556860880584e+00
4.885911886909525825e-01 1.104289365053417793e+00
4.814695760023673943e-01 1.101527280660580033e+00
4.737899279129568764e-01 1.098213691372416090e+00
4.655939766977212346e-01 1.094404984878974085e+00
4.569234546316605083e-01 1.090157548870302140e+00
4.478200939897749588e-01 1.085527771036448597e+00
4.383256270470646809e-01 1.080572039067461798e+00
4.284817860785297694e-01 1.075346740653389865e+00
4.183303033591705411e-01 1.069908263484281141e+00
4.079129111639869798e-01 1.064312995250184191e+00
3.972713417679792913e-01 1.058617323641146690e+00
3.864473274461474595e-01 1.052877636347217205e+00
3.754826004734918565e-01 1.047150321058444078e+00
3.644188931250124663e-01 1.041491765464875430e+00
3.532979376757094392e-01 1.035958357256559603e+00
3.421614664005830364e-01 1.030606484123544719e+00
3.310512115746334638e-01 1.025492533755879343e+00
3.200089054728607052e-01 1.020672893843611595e+00
3.090762803702648553e-01 1.016203952076789596e+00
2.982950685418463421e-01 1.012142096145461911e+00
2.877070022626049828e-01 1.008543713739676218e+00
2.773538138075410941e-01 1.005465192549481301e+00
2.672772354516547710e-01 1.002962920264925506e+00
2.575189994699461637e-01 1.001093284576056730e+00
2.481208381374153671e-01 9.999126731729235384e-01
2.391244837290626979e-01 9.994774737455739411e-01
2.305716685198880844e-01 9.998440739840562808e-01
2.225041247848918435e-01 1.001068861578418900e+00
2.149635847990740423e-01 1.003208224218710365e+00
2.079917808374348032e-01 1.006318549594978018e+00
2.016304451749743321e-01 1.010456225397270869e+00
1.959213100866926960e-01 1.015677639315637037e+00
1.909061078475901008e-01 1.022039179040124868e+00
1.866265707326667522e-01 1.029597232260782924e+00
1.831244310169226341e-01 1.038408186667658217e+00
1.804397583009919592e-01 1.048525099703277785e+00
1.785595646396893332e-01 1.059894757393387454e+00
1.774079760810644002e-01 1.072337988467154446e+00
1.769054724924754018e-01 1.085668318549505296e+00
1.769725337412804411e-01 1.099699273265365651e+00
1.775296396948378430e-01 1.114244378239662492e+00
1.784972702205057105e-01 1.129117159097321910e+00
1.797959051856423962e-01 1.144131141463270218e+00
1.813460244576058922e-01 1.159099850962432843e+00
1.830681079037545789e-01 1.173836813219736985e+00
1.848826353914465870e-01 1.188155553860108515e+00
1.867100867880400750e-01 1.201869598508473524e+00
1.884709419608933123e-01 1.214792472789757882e+00
1.900856807773645962e-01 1.226737702328888568e+00
1.914747831048118631e-01 1.237518812750791231e+00
1.925587288105935491e-01 1.246949329680392182e+00
1.932579977620678124e-01 1.254842778742617737e+00
1.934930698265927562e-01 1.261012685562394209e+00
1.931844248715267054e-01 1.265272575764647689e+00
1.922525427642277351e-01 1.267435974974304047e+00
1.906179033720542537e-01 1.267316408816290485e+00
1.882009865623642253e-01 1.264727402915531984e+00
1.849222722025159749e-01 1.259482482896955524e+00
1.807022401598676609e-01 1.251395174385486975e+00
1.754613703017775528e-01 1.240279003006052649e+00
1.691201424956038368e-01 1.225947494383579306e+00
1.615990366087046715e-01 1.208214174142992148e+00
1.528185325084382706e-01 1.186892567909218155e+00
1.426991100621629038e-01 1.161796201307183418e+00
1.311612491372366740e-01 1.132738599961813586e+00
1.181254296010181282e-01 1.099533289498036526e+00
1.035121313208649252e-01 1.061993795540776331e+00
8.724183416413551495e-02 1.019933643714960203e+00
6.923501799818809754e-02 9.731663596455140119e-01
4.943745269365910910e-02 9.215946059892738962e-01
2.913946101831952490e-02 8.698600505023366125e-01
1.162168173091262385e-02 8.296194197387525282e-01
3.060871825527622121e-04 8.130329179677068252e-01
-3.082546512076855556e-03 8.267461731815666237e-01
1.850170330471466646e-04 8.676716240282136283e-01
8.532398959126509183e-03 9.317286957710140261e-01
2.038322040736298413e-02 1.014836813673333227e+00
3.416110251895838196e-02 1.112915402998537306e+00
4.828966643511439782e-02 1.221883889009991453e+00
6.119253329703283617e-02 1.337661696971061964e+00
7.129332424591544592e-02 1.456168252145114028e+00
7.701566042296405235e-02 1.573322979795514165e+00
7.678316296938032803e-02 1.685045305185627562e+00
6.901945302636611212e-02 1.787254653578819630e+00
5.214815173512311192e-02 1.875870450238456888e+00
2.526135564874075479e-02 1.946841506914437581e+00
-7.939736829568231138e-03 1.996319253593678678e+00
-4.181100407617630021e-02 2.020540532061400718e+00
-7.133428679991267451e-02 2.016587956524179770e+00
-9.550082392889280847e-02 1.986901182669492449e+00
-1.148673974968766748e-01 1.936011621330697263e+00
-1.299943769205427757e-01 1.868455476519094605e+00
-1.414421316165705156e-01 1.788768952245979760e+00
-1.497710310016384105e-01 1.701488252522654232e+00
-1.555414444924252959e-01 1.611149581360417748e+00
-1.593137415056098682e-01 1.522289142770568482e+00
-1.616482914578710461e-01 1.439443140764406159e+00
-1.631054637658875262e-01 1.367147779353229398e+00
-1.642456278463382269e-01 1.309939262548338368e+00
-1.656291531159018726e-01 1.272353794361031687e+00
-1.678164089912573265e-01 1.258927578802608860e+00
-1.715228597661919707e-01 1.273835701450677149e+00
-1.800268535348700516e-01 1.315285903242063625e+00
-1.987113625333601641e-01 1.376585579029936168e+00
-2.330216855302162937e-01 1.450897004368824295e+00
-2.883608355140661050e-01 1.531383124095250681e+00
-3.645445576468031579e-01 1.611295316031023939e+00
-4.502744404461545558e-01 1.684060868314309456e+00
-5.329376612863508944e-01 1.743127873044157061e+00
-6.015882483715135898e-01 1.782864134847157001e+00
-6.546266276369888670e-01 1.802794487957262382e+00
-6.937088001094685596e-01 1.804240084036580649e+00
-7.204940892293165700e-01 1.788523907943939451e+00
-7.366418184368970223e-01 1.756968944538166877e+00
-7.438113111725732640e-01 1.710898178678090575e+00
-7.436618908767101965e-01 1.651634595222538637e+00
-7.378528809896717222e-01 1.580501179030342040e+00
-7.280436049518210773e-01 1.498820914960323325e+00
-7.158933862035232742e-01 1.407916787871314801e+00
-7.030615481851414383e-01 1.309111782622141895e+00
-6.912074143370402490e-01 1.203728884071634253e+00
-6.819903080995833866e-01 1.093091077078619300e+00
-6.770695529131347534e-01 9.785213465019252377e-01
-6.781044722180588069e-01 8.613426772003801579e-01
-6.867543894547192274e-01 7.428780540328118187e-01
