-1.305814485971655559e-01 -1.228375171358453422e-01
8.260478326196456222e-02 -2.765300178028777811e-01
2.879706958162309149e-01 -4.086976474236542756e-01
4.846966753383523674e-01 -5.206942533241407656e-01
6.719631081010483120e-01 -6.138736828303039683e-01
8.489503803770375168e-01 -6.895897832681101569e-01
1.014838878439039416e+00 -7.491964019635258820e-01
1.168808988559772555e+00 -7.940473862425169171e-01
1.310041097011956035e+00 -8.254965834310502570e-01
1.437715590068309401e+00 -8.448978408550923414e-01
1.551012854001551755e+00 -8.536050058406091656e-01
1.649113275084401975e+00 -8.529719257135672805e-01
1.731197239589578718e+00 -8.443524477999330147e-01
1.796445133789801751e+00 -8.291004194256728077e-01
1.844037343957789954e+00 -8.085696879167532103e-01
1.873154256366261761e+00 -7.841141005991403290e-01
1.882976257287936939e+00 -7.570875047988006035e-01
1.872683732995534367e+00 -7.288437478417003623e-01
1.841657807848551487e+00 -7.006823438514023783e-01
1.792433730824952498e+00 -6.730490890843052743e-01
1.730054146860372066e+00 -6.457111101220016636e-01
1.659630954505401101e+00 -6.184167888686834536e-01
1.586276052310628959e+00 -5.909145072285422184e-01
1.515099658484509781e+00 -5.629527430277607714e-01
1.449945804421273410e+00 -5.343522541104026580e-01
1.391142211622216074e+00 -5.051345261587018021e-01
1.338411137864944589e+00 -4.753556076289492394e-01
1.291474840927065770e+00 -4.450715469774362276e-01
1.250055578586186655e+00 -4.143383926604540246e-01
1.213875608619914503e+00 -3.832121931342941101e-01
1.182657188805855464e+00 -3.517489968552472424e-01
1.156122576921616796e+00 -3.200048522796049566e-01
1.133994030744805981e+00 -2.880358078636583441e-01
1.115993808053029390e+00 -2.558979120636988291e-01
1.101844166623894283e+00 -2.236472133360174752e-01
1.091267364235007253e+00 -1.913397601369055123e-01
1.083985658663975782e+00 -1.590316009226545035e-01
1.079721307688406018e+00 -1.267787841495551515e-01
1.078196569085905887e+00 -9.463735827389896382e-02
1.079133700634081761e+00 -6.266337175197719822e-02
1.082254960110541120e+00 -3.091287304008108819e-02
1.087282605292889892e+00 5.580894054981568649e-04
1.093938893958736003e+00 3.169346712846925901e-02
1.101946083885685823e+00 6.243721167254105003e-02
1.111026432851346835e+00 9.273327458142244240e-02
1.120902198633325630e+00 1.225256073988220118e-01
1.131295639009229026e+00 1.517581616684485213e-01
1.141929011756663837e+00 1.803748889340107409e-01
1.152524574653237988e+00 2.083197407392173572e-01
1.162804585476557406e+00 2.355366686277774457e-01
1.172491302004229352e+00 2.619696241433995265e-01
1.181306982013860862e+00 2.875625588297924251e-01
1.188973883283059196e+00 3.122594242306649392e-01
1.195214263589430947e+00 3.360041718897258112e-01
1.199750380710582931e+00 3.587407533506837276e-01
1.202304492424122184e+00 3.804131201572474863e-01
1.202598856507655967e+00 4.009652238531260515e-01
1.200355730738790427e+00 4.203410159820278325e-01
1.195297372895133714e+00 4.384844480876616268e-01
1.187146040754291754e+00 4.553394717137366765e-01
1.175623992093872472e+00 4.708500384039613351e-01
1.160453484691481574e+00 4.849600997020445114e-01
1.141356776324726985e+00 4.976136071516949477e-01
1.118056124771215298e+00 5.087545122966213862e-01
1.090273787808553774e+00 5.183267666805325691e-01
1.057732023214348338e+00 5.262743218471371831e-01
1.020153088766207361e+00 5.325411293401443036e-01
9.772592422417369917e-01 5.370711407032623397e-01
9.287727414185444896e-01 5.398083074802003667e-01
8.754569700128492782e-01 5.409311092346894556e-01
8.238096061220668842e-01 5.419328728363841385e-01
7.749238940963166788e-01 5.431271678863739405e-01
7.286911082330210787e-01 5.445597355823793562e-01
6.850025228296043878e-01 5.462763171221208802e-01
6.437494121834903549e-01 5.483226537033187853e-01
6.048230505921032840e-01 5.507444865236934550e-01
5.681147123528661469e-01 5.535875567809654951e-01
5.335156717632032475e-01 5.568976056728552892e-01
5.009172031205381126e-01 5.607203743970832210e-01
4.702105807222947687e-01 5.651016041513694521e-01
4.412870788658968535e-01 5.700870361334346992e-01
4.140379718487680050e-01 5.757224115409993459e-01
3.883545339683323605e-01 5.820534715717836649e-01
3.641280395220133359e-01 5.891259574235081509e-01
3.412497628072351241e-01 5.969856102938931874e-01
3.196109781214210854e-01 6.056781713806593803e-01
2.991029597619950797e-01 6.152493818815270021e-01
2.796169820263809669e-01 6.257449829942165476e-01
2.610443192120024403e-01 6.372107159164480672e-01
2.432762456162833875e-01 6.496923218459424998e-01
2.262040355366475575e-01 6.632355419804198959e-01
2.097189632705187823e-01 6.778861175176009723e-01
1.937123031153206443e-01 6.936897896552056686e-01
1.780753293684771699e-01 7.106922995909549234e-01
1.626993163274119691e-01 7.289393885225687875e-01
1.474755382895489020e-01 7.484767976477680884e-01
1.322952695523118560e-01 7.693502681642725438e-01
1.170497844131243304e-01 7.916055412698032034e-01
1.016303571694102403e-01 8.152883581620803399e-01
8.610675075043018600e-02 8.402069858859385620e-01
7.174885309789799659e-02 8.645729585864371236e-01
6.032117123673681747e-02 8.859397334959638881e-01
5.356950443920303895e-02 9.018998138409133336e-01
5.254771835698971577e-02 9.114499964311575386e-01
5.746237472144369307e-02 9.153066988945743887e-01
6.846831077271119115e-02 9.142913147829494491e-01
8.572036375093840255e-02 9.092252376480679521e-01
1.093733708962715268e-01 9.009298610417160180e-01
1.395821694488567632e-01 8.902265785156785460e-01
1.765015966488403254e-01 8.779367836217417675e-01
2.202864897363684404e-01 8.648818699116908038e-01
2.709952643226341551e-01 8.518435014817915540e-01
3.278209152155422412e-01 8.392467554500203653e-01
3.894994844510338838e-01 8.273284266472210602e-01
4.547628853211596600e-01 8.163236087014205111e-01
5.223430311179703134e-01 8.064673952406459234e-01
5.909718351335154773e-01 7.979948798929242804e-01
6.593812106598485601e-01 7.911411562862825653e-01
7.263030709890192504e-01 7.861413180487482055e-01
7.904693294130781256e-01 7.832304588083481844e-01
8.506118992240757626e-01 7.826436721931093743e-01
9.054626937140635157e-01 7.846160518310592025e-01
9.537536261750916289e-01 7.893826913502245413e-01
9.942166098992113454e-01 7.971786843786327070e-01
1.025583558178473131e+00 8.082391245443107941e-01
1.046586384304928119e+00 8.227991054752855637e-01
1.055957001570626552e+00 8.410937207995845544e-01
1.052427323267619785e+00 8.633580641452346383e-01
1.034730993932772236e+00 8.898267092083873564e-01
1.002511622156991189e+00 9.204609469504446695e-01
9.578131552736773857e-01 9.545011924553921112e-01
9.030707057252777004e-01 9.910703851000561837e-01
8.407193859542380077e-01 1.029291464261262723e+00
7.731943084030041824e-01 1.068287369315838120e+00
7.029305855140226544e-01 1.107181039640608322e+00
6.323633297297390765e-01 1.145095414612399276e+00
5.639276534925998785e-01 1.181153433608037373e+00
5.000586692450511572e-01 1.214478036004348782e+00
4.431914894295388430e-01 1.244192161178159894e+00
3.957612264885089215e-01 1.269418748506296435e+00
3.602029928644076562e-01 1.289280737365584795e+00
3.389433041240776379e-01 1.302904587126445746e+00
3.330043935179679004e-01 1.309991741023985190e+00
3.404594025543682956e-01 1.311451148894668073e+00
3.590094906015287024e-01 1.308344068786761571e+00
3.863558170276990555e-01 1.301731758748532863e+00
4.201995412011288455e-01 1.292675476828248682e+00
4.582418224900680070e-01 1.282236481074174872e+00
4.981838202627665857e-01 1.271476029534579277e+00
5.377266938874740720e-01 1.261455380257727965e+00
5.745716027324400121e-01 1.253235791291887891e+00
6.065343685887769620e-01 1.247824897173727576e+00
6.329118309318267910e-01 1.245537713472120389e+00
6.540316816459333937e-01 1.246207162976713079e+00
6.702425199900168273e-01 1.249656390846304754e+00
6.818929452229970378e-01 1.255708542239692527e+00
6.893315566037940822e-01 1.264186762315675283e+00
6.929069533913279066e-01 1.274914196233050134e+00
6.929677348445186791e-01 1.287713989150616190e+00
6.898625002222863456e-01 1.302409286227170560e+00
6.839398487835506302e-01 1.318823232621511687e+00
6.755483797872321450e-01 1.336778973492437794e+00
6.650366924922503920e-01 1.356099653998746879e+00
6.527533861575255392e-01 1.376608419299236497e+00
6.390470600419776437e-01 1.398128414552705534e+00
6.242663134045264295e-01 1.420482784917951102e+00
6.087597455040922867e-01 1.443494675553771867e+00
5.928759555995953834e-01 1.466987231618965382e+00
5.769635429499553325e-01 1.490783598272330757e+00
5.613711068140920801e-01 1.514706920672665325e+00
5.464472464509256833e-01 1.538580343978766862e+00
5.325405611193761990e-01 1.562227013349433813e+00
5.199996500783637954e-01 1.585470073943464175e+00
5.091731125868084185e-01 1.608132670919655949e+00
5.004095479036300143e-01 1.630037949436807798e+00
4.940575552877485843e-01 1.651009054653716390e+00
4.904657339980841857e-01 1.670869131729181056e+00
4.899826832935568754e-01 1.689441325821999573e+00
4.929570024330864886e-01 1.706548782090969052e+00
4.997372906755930266e-01 1.722014645694888380e+00
5.106721472799967687e-01 1.735662061792555777e+00
5.259605659689560175e-01 1.747351695332148847e+00
5.437197516932771313e-01 1.757466306086716612e+00
5.605409128126115359e-01 1.766771360727229068e+00
5.729947126262525670e-01 1.776039153019622896e+00
5.791590488033860895e-01 1.785837683376601870e+00
5.799130090110149460e-01 1.796355273702255229e+00
5.764405945334243331e-01 1.807738917341183971e+00
5.699258066548990032e-01 1.820135607637988207e+00
5.615526466597235977e-01 1.833692337937268046e+00
5.525051158321829803e-01 1.848556101583623823e+00
5.439672154565617923e-01 1.864873891921656091e+00
5.371229468171453414e-01 1.882792702295964959e+00
5.331563111982178249e-01 1.902459526051151872e+00
5.332513098840643284e-01 1.924021356531816052e+00
5.385919441589694934e-01 1.947625187082558273e+00
5.503622153072184053e-01 1.973418011047979093e+00
5.697461246130954837e-01 2.001546821772678175e+00
5.979276733608858141e-01 2.032158612601257186e+00
6.360908628348742599e-01 2.065400376878315125e+00
6.854196943193453517e-01 2.101419107948453213e+00
