1.353752855081791662e+00 -1.029112413270563131e+00
1.005173934217102882e+00 -7.624713621655426765e-01
7.056583498969832835e-01 -5.112914081690105306e-01
4.517975056089012509e-01 -2.757445949923043038e-01
2.401828048403272520e-01 -5.600296634676254354e-02
6.740565107873043582e-02 1.477614340562765916e-01
-6.994255218841964605e-02 3.353765625054751509e-01
-1.752704014736535532e-01 5.066703752894952117e-01
-2.519864932895016785e-01 6.614708286969984696e-01
-3.034994241484945121e-01 7.996058790166464814e-01
-3.332177905631628079e-01 9.209034825371019695e-01
-3.445501890460369032e-01 1.025191595547026546e+00
-3.409052161096472466e-01 1.112298174335081713e+00
-3.256914682665243976e-01 1.182051175189929859e+00
-3.023175420291988047e-01 1.234278554400232597e+00
-2.741920339102011384e-01 1.268808268254651983e+00
-2.447235404220617916e-01 1.285468273041849852e+00
-2.170722846711738985e-01 1.284245242502625617e+00
-1.922131268456401254e-01 1.266522357515082575e+00
-1.699856175132879177e-01 1.234408293095845099e+00
-1.502196194956904041e-01 1.190017914998407145e+00
-1.327449956144206855e-01 1.135466088976261112e+00
-1.173916086910517520e-01 1.072867680782900734e+00
-1.039893215471567323e-01 1.004337556171818413e+00
-9.236799700430871340e-02 9.319905808965078808e-01
-8.235749788408074090e-02 8.579416207104622050e-01
-7.378768700804588798e-02 7.843055413671745635e-01
-6.648842719777722787e-02 7.131972086201380234e-01
-6.028958127484785462e-02 6.467314882228459849e-01
-5.502101206083086227e-02 5.870232459287917370e-01
-5.051258237729924772e-02 5.361873474914679027e-01
-4.659415504582612583e-02 4.963386586643677156e-01
-4.309101887851390922e-02 4.695677873636799338e-01
-3.961182718493729688e-02 4.568164351011629321e-01
-3.545903886975800695e-02 4.574024296065754003e-01
-2.991195211625399114e-02 4.705207678602444932e-01
-2.224986510770329481e-02 4.953664468424970324e-01
-1.175207602738380375e-02 5.311344635336604503e-01
2.302116941426466615e-03 5.770198149140617350e-01
2.063341561544954073e-02 6.322174979640278192e-01
4.396252181140744564e-02 6.959225096638860242e-01
7.301013734602219973e-02 7.673298469939633382e-01
1.080205110054307388e-01 8.450501213238664766e-01
1.449082070746214035e-01 9.223848423771091598e-01
1.789892030863110273e-01 9.923832348369924228e-01
2.097738249969054447e-01 1.054423380883264150e+00
2.374083943121360341e-01 1.108842092090404963e+00
2.620392325377338127e-01 1.155976180032893819e+00
2.838126611794298815e-01 1.196162456285210451e+00
3.028750017429555630e-01 1.229737732421836149e+00
3.193725757340419302e-01 1.257038820017249758e+00
3.334517046584200006e-01 1.278402530645931234e+00
3.452587100218211802e-01 1.294165675882361199e+00
3.549399133299763198e-01 1.304665067301018500e+00
3.626416360886167700e-01 1.310237516476383757e+00
3.685101998034734927e-01 1.311219834982936039e+00
3.726919259802777273e-01 1.307948834395155968e+00
3.753331361247607134e-01 1.300761326287523501e+00
3.765801517426535239e-01 1.289994122234517926e+00
3.765792943396872872e-01 1.275984033810620089e+00
3.754768854215931317e-01 1.259067872590308834e+00
3.734192464941022416e-01 1.239582450148064785e+00
3.705526990629456341e-01 1.217864578058366787e+00
3.670235646338546598e-01 1.194251067895695906e+00
3.629781647125605026e-01 1.169078731234531876e+00
3.585628208047939025e-01 1.142684379649353765e+00
3.539238544162863209e-01 1.115404824714642418e+00
3.492075870527688308e-01 1.087576878004876679e+00
3.445603402199727272e-01 1.059537351094537838e+00
3.401237547489065483e-01 1.031613129329184142e+00
3.359607165332866852e-01 1.003964083770633398e+00
3.320686925592019056e-01 9.766113526929410815e-01
3.284431651568765487e-01 9.495718655435281264e-01
3.250796166565355638e-01 9.228625517698171299e-01
3.219735293884039562e-01 8.965003408192302459e-01
3.191203856827063978e-01 8.705021621391894060e-01
3.165156678696678383e-01 8.448849451771173191e-01
3.141548582795130051e-01 8.196656193804359170e-01
3.120334392424668479e-01 7.948611141965669091e-01
3.101468930887540387e-01 7.704883590729326714e-01
3.084907021485996381e-01 7.465642834569555797e-01
3.070603487522283737e-01 7.231058167960574545e-01
3.058513152298650284e-01 7.001298885376603387e-01
3.048590839117344964e-01 6.776534281291870521e-01
3.040791371280616162e-01 6.556933650180593043e-01
3.035069572090712264e-01 6.342666286516988050e-01
3.031380264849881656e-01 6.133901484775280410e-01
3.029678272860372168e-01 5.930808539429693882e-01
3.029918419424432741e-01 5.733556744954447781e-01
3.032055527844311760e-01 5.542315395823760316e-01
3.036044421422257056e-01 5.357253786511858573e-01
3.041839923460518680e-01 5.178541211492961871e-01
3.049396857261342242e-01 5.006346965241288416e-01
3.058670046126978348e-01 4.840840342231064186e-01
3.069614313359673718e-01 4.682190636936507389e-01
3.082184482261678404e-01 4.530567143831841781e-01
3.096335376135240236e-01 4.386139157391288901e-01
3.112021818282606489e-01 4.249075972089065845e-01
3.129198632006027214e-01 4.119546882399396925e-01
3.147820640607749687e-01 3.997721182796504236e-01
3.167842667390022293e-01 3.883768167754607648e-01
3.189219535655093973e-01 3.777857131747928698e-01
3.211906068705212003e-01 3.680157369250689481e-01
3.235857089842625878e-01 3.590838174737112087e-01
3.261027422369585094e-01 3.510068842681415835e-01
3.287371889588334151e-01 3.438018667557822816e-01
3.314845314801124765e-01 3.374856943840555679e-01
3.343402521310204767e-01 3.320752966003834294e-01
3.372998332417821987e-01 3.275876028521880756e-01
3.403587571426224812e-01 3.240395425868916046e-01
3.435125061637661625e-01 3.214480452519160592e-01
3.467565626354380814e-01 3.198300402946838150e-01
3.500864088878631319e-01 3.192024571626168039e-01
3.534975272512660971e-01 3.195822253031373461e-01
3.569854000558717599e-01 3.209862741636673733e-01
3.605455096319050146e-01 3.234315331916290392e-01
3.641733383095906440e-01 3.269349318344445532e-01
3.678643684191535979e-01 3.315133995395360134e-01
3.716140822908187147e-01 3.371838657543257955e-01
3.754179622548107220e-01 3.439632599262356649e-01
3.792714906413545695e-01 3.518685115026881083e-01
3.831701497806750401e-01 3.609165499311048908e-01
3.871094220029969168e-01 3.711243046589083883e-01
3.910847896385450939e-01 3.825087051335207544e-01
3.950918122683889644e-01 3.950854105567955243e-01
3.991296358022801694e-01 4.088111096670762334e-01
4.032024335509662438e-01 4.235598250018885458e-01
4.073147546381812312e-01 4.391993995575245169e-01
4.114711481876586197e-01 4.555976763302760912e-01
4.156761633231324526e-01 4.726224983164355464e-01
4.199343491683361074e-01 4.901417085122944939e-01
4.242502548470036272e-01 5.080231499141451001e-01
4.286284294828684449e-01 5.261346655182794763e-01
4.330734221996644373e-01 5.443440983209894002e-01
4.375897821211254257e-01 5.625192913185671495e-01
4.421820583709850094e-01 5.805280875073046687e-01
4.468548000729770098e-01 5.982383298834939023e-01
4.516125563508350260e-01 6.155178614434267947e-01
4.564598763282929905e-01 6.322345251833954016e-01
4.614013091290844470e-01 6.482561640996918895e-01
4.664414038769431614e-01 6.634506211886078697e-01
4.715847096956027884e-01 6.776857394464352868e-01
4.768357757087974269e-01 6.908293618694670846e-01
4.821991510402604542e-01 7.027493314539946523e-01
4.876793848137256915e-01 7.133134911963097124e-01
4.932810261529268492e-01 7.223896840927046537e-01
4.990086241815978041e-01 7.298457531394714204e-01
5.048667280234721000e-01 7.355495413329019572e-01
5.108598868022835582e-01 7.393688916692884305e-01
5.169923783836464226e-01 7.411773043152106721e-01
5.232620873019251384e-01 7.409816142980802933e-01
5.296604177906507616e-01 7.389238052831453851e-01
5.361784854303230929e-01 7.351518808821033701e-01
5.428074058014420444e-01 7.298138447066514489e-01
5.495382944845075279e-01 7.230577003684875992e-01
5.563622670600192333e-01 7.150314514793090215e-01
5.632704391084772944e-01 7.058831016508133605e-01
5.702539262103814011e-01 6.957606544946979277e-01
5.773038439462315763e-01 6.848121136226607009e-01
5.844113078965273989e-01 6.731854826463986585e-01
5.915674336417690027e-01 6.610287651776094453e-01
5.987633367624561886e-01 6.484899648279908169e-01
6.059901328390887576e-01 6.357170852092399738e-01
6.132389374521666214e-01 6.228581299330546717e-01
6.205008661821896920e-01 6.100611026111322222e-01
6.277670346096578813e-01 5.974740068551702699e-01
6.350285583150708790e-01 5.852448462768661264e-01
6.422765528789283751e-01 5.735216244879177694e-01
6.495021338817307255e-01 5.624523451000220664e-01
6.566964169039775090e-01 5.521850117248767731e-01
6.638505175261688596e-01 5.428676279741794231e-01
6.709555513288043560e-01 5.346481974596277720e-01
6.780026338923839102e-01 5.276747237929187984e-01
6.849828807974074341e-01 5.220952105857504799e-01
6.918874076243747284e-01 5.180576614498200172e-01
6.987073299537858162e-01 5.157100799968250548e-01
7.054337633661406093e-01 5.152004698384632375e-01
7.120578234419384644e-01 5.166768345864317658e-01
7.185706257616798487e-01 5.202871778524283952e-01
7.249632859058644518e-01 5.261795032481505485e-01
7.312269194549919638e-01 5.345018143852957593e-01
7.373526419895624073e-01 5.454021148755613391e-01
7.433315690900756945e-01 5.590284083306450436e-01
7.491548163370316260e-01 5.755286983622444064e-01
7.548134993109298918e-01 5.950509885820567391e-01
7.602987335922706258e-01 6.177432826017794643e-01
7.656016347615537398e-01 6.437535840331105597e-01
7.707133183992788128e-01 6.732298964877471148e-01
7.756249000859456455e-01 7.063202235773864412e-01
7.803274954020545939e-01 7.431725689137267388e-01
7.848122199281052369e-01 7.839349361084648748e-01
7.890701892445973753e-01 8.287553287732986051e-01
7.930925189320310320e-01 8.777817505199246861e-01
7.968703245709058969e-01 9.311622049600419837e-01
8.003947217417219928e-01 9.890446957053474764e-01
8.036568260249792317e-01 1.051577226367538698e+00
8.066477530011770813e-01 1.118907800558312848e+00
8.093586182508160087e-01 1.191184421889367906e+00
8.117805373543954817e-01 1.268555093972400849e+00
8.139046258924154120e-01 1.351167820419109544e+00
8.157219994453758227e-01 1.439170604841191414e+00
