-8.362164135566302336e-01 -5.093602591832009363e-01
-7.428217643643899581e-01 -4.298027515073886695e-01
-6.516306818057732153e-01 -3.561836377762903072e-01
-5.626491866983105439e-01 -2.883658728337146204e-01
-4.758832998595330932e-01 -2.262124115234712962e-01
-3.913390421069708469e-01 -1.695862086893688558e-01
-3.090224342581542327e-01 -1.183502191752165283e-01
-2.289394971306145110e-01 -7.236739782482379257e-02
-1.510962515418819985e-01 -3.150069948199955838e-02
-7.549871830948759466e-02 4.386921009446972941e-03
-2.152918250961693026e-03 3.543250880570653072e-02
6.893512781616500940e-02 6.177310906297018428e-02
1.377593990743619379e-01 8.354576693742880866e-02
2.043138747060984917e-01 1.008875275852730707e-01
2.685925338938437990e-01 1.139354361626938456e-01
3.305893558200673210e-01 1.228265378258821122e-01
3.902983196672385469e-01 1.276978777310286417e-01
4.477134046178266602e-01 1.286865010343243299e-01
5.028285898543012333e-01 1.259294528919600586e-01
5.556378545591315055e-01 1.195637784601265990e-01
6.061351779147868823e-01 1.097265228950148885e-01
6.543145391037366032e-01 9.655473135281575359e-02
7.001699173084502403e-01 8.018544898972004842e-02
7.436952917113970329e-01 6.075572096191846766e-02
7.848846414950464423e-01 3.840259242560226799e-02
8.237319458418675966e-01 1.326310853696189250e-02
8.602311839343300681e-01 -1.452568554781159468e-02
8.943763349549032071e-01 -4.482674467252738965e-02
9.261613780860565859e-01 -7.750302368099459827e-02
9.555802925102589995e-01 -1.124174774170222102e-01
9.826270574099802424e-01 -1.494330607244197251e-01
1.007295651967689665e+00 -1.884127284469961083e-01
1.029580055365856506e+00 -2.292194354285605473e-01
1.049474246786950005e+00 -2.717161365129220907e-01
1.066972205413439845e+00 -3.157657865438899258e-01
1.082067910427795265e+00 -3.612313403652732680e-01
1.094755341012485728e+00 -4.079757528208809436e-01
1.105028476349980249e+00 -4.558619787545225011e-01
1.112881295622748512e+00 -5.047529730100070999e-01
1.118307778013259757e+00 -5.545116904311435668e-01
1.121301902703983444e+00 -6.050010858617412834e-01
1.121076219140158869e+00 -6.564204423304409453e-01
1.111213848574055918e+00 -7.112967810849388783e-01
1.090846439450980698e+00 -7.693642267975584481e-01
1.061779466966819019e+00 -8.290984807094020637e-01
1.025818428372976321e+00 -8.889752337010253802e-01
9.847688209208571575e-01 -9.474701766529820546e-01
9.404361418618669699e-01 -1.003059000445827742e+00
8.946258884474110884e-01 -1.054217395960116654e+00
8.491435579288937330e-01 -1.099421054076403559e+00
8.057062256122793364e-01 -1.137233473058044009e+00
7.648826509307297128e-01 -1.167358485854721462e+00
7.264392462801254613e-01 -1.190296695868182208e+00
6.901259959022685297e-01 -1.206565020472985417e+00
6.556928840389610880e-01 -1.216680377043688477e+00
6.228898949320049727e-01 -1.221159682954850778e+00
5.914670128232025759e-01 -1.220519855581029933e+00
5.611742219543560672e-01 -1.215277812296784665e+00
5.317615065672678387e-01 -1.205950470476673475e+00
5.029788509037390609e-01 -1.193054747495254420e+00
4.745762392055725698e-01 -1.177107560727086222e+00
4.463036557145700356e-01 -1.158625827546726272e+00
4.179110846725339612e-01 -1.138126465328734405e+00
3.891485103212662389e-01 -1.116126391447668231e+00
3.597659169025690384e-01 -1.093142523278085809e+00
3.295132886582444187e-01 -1.069691778194546083e+00
2.981406098300945495e-01 -1.046291073571607111e+00
2.653978646599215452e-01 -1.023457326783827614e+00
2.310350373895275200e-01 -1.001707455205765651e+00
1.948021122607144495e-01 -9.815583762119798328e-01
1.564490735152846146e-01 -9.635270071770282163e-01
1.157259053950404071e-01 -9.481302654754694137e-01
7.238259214178310863e-02 -9.358850684818617038e-01
2.616911799731537133e-02 -9.273083335707633656e-01
-2.316453279656085010e-02 -9.229169781167331221e-01
-7.586837599804327481e-02 -9.232279194943289191e-01
-1.321924273653299342e-01 -9.287580750781092576e-01
-1.923867026566188632e-01 -9.400243622426328605e-01
-2.566674536144629148e-01 -9.575120835131790686e-01
-3.245067978428958777e-01 -9.810097733267850728e-01
-3.946503059911588007e-01 -1.009625665746528789e+00
-4.658133027604101639e-01 -1.042439674119730597e+00
-5.367111128518089469e-01 -1.078531711793712100e+00
-6.060590609665131856e-01 -1.116981692115793567e+00
-6.725724718056813600e-01 -1.156869528433295047e+00
-7.349666700704732270e-01 -1.197275134093537918e+00
-7.919569804620466558e-01 -1.237278422443843118e+00
-8.422587276815602930e-01 -1.275959306831531359e+00
-8.845872364301727853e-01 -1.312397700603922912e+00
-9.176578314090426680e-01 -1.345673517108338491e+00
-9.401858373193285878e-01 -1.374866669692098808e+00
-9.508865788621890802e-01 -1.399057071702525024e+00
-9.484753807387826807e-01 -1.417324636486937184e+00
-9.316676554262679488e-01 -1.428749320993501160e+00
-9.015782100139314581e-01 -1.433602929951805161e+00
-8.674642919982465950e-01 -1.436213749516713545e+00
-8.339645619755926553e-01 -1.438767142835014168e+00
-8.011949822091350981e-01 -1.441306023372317835e+00
-7.691823336695942093e-01 -1.443831058479750018e+00
-7.379533973276903858e-01 -1.446342915508434190e+00
-7.075349541541441356e-01 -1.448842261809497156e+00
-6.779537851196757448e-01 -1.451329764734063721e+00
-6.492366711950053881e-01 -1.453806091633258246e+00
-6.214103933508534627e-01 -1.456271909858205538e+00
-5.945017325579406986e-01 -1.458727886760032177e+00
-5.685374697869869376e-01 -1.461174689689862305e+00
-5.435443860087125767e-01 -1.463612985998820948e+00
-5.195492621938381239e-01 -1.466043443038033578e+00
-4.965788793130837542e-01 -1.468466728158624335e+00
-4.746600183371700310e-01 -1.470883508711719578e+00
-4.538194602368169628e-01 -1.473294452048443670e+00
-4.340839859827450575e-01 -1.475700225519921638e+00
-4.154803765456747677e-01 -1.478101496477279175e+00
-3.980354128963262683e-01 -1.480498932271640422e+00
-3.817758743502640550e-01 -1.482893205781390389e+00
-3.667252528499532205e-01 -1.485295967802709560e+00
-3.528968736766527337e-01 -1.487752819878344068e+00
-3.403021027798732723e-01 -1.490315906581661798e+00
-3.289523061091263467e-01 -1.493037372486032632e+00
-3.188588496139233008e-01 -1.495969362164825345e+00
-3.100330992437750344e-01 -1.499164020191408708e+00
-3.024864209481931132e-01 -1.502673491139151718e+00
-2.962301806766886592e-01 -1.506549919581424035e+00
-2.912757443787727940e-01 -1.510845450091593101e+00
-2.876344780039566951e-01 -1.515612227243029242e+00
-2.853177475017517062e-01 -1.520902395609100788e+00
-2.843369188216690047e-01 -1.526768099763176734e+00
-2.847033579132197678e-01 -1.533261484278626519e+00
-2.864284307259153395e-01 -1.540434693728818694e+00
-2.895235032092667304e-01 -1.548339872687121810e+00
-2.939999413127852845e-01 -1.557029165726905306e+00
-2.998691109859821791e-01 -1.566554717421538179e+00
-3.071423781783687579e-01 -1.576968672344389644e+00
-3.158311088394559762e-01 -1.588323175068827808e+00
-3.259466689187552335e-01 -1.600670370168221890e+00
-3.375004243657777625e-01 -1.614062402215941772e+00
-3.505037411300346850e-01 -1.628551415785355339e+00
-3.649679851610373449e-01 -1.644189555449832030e+00
-3.809045224082967529e-01 -1.661028965782740618e+00
-3.983247188213241974e-01 -1.679121791357449656e+00
-4.172399403496310777e-01 -1.698520176747329025e+00
-4.376615529427278495e-01 -1.719276266525746610e+00
-4.596009225501269668e-01 -1.741442205266072740e+00
-4.830694151213388299e-01 -1.765070137541675077e+00
-5.080783966058749490e-01 -1.790212207925923504e+00
-5.346392329532464460e-01 -1.816920560992186351e+00
-5.585690922370605271e-01 -1.843129173412874966e+00
-5.663645377058793562e-01 -1.861999934507955423e+00
-5.590489994509553195e-01 -1.873954420123795428e+00
-5.389560980540984980e-01 -1.880072732955828885e+00
-5.084194540971190834e-01 -1.881434975699489698e+00
-4.697726881618278227e-01 -1.879121251050213104e+00
-4.253494208300348522e-01 -1.874211661703431675e+00
-3.774832726835506969e-01 -1.867786310354580870e+00
-3.285078643041854929e-01 -1.860925299699094149e+00
-2.807568162737498763e-01 -1.854708732432405638e+00
-2.365637491740539833e-01 -1.850216711249949464e+00
-1.982622835869085609e-01 -1.848529338847160419e+00
-1.681838879625965899e-01 -1.850725637134968071e+00
-1.477338778084070769e-01 -1.857419520879892039e+00
-1.359511407878627731e-01 -1.868036502322504511e+00
-1.315020234981124081e-01 -1.881815006340681329e+00
-1.330528725363047671e-01 -1.897993457812300555e+00
-1.392700344995887740e-01 -1.915810281615238253e+00
-1.488198559851131864e-01 -1.934503902627371152e+00
-1.603686835900267338e-01 -1.953312745726575761e+00
-1.725828639114783125e-01 -1.971475235790729919e+00
-1.841287435466164579e-01 -1.988229797697709245e+00
-1.936726690925905103e-01 -2.002814856325391801e+00
-1.998809871465490051e-01 -2.014468836551653208e+00
-2.014200443056407275e-01 -2.022430163254370861e+00
-1.969731191587855978e-01 -2.025947205278081586e+00
-1.861553075300300397e-01 -2.024815577157314195e+00
-1.699796331836573304e-01 -2.019651880645305209e+00
-1.495741087609411268e-01 -2.011140249158108517e+00
-1.260667469031551136e-01 -1.999964816111778898e+00
-1.005855602515728781e-01 -1.986809714922371795e+00
-7.425856144746817433e-02 -1.972359079005940430e+00
-4.821376313211456210e-02 -1.957297041778540247e+00
-2.357917794678571211e-02 -1.942307736656224915e+00
-1.480377895523483445e-03 -1.928073914239595066e+00
1.738462428190093098e-02 -1.915036078739334124e+00
3.323100601684629563e-02 -1.903117339373789463e+00
4.639142678851902735e-02 -1.892174242420566088e+00
5.719854607612567116e-02 -1.882063334157269230e+00
6.598502335887265757e-02 -1.872641160861502785e+00
7.308351811596644487e-02 -1.863764268810872649e+00
7.882668982661363011e-02 -1.855289204282984494e+00
8.354719797002062298e-02 -1.847072513555442663e+00
8.757770202539388871e-02 -1.838970742905852385e+00
9.125086147193997577e-02 -1.830840438611819554e+00
9.489933578886534937e-02 -1.822538146950948290e+00
9.885578445537640535e-02 -1.813920414200844933e+00
1.034528669506797338e-01 -1.804843786639112491e+00
1.090232427539818416e-01 -1.795164810543357969e+00
1.158995713444891523e-01 -1.784740032191186154e+00
1.244145122014081589e-01 -1.773425997860201608e+00
1.349007248039453544e-01 -1.761079253828009339e+00
1.476908686313072316e-01 -1.747556346372215241e+00
1.631176031627002421e-01 -1.732713821770423879e+00
1.815135878773309341e-01 -1.716408226300240702e+00
