-2.739848549302026370e+00 1.426272947979425609e-01
-2.559607133240274557e+00 1.566507253950006617e-01
-2.383393197691244580e+00 1.688171578274444140e-01
-2.211266261868939154e+00 1.791825815139571620e-01
-2.043285844987364541e+00 1.878029858732221946e-01
-1.879511466260524344e+00 1.947343603239226617e-01
-1.720002644902425049e+00 2.000326942847420186e-01
-1.564818900127070478e+00 2.037539771743634431e-01
-1.414019751148466231e+00 2.059541984114703073e-01
-1.267664717180618128e+00 2.066893474147458443e-01
-1.125813317437529992e+00 2.060154136028733429e-01
-9.885250711332069784e-01 2.039883863945361475e-01
-8.558594974816544632e-01 2.006642552084174358e-01
-7.278761156968778234e-01 1.960990094632006631e-01
-6.046344449928812148e-01 1.903486385775689793e-01
-4.861940045836707358e-01 1.834691319702057288e-01
-3.726143136832503755e-01 1.755164790597942004e-01
-2.639548915056260658e-01 1.665466692650177660e-01
-1.602752572648026286e-01 1.566156920045596035e-01
-6.163493017478462871e-02 1.457795366971030293e-01
3.190657055042293855e-02 1.340941927613313045e-01
1.202897256968142314e-01 1.216156496159277872e-01
2.034550160503851013e-01 1.083998966795756275e-01
2.813429223971301019e-01 9.450292337095837769e-02
3.538939255230437175e-01 7.998071910875910462e-02
4.210485062141218204e-01 6.488927331166115253e-02
4.827471452563589227e-01 4.928457539834779633e-02
5.389303234357503136e-01 3.322261478750238722e-02
5.895385215382903388e-01 1.675938089780816195e-02
6.345122203499743430e-01 -4.913685205148877723e-05
6.737919006567972824e-01 -1.714694904339340159e-02
7.073180432447542243e-01 -3.447806625753427334e-02
7.350311288998400139e-01 -5.198649907579078883e-02
7.568716384080497184e-01 -6.961625807947964539e-02
7.727800525553780719e-01 -8.731135384991756121e-02
7.826968521278199198e-01 -1.050157969684212267e-01
7.865625179113708842e-01 -1.226735980163072975e-01
7.843175306920252554e-01 -1.402287675748925821e-01
7.759023712557784336e-01 -1.576253162254938056e-01
7.612575203886250419e-01 -1.748072545494276375e-01
7.403234588765605917e-01 -1.917185931280108169e-01
7.130406675055793730e-01 -2.083033425425599994e-01
6.793496270616768973e-01 -2.245055133743917852e-01
6.391908183308477875e-01 -2.402691162048231910e-01
5.925047220990868890e-01 -2.555381616151706226e-01
5.392515775739450401e-01 -2.702561490993319882e-01
4.808143291433702449e-01 -2.843297773006581153e-01
4.209295373077399094e-01 -2.976048643118479053e-01
3.635524257058851960e-01 -3.099216182006186981e-01
3.116065576447065166e-01 -3.211685690952837402e-01
2.653419204639834716e-01 -3.313594750658458432e-01
2.245810793645444114e-01 -3.405281142585470655e-01
1.891465995472179640e-01 -3.487082648196294654e-01
1.588610462128328127e-01 -3.559337048953354343e-01
1.335469845622173912e-01 -3.622382126319068085e-01
1.130269797962003969e-01 -3.676555661755858684e-01
9.712359711561019404e-02 -3.722195436726147277e-01
8.565940172127556318e-02 -3.759639232692356114e-01
7.845695881402496574e-02 -3.789224831116905778e-01
7.533883359468702967e-02 -3.811290013462216852e-01
7.612759126409016086e-02 -3.826172561190711585e-01
8.064579702306307052e-02 -3.834210255764812225e-01
8.871601607243440046e-02 -3.835740878646938246e-01
1.001608136130325566e-01 -3.831102211299513560e-01
1.148027548456861668e-01 -3.820632035184956532e-01
1.324644049712238314e-01 -3.804668131765690520e-01
1.529683291904740949e-01 -3.783548282504136107e-01
1.761370927042655021e-01 -3.757610268862714986e-01
2.017932607134266254e-01 -3.727191872303848297e-01
2.297593984187862037e-01 -3.692630874289957177e-01
2.598580710211725875e-01 -3.654265056283464985e-01
2.919118437214140438e-01 -3.612432199746791750e-01
3.257432817203396724e-01 -3.567470086142355279e-01
3.611749502187781569e-01 -3.519716496932583372e-01
3.980294144175577364e-01 -3.469509213579892726e-01
4.361292395175069281e-01 -3.417186017546706700e-01
4.752969907194543597e-01 -3.363084690295445878e-01
5.153552332242288259e-01 -3.307543013288533063e-01
5.561265322326586213e-01 -3.250898767988387728e-01
5.974334529455724851e-01 -3.193489735857431566e-01
6.390985605637987677e-01 -3.135653698358086827e-01
6.809444202881662633e-01 -3.077728436952774094e-01
7.227935973195034336e-01 -3.020051733103915614e-01
7.644686568586389619e-01 -2.962961368273932528e-01
8.057921641064007545e-01 -2.906795123925245972e-01
8.465866842636184941e-01 -2.851890781520277085e-01
8.866681148841810689e-01 -2.798633570681049454e-01
9.256729174954143602e-01 -2.748685619657317281e-01
9.630423085207325817e-01 -2.705098455528210377e-01
9.982076678528418734e-01 -2.670993603872070521e-01
1.030600375384448153e+00 -2.649492590267237269e-01
1.059651811008256672e+00 -2.643716940292050177e-01
1.084793354616973460e+00 -2.656788179524849358e-01
1.105456386103303990e+00 -2.691827833543976034e-01
1.121072285359954845e+00 -2.751957427927769761e-01
1.131087963610059255e+00 -2.840215218380164330e-01
1.135365459811674471e+00 -2.957413789436107443e-01
1.134216912522006293e+00 -3.101952555859606164e-01
1.127977000348632242e+00 -3.272110085899152532e-01
1.116980401899128728e+00 -3.466164947803236918e-01
1.101561795781073272e+00 -3.682395709820352470e-01
1.082055860602042507e+00 -3.919080940198991225e-01
1.058797274969613733e+00 -4.174499207187643002e-01
1.032120717491364248e+00 -4.446929079034802612e-01
1.002360866774870907e+00 -4.734649123988959873e-01
9.698524014277103422e-01 -5.035937910298605713e-01
9.349300000574602976e-01 -5.349074006212233279e-01
8.979283412716975166e-01 -5.672335979978335718e-01
8.591821036779989651e-01 -6.004002399845403959e-01
8.190259658839417201e-01 -6.342351834061928928e-01
7.777946064971029694e-01 -6.685662850876402663e-01
7.358227041250597900e-01 -7.032214018537317202e-01
6.934449373753892587e-01 -7.380283905293165692e-01
6.509959848556678974e-01 -7.728151079392436840e-01
6.088105251734734491e-01 -8.074094109083626014e-01
5.672232369363825466e-01 -8.416391562615221922e-01
5.265687987519737101e-01 -8.753322008235713270e-01
4.871818892278212410e-01 -9.083164014193599867e-01
4.493971869715039369e-01 -9.404196148737373750e-01
4.135493705905984863e-01 -9.714696980115524738e-01
3.799731186926821325e-01 -1.001294507657654265e+00
3.490031098853316749e-01 -1.029721900636891618e+00
3.209740227761243569e-01 -1.056579733774114294e+00
2.962205359726370335e-01 -1.081695863894171161e+00
2.750773280824470590e-01 -1.104898147821911980e+00
2.578790777131312884e-01 -1.126014442382185177e+00
2.449604634722669094e-01 -1.144872604399840066e+00
2.366561639674307493e-01 -1.161300490699725962e+00
2.333008578062001070e-01 -1.175125958106692625e+00
2.352292235961518929e-01 -1.186176863445588259e+00
2.427759399448631839e-01 -1.194281063541262622e+00
2.562756854599110845e-01 -1.199266415218564807e+00
2.760631387488726163e-01 -1.200960775302343686e+00
3.024729784193249116e-01 -1.199192000617449017e+00
3.356152100403115290e-01 -1.193893430807769551e+00
3.716556036172186106e-01 -1.186850203529664638e+00
4.033951227617514346e-01 -1.181427215480656878e+00
4.235268617208211572e-01 -1.181040007462078156e+00
4.247439147413385463e-01 -1.189104120275259913e+00
3.997393760702147580e-01 -1.209035094721534032e+00
3.412063399543606157e-01 -1.244248471602231509e+00
2.522556432459605591e-01 -1.294844474143849844e+00
1.863673404437931891e-01 -1.344829469089373175e+00
1.735909297504928395e-01 -1.384350448015536417e+00
2.067832416185709787e-01 -1.414161289536338684e+00
2.773750683324414101e-01 -1.435422567868285260e+00
3.767972021765181867e-01 -1.449294857227880096e+00
4.964804354352153060e-01 -1.456938731831628475e+00
6.278555603929465434e-01 -1.459514765896034572e+00
7.623533693341257855e-01 -1.458183533637603668e+00
8.914046545431673074e-01 -1.454105609272840605e+00
1.006440208304484552e+00 -1.448441567018249332e+00
1.098890822902491848e+00 -1.442351981090334911e+00
1.160191343353543125e+00 -1.436997051947268123e+00
1.185521896673017661e+00 -1.433191575914485538e+00
1.180738635484980037e+00 -1.430765765681968116e+00
1.153587469240265229e+00 -1.429375553386722730e+00
1.111814307389709322e+00 -1.428676871165758477e+00
1.063165059384146849e+00 -1.428325651156082898e+00
1.015344326749217263e+00 -1.427979547183974462e+00
9.731865497014313693e-01 -1.427415839658441987e+00
9.368362655078451562e-01 -1.426607281299194341e+00
9.060050148259005676e-01 -1.425544671862035040e+00
8.804043383130408795e-01 -1.424218811102768933e+00
8.597457766267077028e-01 -1.422620498777197540e+00
8.437408704243438695e-01 -1.420740534641126152e+00
8.321011603633913234e-01 -1.418569718450356509e+00
8.245381871012932296e-01 -1.416098849960693684e+00
8.207634912954908657e-01 -1.413318728927940082e+00
8.204886136034272859e-01 -1.410220155107899886e+00
8.234250946825447670e-01 -1.406793928256376169e+00
8.292844751902856970e-01 -1.403030848129172226e+00
8.377782957840924638e-01 -1.398921714482092238e+00
8.486180971214072333e-01 -1.394457327070939057e+00
8.615154198596728374e-01 -1.389628485651516865e+00
8.761818046563312201e-01 -1.384425989979628291e+00
8.923287921688249913e-01 -1.378840639811077073e+00
9.096679230545965389e-01 -1.372863234901667395e+00
9.279107379710880288e-01 -1.366484575007201885e+00
9.467687775757421820e-01 -1.359695459883484059e+00
9.659535825260010533e-01 -1.352486689286318322e+00
9.851766934793070307e-01 -1.344849062971506859e+00
1.004149651093102724e+00 -1.336773380694854074e+00
1.022583996024830189e+00 -1.328250442212163263e+00
1.040191268931932367e+00 -1.319271047279238163e+00
1.056683010471850981e+00 -1.309825995651881403e+00
1.071770761302028641e+00 -1.299906087085897166e+00
1.085166062079907956e+00 -1.289502121337088969e+00
1.096580453462931315e+00 -1.278604898161260106e+00
1.105725476108540439e+00 -1.267205217314213872e+00
1.112312670674178383e+00 -1.255293878551754005e+00
1.116053577817287534e+00 -1.242861681629684023e+00
1.116659738195310059e+00 -1.229899426303807886e+00
1.113842692465688122e+00 -1.216397912329927777e+00
1.107313981285864335e+00 -1.202347939463848325e+00
1.096785145313281529e+00 -1.187740307461372602e+00
1.081967725205380981e+00 -1.172565816078303902e+00
1.062573261619605969e+00 -1.156815265070446186e+00
1.038313295213398657e+00 -1.140479454193602527e+00
1.008899366644201434e+00 -1.123549183203576662e+00
9.740430165694563547e-01 -1.106015251856171888e+00
