0.000000000000000000e+00 1.176405234596766469e+01
5.000000000000000104e-03 1.070677921300520552e+01
1.000000000000000021e-02 1.160573054521094782e+01
1.499999999999999944e-02 1.320280057108416827e+01
2.000000000000000042e-02 1.317977518472010523e+01
2.500000000000000139e-02 1.070155423691191388e+01
2.999999999999999889e-02 1.301281459364139259e+01
3.500000000000000333e-02 1.231358514134393367e+01
4.000000000000000083e-02 1.278337908635077191e+01
4.499999999999999833e-02 1.373948887181508027e+01
5.000000000000000278e-02 1.393714701943674150e+01
5.500000000000000028e-02 1.573488757336783195e+01
5.999999999999999778e-02 1.555393713343101858e+01
6.500000000000000222e-02 1.545321966961663307e+01
7.000000000000000666e-02 1.634211442511426782e+01
7.499999999999999722e-02 1.682851968819901245e+01
8.000000000000000167e-02 1.861736674439048755e+01
8.500000000000000611e-02 1.758052426180112349e+01
8.999999999999999667e-02 1.879735605654924058e+01
9.500000000000000111e-02 1.836743237218313851e+01
1.000000000000000056e-01 1.744701018416592220e+01
1.049999999999999961e-01 2.147610688279069535e+01
1.100000000000000006e-01 2.255641016849073921e+01
1.150000000000000050e-01 2.186947997676710287e+01
1.199999999999999956e-01 2.585466028436496799e+01
1.250000000000000000e-01 2.316101894078585488e+01
1.300000000000000044e-01 2.575269939133744046e+01
1.350000000000000089e-01 2.667648304050473129e+01
1.400000000000000133e-01 2.962266685480789974e+01
1.449999999999999900e-01 3.085951306821035089e+01
1.499999999999999944e-01 3.092417819492768416e+01
1.549999999999999989e-01 3.261023343015817488e+01
1.600000000000000033e-01 3.289599803615367790e+01
1.650000000000000078e-01 3.344878723416757538e+01
1.700000000000000122e-01 3.682680904026493351e+01
1.750000000000000167e-01 3.918073921300642581e+01
1.799999999999999933e-01 4.221389723810477079e+01
1.849999999999999978e-01 4.425943044081886057e+01
1.900000000000000022e-01 4.486154196087259294e+01
1.950000000000000067e-01 4.726012293313454649e+01
2.000000000000000111e-01 4.895144703493291161e+01
2.050000000000000155e-01 5.114239993404311946e+01
2.099999999999999922e-01 5.354234859390538048e+01
2.149999999999999967e-01 6.000592779000682953e+01
2.200000000000000011e-01 6.046595757434591434e+01
2.250000000000000056e-01 6.356192569838882633e+01
2.300000000000000100e-01 6.586129859968163203e+01
2.350000000000000144e-01 7.107626012736092491e+01
2.399999999999999911e-01 7.191551391714793340e+01
2.449999999999999956e-01 7.656269158159025778e+01
2.500000000000000000e-01 7.910453343880632815e+01
2.550000000000000044e-01 8.354698565794242882e+01
2.600000000000000089e-01 8.569609141415527631e+01
2.650000000000000133e-01 8.790622750407358410e+01
2.700000000000000178e-01 9.171493703771641037e+01
2.750000000000000222e-01 9.454597892935395009e+01
2.800000000000000266e-01 9.622036337622932933e+01
2.850000000000000311e-01 9.810198290018476541e+01
2.899999999999999800e-01 9.837557889641804820e+01
2.949999999999999845e-01 9.938788227540936759e+01
2.999999999999999889e-01 9.932753955222405295e+01
3.049999999999999933e-01 9.939107027985595266e+01
3.099999999999999978e-01 9.819675470805455575e+01
3.150000000000000022e-01 9.607322840011329390e+01
3.200000000000000067e-01 9.633127229609989683e+01
3.250000000000000111e-01 9.371586612261525318e+01
3.300000000000000155e-01 9.011292091908899238e+01
3.350000000000000200e-01 8.954964194372175257e+01
3.400000000000000244e-01 8.529959818734087662e+01
3.450000000000000289e-01 8.321202855587927161e+01
3.500000000000000333e-01 8.072909056217750390e+01
3.549999999999999822e-01 7.690441477256163694e+01
3.599999999999999867e-01 7.466881244924918803e+01
3.649999999999999911e-01 6.906394395117534657e+01
3.699999999999999956e-01 6.751643560090909091e+01
3.750000000000000000e-01 6.331518990905968991e+01
3.800000000000000044e-01 6.010481260691565808e+01
3.850000000000000089e-01 5.747630273001060885e+01
3.900000000000000133e-01 5.493706625240299957e+01
3.950000000000000178e-01 5.261858321345180656e+01
4.000000000000000222e-01 4.883485015921662153e+01
4.050000000000000266e-01 4.846325217066403468e+01
4.100000000000000311e-01 4.571453121801098263e+01
4.150000000000000355e-01 4.152080690575720467e+01
4.199999999999999845e-01 4.247185875117265397e+01
4.249999999999999889e-01 4.092027941993302420e+01
4.299999999999999933e-01 3.835350076075072678e+01
4.349999999999999978e-01 3.524965886657914638e+01
4.400000000000000022e-01 3.271303116227323926e+01
4.450000000000000067e-01 3.328652263748713125e+01
4.500000000000000111e-01 3.036605382225758376e+01
4.550000000000000155e-01 3.061259936869248932e+01
4.600000000000000200e-01 2.829816261852628756e+01
4.650000000000000244e-01 2.784030592701425988e+01
4.700000000000000289e-01 2.606330727121038393e+01
4.750000000000000333e-01 2.532195778357655414e+01
4.799999999999999822e-01 2.359540568109817826e+01
4.849999999999999867e-01 2.439751549107938189e+01
4.899999999999999911e-01 2.181888606233485461e+01
4.949999999999999956e-01 2.122447765079503768e+01
5.000000000000000000e-01 2.188315069705625149e+01
5.050000000000000044e-01 1.787376905034241403e+01
5.100000000000000089e-01 1.721380335641259762e+01
5.150000000000000133e-01 1.875507923372492769e+01
5.200000000000000178e-01 1.595016426611871374e+01
5.250000000000000222e-01 1.843846654647402872e+01
5.300000000000000266e-01 1.548463221160908887e+01
5.350000000000000311e-01 1.458408984168304023e+01
5.400000000000000355e-01 1.671584143476440332e+01
5.450000000000000400e-01 1.576112885783927631e+01
5.500000000000000444e-01 1.566066240870242687e+01
5.550000000000000488e-01 1.423493502815208878e+01
5.600000000000000533e-01 1.202537225308962299e+01
5.650000000000000577e-01 1.437500730274066285e+01
5.700000000000000622e-01 1.179472280516441707e+01
5.750000000000000666e-01 1.248128851258471173e+01
5.799999999999999600e-01 1.225946916234388695e+01
5.849999999999999645e-01 1.080689727879187600e+01
5.899999999999999689e-01 1.124107193145128747e+01
5.949999999999999734e-01 5.640070875201033829e+01
5.999999999999999778e-01 5.751928267401275718e+01
6.049999999999999822e-01 5.763775045758026749e+01
6.099999999999999867e-01 6.053920202962773089e+01
6.149999999999999911e-01 6.295966786895203882e+01
6.199999999999999956e-01 6.219851390127492152e+01
6.250000000000000000e-01 6.385036545967233224e+01
6.300000000000000044e-01 6.449991138334328866e+01
6.350000000000000089e-01 6.753070872026916049e+01
6.400000000000000133e-01 6.689746031992635267e+01
6.450000000000000178e-01 6.696320226885342208e+01
6.500000000000000222e-01 6.589675059222135189e+01
6.550000000000000266e-01 6.709498962390412657e+01
6.600000000000000311e-01 6.555083290225654480e+01
6.650000000000000355e-01 6.571327555006416787e+01
6.700000000000000400e-01 6.429921885668605341e+01
6.750000000000000444e-01 6.467643329494650573e+01
6.800000000000000488e-01 6.346967257762122472e+01
6.850000000000000533e-01 6.142498321668701777e+01
6.900000000000000577e-01 6.063697056808332064e+01
6.950000000000000622e-01 5.764408973943395154e+01
7.000000000000000666e-01 5.565159955015151638e+01
7.049999999999999600e-01 5.591789378170839342e+01
7.099999999999999645e-01 5.393011435558760525e+01
7.149999999999999689e-01 5.265063611829654633e+01
7.199999999999999734e-01 5.263440105627099541e+01
7.249999999999999778e-01 4.942932797183891580e+01
7.299999999999999822e-01 4.581614973717267958e+01
7.349999999999999867e-01 4.611139199113298304e+01
7.399999999999999911e-01 4.197413587953177938e+01
7.449999999999999956e-01 4.116172444825502197e+01
7.500000000000000000e-01 3.993175839467537713e+01
7.550000000000000044e-01 4.013793446036215329e+01
7.600000000000000089e-01 3.615561418164159591e+01
7.650000000000000133e-01 3.460314516373249205e+01
7.700000000000000178e-01 3.391515291775144192e+01
7.750000000000000222e-01 3.198958293812768972e+01
7.800000000000000266e-01 3.247459830455164820e+01
7.850000000000000311e-01 2.901788639983822904e+01
7.900000000000000355e-01 2.775426545163513481e+01
7.950000000000000400e-01 2.732068099619935353e+01
8.000000000000000444e-01 2.616863421597436101e+01
8.050000000000000488e-01 2.755413166944798675e+01
8.100000000000000533e-01 2.557996267884693609e+01
8.150000000000000577e-01 2.377020369846037795e+01
8.200000000000000622e-01 2.155360776135206180e+01
8.250000000000000666e-01 2.276217119557962576e+01
8.300000000000000711e-01 2.009683106611253933e+01
8.349999999999999645e-01 1.877010955329857822e+01
8.399999999999999689e-01 2.075750141661845660e+01
8.449999999999999734e-01 1.917597137194371726e+01
8.499999999999999778e-01 1.910267700559900561e+01
8.549999999999999822e-01 1.785489600015915812e+01
8.599999999999999867e-01 1.777730438516834610e+01
8.649999999999999911e-01 1.568217163005632742e+01
8.699999999999999956e-01 1.473862782067610588e+01
8.750000000000000000e-01 1.591968975637686867e+01
8.800000000000000044e-01 1.392413083656253825e+01
8.850000000000000089e-01 1.355039326247763931e+01
8.900000000000000133e-01 1.331857217967824880e+01
8.950000000000000178e-01 1.334636952890176431e+01
9.000000000000000222e-01 1.254923189519812965e+01
9.050000000000000266e-01 1.112114367690375616e+01
9.100000000000000311e-01 1.146291912743345165e+01
9.150000000000000355e-01 9.510243078341721557e+00
9.200000000000000400e-01 1.200179572861535604e+01
9.250000000000000444e-01 9.432425103013940770e+00
9.300000000000000488e-01 9.602254776203240638e+00
9.350000000000000533e-01 1.044447477008976044e+01
9.400000000000000577e-01 9.351254359814536343e+00
9.450000000000000622e-01 1.134453383088823486e+01
9.500000000000000666e-01 8.230952614086072927e+00
9.550000000000000711e-01 9.524167277588013292e+00
9.599999999999999645e-01 8.961617271781507910e+00
9.649999999999999689e-01 7.586557410553836256e+00
9.699999999999999734e-01 9.041164224415911832e+00
9.749999999999999778e-01 8.118609109192261641e+00
9.799999999999999822e-01 8.842815571391232865e+00
9.849999999999999867e-01 8.683594545003229470e+00
9.899999999999999911e-01 9.820203790015758827e+00
9.949999999999999956e-01 8.797822484038146484e+00
1.000000000000000000e+00 6.903545434784829737e+00
