0.000000000000000000e+00 -9.062637243971053413e-01
5.000000000000000104e-03 -8.874408752875401207e-01
1.000000000000000021e-02 -9.849660566545801466e-01
1.499999999999999944e-02 -8.909991035247217805e-01
2.000000000000000042e-02 -9.647435648869395752e-01
2.500000000000000139e-02 -1.041374721794141811e+00
2.999999999999999889e-02 -9.914386002989064028e-01
3.500000000000000333e-02 -9.225567726408715474e-01
4.000000000000000083e-02 -9.440479941958502819e-01
4.499999999999999833e-02 -1.037957726857185126e+00
5.000000000000000278e-02 -9.367274495365822684e-01
5.500000000000000028e-02 -9.834758225084612171e-01
5.999999999999999778e-02 -9.566499733483971868e-01
6.500000000000000222e-02 -9.657839901132133642e-01
7.000000000000000666e-02 -1.058298741659849940e+00
7.499999999999999722e-02 -9.706049812675167088e-01
8.000000000000000167e-02 -1.030456439183920159e+00
8.500000000000000611e-02 -9.032052301755930657e-01
8.999999999999999667e-02 -9.542058847943022393e-01
9.500000000000000111e-02 -9.960216094367140283e-01
1.000000000000000056e-01 -1.058553102246617028e+00
1.049999999999999961e-01 -9.966916821668305726e-01
1.100000000000000006e-01 -9.903481441256085649e-01
1.150000000000000050e-01 -1.072062720153214244e+00
1.199999999999999956e-01 -8.653085309609128695e-01
1.250000000000000000e-01 -9.738372737211909991e-01
1.300000000000000044e-01 -8.943393816233508042e-01
1.350000000000000089e-01 -1.060637092642871204e+00
1.400000000000000133e-01 -8.933134956835947493e-01
1.449999999999999900e-01 -1.070309698361909367e+00
1.499999999999999944e-01 -1.024523279988248214e+00
1.549999999999999989e-01 -9.493064518681598729e-01
1.600000000000000033e-01 -9.749842276038748201e-01
1.650000000000000078e-01 -1.114968959676012839e+00
1.700000000000000122e-01 -1.035050142747429236e+00
1.750000000000000167e-01 -9.132880041819849692e-01
1.799999999999999933e-01 -8.327436081922378053e-01
1.849999999999999978e-01 -8.971998841224747556e-01
1.900000000000000022e-01 -9.623562007054412559e-01
1.950000000000000067e-01 -8.913086423955717263e-01
2.000000000000000111e-01 -1.000667000277999819e+00
2.050000000000000155e-01 -8.940108254298072543e-01
2.099999999999999922e-01 -9.976507264772549455e-01
2.149999999999999967e-01 -9.091951021536777144e-01
2.200000000000000011e-01 -9.079427204917945859e-01
2.250000000000000056e-01 -8.430821632436735769e-01
2.300000000000000100e-01 -9.001356449126546311e-01
2.350000000000000144e-01 -8.002353269562595406e-01
2.399999999999999911e-01 -8.742089439520224214e-01
2.449999999999999956e-01 -8.019162998214702798e-01
2.500000000000000000e-01 -7.942748478424598302e-01
2.550000000000000044e-01 -9.409499224992697863e-01
2.600000000000000089e-01 -8.169387191083974376e-01
2.650000000000000133e-01 -8.054024173140144072e-01
2.700000000000000178e-01 -8.423260154910138242e-01
2.750000000000000222e-01 -7.725622667101185170e-01
2.800000000000000266e-01 -8.580709383679606672e-01
2.850000000000000311e-01 -7.244714490559726050e-01
2.899999999999999800e-01 -7.140563874165680724e-01
2.949999999999999845e-01 -7.131190936791054202e-01
2.999999999999999889e-01 -5.687610320381681905e-01
3.049999999999999933e-01 -6.821387917326818817e-01
3.099999999999999978e-01 -6.848731254323505713e-01
3.150000000000000022e-01 -7.182236469108762567e-01
3.200000000000000067e-01 -6.415558470793564227e-01
3.250000000000000111e-01 -7.019234694539425723e-01
3.300000000000000155e-01 -5.524820168259890751e-01
3.350000000000000200e-01 -6.519713004790581579e-01
3.400000000000000244e-01 -5.876780557552219175e-01
3.450000000000000289e-01 -4.616105574326986316e-01
3.500000000000000333e-01 -4.947504207486941863e-01
3.549999999999999822e-01 -5.333815082583933664e-01
3.599999999999999867e-01 -4.482268622715814277e-01
3.649999999999999911e-01 -5.170919568504871444e-01
3.699999999999999956e-01 -4.485662640139904123e-01
3.750000000000000000e-01 -4.771739721494276942e-01
3.800000000000000044e-01 -5.141139351953960546e-01
3.850000000000000089e-01 -4.146313388372959707e-01
3.900000000000000133e-01 -3.638535994205279178e-01
3.950000000000000178e-01 -4.184631917611383867e-01
4.000000000000000222e-01 -4.387861612235993691e-01
4.050000000000000266e-01 -3.763297561365531729e-01
4.100000000000000311e-01 -4.540881944183509100e-01
4.150000000000000355e-01 -3.075894596343717868e-01
4.199999999999999845e-01 -2.864271553780178281e-01
4.249999999999999889e-01 -3.976487718630451751e-02
4.299999999999999933e-01 -1.198909373681923407e-01
4.349999999999999978e-01 -8.645938485364727810e-02
4.400000000000000022e-01 1.698265474991220436e-01
4.450000000000000067e-01 2.394609779993699950e-01
4.500000000000000111e-01 4.066352734307066008e-01
4.550000000000000155e-01 5.889404581444407372e-01
4.600000000000000200e-01 7.811206448775253053e-01
4.650000000000000244e-01 9.488642877614243965e-01
4.700000000000000289e-01 1.235988461916432080e+00
4.750000000000000333e-01 1.413197884467236154e+00
4.799999999999999822e-01 1.540949931818004215e+00
4.849999999999999867e-01 1.725003309804303608e+00
4.899999999999999911e-01 1.809616124003756266e+00
4.949999999999999956e-01 1.972996639555615106e+00
5.000000000000000000e-01 2.044294826677852672e+00
5.050000000000000044e-01 2.035187286278519192e+00
5.100000000000000089e-01 1.983141346116077397e+00
5.150000000000000133e-01 1.847625083659858447e+00
5.200000000000000178e-01 1.825260885776968323e+00
5.250000000000000222e-01 1.569038957379090826e+00
5.300000000000000266e-01 1.419934985563539698e+00
5.350000000000000311e-01 1.230246421662154477e+00
5.400000000000000355e-01 1.092074075054538795e+00
5.450000000000000400e-01 9.212493821555538531e-01
5.500000000000000444e-01 9.229885141528512138e-01
5.550000000000000488e-01 7.119836585551972963e-01
5.600000000000000533e-01 4.920034002859030586e-01
5.650000000000000577e-01 4.942442792123917239e-01
5.700000000000000622e-01 3.817392257546591283e-01
5.750000000000000666e-01 4.827251718869314256e-01
5.799999999999999600e-01 4.896989652148089900e-01
5.849999999999999645e-01 3.687831715720070180e-01
5.899999999999999689e-01 4.300587462578087106e-01
5.949999999999999734e-01 3.845935530607120789e-01
5.999999999999999778e-01 4.303613263503910380e-01
6.049999999999999822e-01 5.217677369989648373e-01
6.099999999999999867e-01 4.109794494687922239e-01
6.149999999999999911e-01 3.734603858667169818e-01
6.199999999999999956e-01 5.068671674290402551e-01
6.250000000000000000e-01 5.115252852913479975e-01
6.300000000000000044e-01 5.379080642059572703e-01
6.350000000000000089e-01 5.760408469152603628e-01
6.400000000000000133e-01 4.904814220031585847e-01
6.450000000000000178e-01 4.301458725449261444e-01
6.500000000000000222e-01 6.271376544095585981e-01
6.550000000000000266e-01 5.565357639262141776e-01
6.600000000000000311e-01 5.247606271013607326e-01
6.650000000000000355e-01 5.430236585203054300e-01
6.700000000000000400e-01 6.964973140637886750e-01
6.750000000000000444e-01 6.550685118851776734e-01
6.800000000000000488e-01 6.775591463264241110e-01
6.850000000000000533e-01 7.253112705875460753e-01
6.900000000000000577e-01 6.483074480483522750e-01
6.950000000000000622e-01 6.357725674328228438e-01
7.000000000000000666e-01 6.661790232662874178e-01
7.049999999999999600e-01 6.648713563340942212e-01
7.099999999999999645e-01 7.271773733472748358e-01
7.149999999999999689e-01 7.043840194259760601e-01
7.199999999999999734e-01 7.730569918404706087e-01
7.249999999999999778e-01 7.544759611303822888e-01
7.299999999999999822e-01 7.908028507077126124e-01
7.349999999999999867e-01 8.465455205775238579e-01
7.399999999999999911e-01 9.032681819293547631e-01
7.449999999999999956e-01 9.238536453992549635e-01
7.500000000000000000e-01 8.483663155969608516e-01
7.550000000000000044e-01 8.648502391918572174e-01
7.600000000000000089e-01 8.319014135403952626e-01
7.650000000000000133e-01 9.327144018834651051e-01
7.700000000000000178e-01 9.738652586470121220e-01
7.750000000000000222e-01 8.555912518385128118e-01
7.800000000000000266e-01 9.459467820815926631e-01
7.850000000000000311e-01 8.888595037819128075e-01
7.900000000000000355e-01 9.065362090768588343e-01
7.950000000000000400e-01 9.356630978655892106e-01
8.000000000000000444e-01 9.079684769124004573e-01
8.050000000000000488e-01 9.928056189523218888e-01
8.100000000000000533e-01 8.560328575771383175e-01
8.150000000000000577e-01 9.103665270651269958e-01
8.200000000000000622e-01 9.508511738007685565e-01
8.250000000000000666e-01 9.008687631842730026e-01
8.300000000000000711e-01 9.903533791442115097e-01
8.349999999999999645e-01 8.825902837434016490e-01
8.399999999999999689e-01 9.811752566595574043e-01
8.449999999999999734e-01 8.954376377508659335e-01
8.499999999999999778e-01 9.767349257671448237e-01
8.549999999999999822e-01 1.019136160855550255e+00
8.599999999999999867e-01 1.123672189315499503e+00
8.649999999999999911e-01 1.058526423225421675e+00
8.699999999999999956e-01 1.092915317136802011e+00
8.750000000000000000e-01 1.001573318206692598e+00
8.800000000000000044e-01 1.125654294421891244e+00
8.850000000000000089e-01 9.850503101719475518e-01
8.900000000000000133e-01 9.848098697807322610e-01
8.950000000000000178e-01 9.230326768034614604e-01
9.000000000000000222e-01 1.012908707832623101e+00
9.050000000000000266e-01 1.062005767704908177e+00
9.100000000000000311e-01 9.595748927089680080e-01
9.150000000000000355e-01 9.737878585184990277e-01
9.200000000000000400e-01 9.662305039639801363e-01
9.250000000000000444e-01 9.717776571467555691e-01
9.300000000000000488e-01 9.534667628234493320e-01
9.350000000000000533e-01 9.047167953941704921e-01
9.400000000000000577e-01 1.065012404927792700e+00
9.450000000000000622e-01 8.598914222239069094e-01
9.500000000000000666e-01 9.182226992026705226e-01
9.550000000000000711e-01 9.897336158951206553e-01
9.599999999999999645e-01 1.024676700661960149e+00
9.649999999999999689e-01 9.459552342566371896e-01
9.699999999999999734e-01 9.355814168160586641e-01
9.749999999999999778e-01 9.492686802662545498e-01
9.799999999999999822e-01 9.239667511446708614e-01
9.849999999999999867e-01 9.852195629510526187e-01
9.899999999999999911e-01 8.962387996235610110e-01
9.949999999999999956e-01 8.583128476187790179e-01
1.000000000000000000e+00 8.809376578935388391e-01
