0.000000000000000000e+00 5.292157037902991967e-02
5.000000000000000104e-03 1.230271625101669875e-02
1.000000000000000021e-02 3.054613952317217565e-02
1.499999999999999944e-02 6.987279597604373338e-02
2.000000000000000042e-02 6.069873970449902317e-02
2.500000000000000139e-02 -2.206833639629232624e-02
2.999999999999999889e-02 3.887065252576767799e-02
3.500000000000000333e-02 9.473283751069065325e-03
4.000000000000000083e-02 1.507943444619326556e-02
4.499999999999999833e-02 3.515995505815117106e-02
5.000000000000000278e-02 3.232130713482634504e-02
5.500000000000000028e-02 7.726620520888924371e-02
5.999999999999999778e-02 6.257513175440979070e-02
6.500000000000000222e-02 4.995625049478485957e-02
7.000000000000000666e-02 6.662789698236278035e-02
7.499999999999999722e-02 7.076022982122801008e-02
8.000000000000000167e-02 1.134303721947281796e-01
8.500000000000000611e-02 7.071925208702599386e-02
8.999999999999999667e-02 9.492803104952704518e-02
9.500000000000000111e-02 6.895912782094826277e-02
1.000000000000000056e-01 2.741030552497766837e-02
1.049999999999999961e-01 1.333865578632107973e-01
1.100000000000000006e-01 1.498370859657851828e-01
1.150000000000000050e-01 1.121010493878067532e-01
1.199999999999999956e-01 2.132446387196282322e-01
1.250000000000000000e-01 1.126190297620370540e-01
1.300000000000000044e-01 1.690207555190434141e-01
1.350000000000000089e-01 1.737184844992250010e-01
1.400000000000000133e-01 2.372793764307537523e-01
1.449999999999999900e-01 2.476027630970085158e-01
1.499999999999999944e-01 2.206484227709074875e-01
1.549999999999999989e-01 2.400628755880652165e-01
1.600000000000000033e-01 2.150304275710966107e-01
1.650000000000000078e-01 1.954021059532821958e-01
1.700000000000000122e-01 2.577546355202154915e-01
1.750000000000000167e-01 2.864404690731194303e-01
1.799999999999999933e-01 3.323967204218316596e-01
1.849999999999999978e-01 3.454653954635322766e-01
1.900000000000000022e-01 3.118361954777614797e-01
1.950000000000000067e-01 3.285929174827399435e-01
2.000000000000000111e-01 3.205434110479873366e-01
2.050000000000000155e-01 3.238574618846307707e-01
2.099999999999999922e-01 3.298358942812495975e-01
2.149999999999999967e-01 4.542092618569536500e-01
2.200000000000000011e-01 3.951424345474504052e-01
2.250000000000000056e-01 4.121077709516645093e-01
2.300000000000000100e-01 4.025441391985022377e-01
2.350000000000000144e-01 4.783787106749573526e-01
2.399999999999999911e-01 4.215990645732614617e-01
2.449999999999999956e-01 4.786197915935809233e-01
2.500000000000000000e-01 4.731360031641897446e-01
2.550000000000000044e-01 5.266050749357777949e-01
2.600000000000000089e-01 5.146598458729337855e-01
2.650000000000000133e-01 5.095270344763276338e-01
2.700000000000000178e-01 5.590265331498404100e-01
2.750000000000000222e-01 5.875999561159126472e-01
2.800000000000000266e-01 5.915635166714950932e-01
2.850000000000000311e-01 6.133881569321936178e-01
2.899999999999999800e-01 5.999463371895710218e-01
2.949999999999999845e-01 6.226597650203857803e-01
2.999999999999999889e-01 6.278261865667215114e-01
3.049999999999999933e-01 6.515514051537837359e-01
3.099999999999999978e-01 6.521496115386664627e-01
3.150000000000000022e-01 6.388175219300497032e-01
3.200000000000000067e-01 7.098347842676125952e-01
3.250000000000000111e-01 7.061965719137521802e-01
3.300000000000000155e-01 6.829020495910186339e-01
3.350000000000000200e-01 7.590574676657733111e-01
3.400000000000000244e-01 7.311170490685028334e-01
3.450000000000000289e-01 7.728403618738841629e-01
3.500000000000000333e-01 8.058727168653262440e-01
3.549999999999999822e-01 8.003474873227223174e-01
3.599999999999999867e-01 8.428860205362990188e-01
3.649999999999999911e-01 7.836212253893902746e-01
3.699999999999999956e-01 8.444222492353264942e-01
3.750000000000000000e-01 8.232056972717906040e-01
3.800000000000000044e-01 8.287240855245434634e-01
3.850000000000000089e-01 8.482685100570674930e-01
3.900000000000000133e-01 8.667494240361789393e-01
3.950000000000000178e-01 8.879069602668924199e-01
4.000000000000000222e-01 8.610455047764994374e-01
4.050000000000000266e-01 9.324427946086256691e-01
4.100000000000000311e-01 9.284338731919138388e-01
4.150000000000000355e-01 8.770386894116832810e-01
4.199999999999999845e-01 9.760395658138678598e-01
4.249999999999999889e-01 9.961266752809173619e-01
4.299999999999999933e-01 9.820513871347894552e-01
4.349999999999999978e-01 9.482962549256295226e-01
4.400000000000000022e-01 9.281334213546836853e-01
4.450000000000000067e-01 9.979955518079342003e-01
4.500000000000000111e-01 9.599046915908046040e-01
4.550000000000000155e-01 1.013831352111472794e+00
4.600000000000000200e-01 9.880722493423058639e-01
4.650000000000000244e-01 1.015285171094511441e+00
4.700000000000000289e-01 1.000322991915232107e+00
4.750000000000000333e-01 1.013947195045758365e+00
4.799999999999999822e-01 9.956430006216245854e-01
4.849999999999999867e-01 1.050930114817175021e+00
4.899999999999999911e-01 1.002623362781108529e+00
4.949999999999999956e-01 5.120596809033410857e-01
5.000000000000000000e-01 5.563618542450212701e-01
5.050000000000000044e-01 4.590392281657267315e-01
5.100000000000000089e-01 4.607034500454277315e-01
5.150000000000000133e-01 5.269912345780736196e-01
5.200000000000000178e-01 4.615562978465750366e-01
5.250000000000000222e-01 5.536526355694780799e-01
5.300000000000000266e-01 4.812867639105404827e-01
5.350000000000000311e-01 4.693843556567770525e-01
5.400000000000000355e-01 5.473742607944118710e-01
5.450000000000000400e-01 5.317487770763661414e-01
5.500000000000000444e-01 5.407807688127965751e-01
5.550000000000000488e-01 5.091333397482614709e-01
5.600000000000000533e-01 4.530945627816925225e-01
5.650000000000000577e-01 5.329979485929700056e-01
5.700000000000000622e-01 4.642098988714586372e-01
5.750000000000000666e-01 4.926710252072251661e-01
5.799999999999999600e-01 4.931595590332124024e-01
5.849999999999999645e-01 4.560376972072747170e-01
5.899999999999999689e-01 4.748617144437160542e-01
5.949999999999999734e-01 4.796662001469952918e-01
5.999999999999999778e-01 4.586667659346690407e-01
6.049999999999999822e-01 4.095833096158078557e-01
6.099999999999999867e-01 4.465251452261814746e-01
6.149999999999999911e-01 4.722075769006110479e-01
6.199999999999999956e-01 4.062462975413922983e-01
6.250000000000000000e-01 4.170949637901700813e-01
6.300000000000000044e-01 4.028673934483509855e-01
6.350000000000000089e-01 4.655792451877129867e-01
6.400000000000000133e-01 4.242948427103732656e-01
6.450000000000000178e-01 4.102238550872336909e-01
6.500000000000000222e-01 3.686298510999731493e-01
6.550000000000000266e-01 4.014894757387539315e-01
6.600000000000000311e-01 3.585280201802788502e-01
6.650000000000000355e-01 3.730242500815639239e-01
6.700000000000000400e-01 3.461746176486334425e-01
6.750000000000000444e-01 3.785969988483949278e-01
6.800000000000000488e-01 3.685330578317811412e-01
6.850000000000000533e-01 3.377990373326605344e-01
6.900000000000000577e-01 3.486262013798486770e-01
6.950000000000000622e-01 2.965414880714174473e-01
7.000000000000000666e-01 2.770762722188321314e-01
7.049999999999999600e-01 3.273737510379361448e-01
7.099999999999999645e-01 3.114715381945089567e-01
7.149999999999999689e-01 3.177069431067636729e-01
7.199999999999999734e-01 3.622443432459180879e-01
7.249999999999999778e-01 3.110917179430455204e-01
7.299999999999999822e-01 2.472973332366753263e-01
7.349999999999999867e-01 3.000384886428754672e-01
7.399999999999999911e-01 2.188221110179869311e-01
7.449999999999999956e-01 2.445184618555587275e-01
7.500000000000000000e-01 2.479527518402610542e-01
7.550000000000000044e-01 2.931009483161476359e-01
7.600000000000000089e-01 2.111293553385467647e-01
7.650000000000000133e-01 2.005248438402295608e-01
7.700000000000000178e-01 2.142890909339036365e-01
7.750000000000000222e-01 1.893456514091367282e-01
7.800000000000000266e-01 2.351430776631951713e-01
7.850000000000000311e-01 1.611307214157639001e-01
7.900000000000000355e-01 1.513839404276668410e-01
7.950000000000000400e-01 1.650513986576669367e-01
8.000000000000000444e-01 1.557256931458974314e-01
8.050000000000000488e-01 2.211399616145094671e-01
8.100000000000000533e-01 1.844346242077727349e-01
8.150000000000000577e-01 1.513912039082223049e-01
8.200000000000000622e-01 1.049329344350948684e-01
8.250000000000000666e-01 1.600808892920463078e-01
8.300000000000000711e-01 9.792420624497960580e-02
8.349999999999999645e-01 7.489886709667170628e-02
8.399999999999999689e-01 1.503288937705690997e-01
8.449999999999999734e-01 1.177809450244121647e-01
8.499999999999999778e-01 1.296257647134245738e-01
8.549999999999999822e-01 1.054358295882906471e-01
8.599999999999999867e-01 1.156035850237474016e-01
8.649999999999999911e-01 6.454723220099559122e-02
8.699999999999999956e-01 4.738871474646606102e-02
8.750000000000000000e-01 9.336450221511546910e-02
8.800000000000000044e-01 4.348171007478477540e-02
8.850000000000000089e-01 4.173550666749396842e-02
8.900000000000000133e-01 4.376869156114635007e-02
8.950000000000000178e-01 5.315037477075168493e-02
9.000000000000000222e-01 3.738018266239545584e-02
9.050000000000000266e-01 2.312127864126073407e-03
9.100000000000000311e-01 2.000344791501325672e-02
9.150000000000000355e-01 -3.144409456673283310e-02
9.200000000000000400e-01 5.015961019748226002e-02
9.250000000000000444e-01 -2.031172966820245923e-02
9.300000000000000488e-01 -8.827500182853553756e-03
9.350000000000000533e-01 2.263361904449585904e-02
9.400000000000000577e-01 -4.138889891739432059e-03
9.450000000000000622e-01 6.153643786220203138e-02
9.500000000000000666e-01 -2.611904062503682400e-02
9.550000000000000711e-01 1.832552608047545439e-02
9.599999999999999645e-01 7.013515453175145527e-03
9.649999999999999689e-01 -2.873813826556924703e-02
9.699999999999999734e-01 2.035429981595261728e-02
9.749999999999999778e-01 -1.896389936667437683e-03
9.799999999999999822e-01 2.524438320307668959e-02
9.849999999999999867e-01 2.588712461891194347e-02
9.899999999999999911e-01 6.542507847842068958e-02
9.949999999999999956e-01 4.022850514975842562e-02
1.000000000000000000e+00 -1.107545513827330741e-02
