0.000000000000000000e+00 1.764052345967664470e+00
5.000000000000000104e-03 4.001572083672239044e-01
1.000000000000000021e-02 9.787379841057401997e-01
1.499999999999999944e-02 2.240893199201459574e+00
2.000000000000000042e-02 1.867557990149970371e+00
2.500000000000000139e-02 -9.772778798764063524e-01
2.999999999999999889e-02 9.500884175255970288e-01
3.500000000000000333e-02 -1.513572082976852307e-01
4.000000000000000083e-02 -1.032188517935369726e-01
4.499999999999999833e-02 4.105985019384067458e-01
5.000000000000000278e-02 1.440435711609347191e-01
5.500000000000000028e-02 1.454273506963068563e+00
5.999999999999999778e-02 7.610377251471476256e-01
6.500000000000000222e-02 1.216750164930827383e-01
7.000000000000000666e-02 4.438632327458449378e-01
7.499999999999999722e-02 3.336743273749581684e-01
8.000000000000000167e-02 1.494079073158745885e+00
8.500000000000000611e-02 -2.051582637639217110e-01
8.999999999999999667e-02 3.130677016539996083e-01
9.500000000000000111e-02 -8.540957392966166406e-01
1.000000000000000056e-01 -2.552989815825656983e+00
1.049999999999999961e-01 6.536185954542459431e-01
1.100000000000000006e-01 8.644361988823987542e-01
1.150000000000000050e-01 -7.421650203686978031e-01
1.199999999999999956e-01 2.269754624049837410e+00
1.250000000000000000e-01 -1.454365674496165495e+00
1.300000000000000044e-01 4.575851747060365876e-02
1.350000000000000089e-01 -1.871838497469398843e-01
1.400000000000000133e-01 1.532779214818275504e+00
1.449999999999999900e-01 1.469358770658396818e+00
1.499999999999999944e-01 1.549474269468312515e-01
1.549999999999999989e-01 3.781625216629349029e-01
1.600000000000000033e-01 -8.877857442324916803e-01
1.650000000000000078e-01 -1.980796462622196774e+00
1.700000000000000122e-01 -3.479121400904609529e-01
1.750000000000000167e-01 1.563489843310613414e-01
1.799999999999999933e-01 1.230290705832933540e+00
1.849999999999999978e-01 1.202379890175909738e+00
1.900000000000000022e-01 -3.873267491649084460e-01
1.950000000000000067e-01 -3.023026380615777553e-01
2.000000000000000111e-01 -1.048552779563266979e+00
2.050000000000000155e-01 -1.420017631334872465e+00
2.099999999999999922e-01 -1.706269686373335981e+00
2.149999999999999967e-01 1.950776226602251473e+00
2.200000000000000011e-01 -5.096508110534972991e-01
2.250000000000000056e-01 -4.380720417120029797e-01
2.300000000000000100e-01 -1.252791634106133589e+00
2.350000000000000144e-01 7.774964988745294292e-01
2.399999999999999911e-01 -1.613887719393366504e+00
2.449999999999999956e-01 -2.127235816948034042e-01
2.500000000000000000e-01 -8.954390299932523112e-01
2.550000000000000044e-01 3.869478891260001441e-01
2.600000000000000089e-01 -5.107303000463832010e-01
2.650000000000000133e-01 -1.180508797973794932e+00
2.700000000000000178e-01 -2.797879915184354679e-02
2.750000000000000222e-01 4.286672680659944223e-01
2.800000000000000266e-01 6.707019809736720906e-02
2.850000000000000311e-01 3.033835969280600509e-01
2.899999999999999800e-01 -6.328189657146350289e-01
2.949999999999999845e-01 -3.602629537868256016e-01
2.999999999999999889e-01 -6.683746395927319117e-01
3.049999999999999933e-01 -3.528170010645862997e-01
3.099999999999999978e-01 -8.020407702056931987e-01
3.150000000000000022e-01 -1.707974174306708282e+00
3.200000000000000067e-01 2.076076539957358025e-01
3.250000000000000111e-01 -3.520308588851379650e-01
3.300000000000000155e-01 -1.548203739469986573e+00
3.350000000000000200e-01 5.978886586321033869e-01
3.400000000000000244e-01 -6.847622802861125235e-01
3.450000000000000289e-01 4.182577902267907155e-01
3.500000000000000333e-01 1.331447145363174434e+00
3.549999999999999822e-01 1.117807747510793481e+00
3.599999999999999867e-01 2.758159581131534921e+00
3.649999999999999911e-01 1.403274947268408068e+00
3.699999999999999956e-01 4.670670227158548293e+00
3.750000000000000000e-01 6.142426110971593189e+00
3.800000000000000044e-01 9.857465832808681938e+00
3.850000000000000089e-01 1.583944747780763862e+01
3.900000000000000133e-01 2.389317539117217137e+01
3.950000000000000178e-01 3.403482553406282562e+01
4.000000000000000222e-01 4.383485015921664285e+01
4.050000000000000266e-01 5.692216629512110870e+01
4.100000000000000311e-01 6.626093451643092180e+01
4.150000000000000355e-01 7.204545917115073905e+01
4.199999999999999845e-01 8.075998921180497803e+01
4.249999999999999889e-01 8.506865297411863480e+01
4.299999999999999933e-01 8.691045098517862755e+01
4.349999999999999978e-01 8.718197439656556469e+01
4.400000000000000022e-01 8.731048848190121703e+01
4.450000000000000067e-01 9.006562689017775369e+01
4.500000000000000111e-01 8.899446646984119980e+01
4.550000000000000155e-01 9.085613267595178399e+01
4.600000000000000200e-01 8.998573889397974312e+01
4.650000000000000244e-01 9.084153263337738338e+01
4.700000000000000289e-01 9.027437178967834086e+01
4.750000000000000333e-01 9.065682309086882640e+01
4.799999999999999822e-01 8.998031850897885420e+01
4.849999999999999867e-01 9.176756206588086684e+01
4.899999999999999911e-01 9.011580658086485585e+01
4.949999999999999956e-01 9.039525320296874611e+01
5.000000000000000000e-01 9.187906488887303169e+01
5.050000000000000044e-01 8.864976272665724366e+01
5.100000000000000089e-01 8.872801187354795616e+01
5.150000000000000133e-01 9.096848500896973633e+01
5.200000000000000178e-01 8.882632361917164587e+01
5.250000000000000222e-01 9.194328578811371244e+01
5.300000000000000266e-01 8.958617759005343828e+01
5.350000000000000311e-01 8.925242180241060908e+01
5.400000000000000355e-01 9.192286718895788056e+01
5.450000000000000400e-01 9.148046940016769213e+01
5.500000000000000444e-01 9.186753142922613335e+01
5.550000000000000488e-01 9.090602795975622996e+01
5.600000000000000533e-01 8.913876418678070479e+01
5.650000000000000577e-01 9.191005881005642664e+01
5.700000000000000622e-01 8.973199290310482468e+01
5.750000000000000666e-01 9.080245413589720727e+01
5.799999999999999600e-01 9.094725059707559467e+01
5.849999999999999645e-01 8.984498907553869174e+01
5.899999999999999689e-01 9.061407886609440254e+01
5.949999999999999734e-01 9.092220636572241688e+01
5.999999999999999778e-01 9.037642534565179631e+01
6.049999999999999822e-01 8.890059909690204165e+01
6.099999999999999867e-01 9.029823810596300859e+01
6.149999999999999911e-01 9.132638585529554121e+01
6.199999999999999956e-01 8.930543211516341273e+01
6.250000000000000000e-01 8.985036544444525930e+01
6.300000000000000044e-01 8.956484643904266818e+01
6.350000000000000089e-01 9.184926372287760898e+01
6.400000000000000133e-01 9.067229475361482116e+01
6.450000000000000178e-01 9.040746183418036708e+01
6.500000000000000222e-01 8.923008392430476476e+01
6.550000000000000266e-01 9.053924919053370957e+01
6.600000000000000311e-01 8.932566733888282329e+01
6.650000000000000355e-01 9.003183055799544832e+01
6.700000000000000400e-01 8.936415392145195824e+01
6.750000000000000444e-01 9.067643329484390335e+01
6.800000000000000488e-01 9.057659081655270938e+01
6.850000000000000533e-01 8.979170124438425660e+01
6.900000000000000577e-01 9.039600671263873721e+01
6.950000000000000622e-01 8.890693849125561599e+01
7.000000000000000666e-01 8.850874240728597897e+01
7.049999999999999600e-01 9.043939170125942439e+01
7.099999999999999645e-01 9.016667349536943732e+01
7.149999999999999689e-01 9.063503143689023034e+01
7.199999999999999734e-01 9.238314477486279941e+01
7.249999999999999778e-01 9.094447948698972084e+01
7.299999999999999822e-01 8.908717777455541409e+01
7.349999999999999867e-01 9.111701628809559850e+01
7.399999999999999911e-01 8.868409258948831564e+01
7.449999999999999956e-01 8.953841539518519710e+01
7.500000000000000000e-01 8.993175839467531318e+01
7.550000000000000044e-01 9.171334272164932599e+01
7.600000000000000089e-01 8.925524517795155077e+01
7.650000000000000133e-01 8.917356146134096662e+01
7.700000000000000178e-01 8.990154747557457426e+01
7.750000000000000222e-01 8.933652171363789307e+01
7.800000000000000266e-01 9.112663592210650165e+01
7.850000000000000311e-01 8.892006849163657023e+01
7.900000000000000355e-01 8.885253134758889360e+01
7.950000000000000400e-01 8.956217995525557285e+01
8.000000000000000444e-01 8.950196754930769316e+01
8.050000000000000488e-01 9.192953205381698467e+01
8.100000000000000533e-01 9.094942080692575814e+01
8.150000000000000577e-01 9.008755124138518511e+01
8.200000000000000622e-01 8.877456448116983267e+01
8.250000000000000666e-01 9.084436297640154123e+01
8.300000000000000711e-01 8.899978465261042970e+01
8.349999999999999645e-01 8.845522890322239107e+01
8.399999999999999689e-01 9.118802979235229600e+01
8.449999999999999734e-01 9.031694261192484419e+01
8.499999999999999778e-01 9.092085882378081862e+01
8.549999999999999822e-01 9.031872765294302496e+01
8.599999999999999867e-01 9.085683061190269427e+01
8.649999999999999911e-01 8.934897440669985258e+01
8.699999999999999956e-01 8.896575715821553842e+01
8.750000000000000000e-01 9.068159451828162787e+01
8.800000000000000044e-01 8.919659033582615848e+01
8.850000000000000089e-01 8.931045022224979846e+01
8.900000000000000133e-01 8.954446749648265325e+01
8.950000000000000178e-01 9.001747915902505781e+01
9.000000000000000222e-01 8.964600608874651755e+01
9.050000000000000266e-01 8.862504870658197831e+01
9.100000000000000311e-01 8.935638159716711471e+01
9.150000000000000355e-01 8.777659684777557914e+01
9.200000000000000400e-01 9.062523145102719013e+01
9.250000000000000444e-01 8.839794234439325749e+01
9.300000000000000488e-01 8.889561666057154810e+01
9.350000000000000533e-01 9.005216507926097336e+01
9.400000000000000577e-01 8.926043700360868627e+01
9.450000000000000622e-01 9.154301459540673136e+01
9.500000000000000666e-01 8.870714309027654565e+01
9.550000000000000711e-01 9.026705086934917688e+01
9.599999999999999645e-01 8.996071718177250887e+01
9.649999999999999689e-01 8.883190650225880347e+01
9.699999999999999734e-01 9.052327666053174937e+01
9.749999999999999778e-01 8.982845366877775461e+01
9.799999999999999822e-01 9.077179055121366957e+01
9.849999999999999867e-01 9.082350415396372512e+01
9.899999999999999911e-01 9.216323594928068985e+01
9.949999999999999956e-01 9.133652794943638753e+01
1.000000000000000000e+00 8.963081816205755104e+01
