0.000000000000000000e+00 2.738095474898677217e+00
5.000000000000000104e-03 2.773798596256049631e+00
1.000000000000000021e-02 2.715215536015365583e+00
1.499999999999999944e-02 2.619165424550733423e+00
2.000000000000000042e-02 2.493791902956237205e+00
2.500000000000000139e-02 2.666652982216872303e+00
2.999999999999999889e-02 2.647362021287052336e+00
3.500000000000000333e-02 2.455845453351473751e+00
4.000000000000000083e-02 2.611126772331985091e+00
4.499999999999999833e-02 2.452233629954962080e+00
5.000000000000000278e-02 2.600397276730681551e+00
5.500000000000000028e-02 2.442415037141768774e+00
5.999999999999999778e-02 2.349288061647942349e+00
6.500000000000000222e-02 2.406249458814272657e+00
7.000000000000000666e-02 2.300666002421617229e+00
7.499999999999999722e-02 2.263290176901042283e+00
8.000000000000000167e-02 2.221242737120300070e+00
8.500000000000000611e-02 2.168154735327343374e+00
8.999999999999999667e-02 2.176019387861302778e+00
9.500000000000000111e-02 2.146887893950672588e+00
1.000000000000000056e-01 2.079662659965920035e+00
1.049999999999999961e-01 2.127161725761655298e+00
1.100000000000000006e-01 1.897020476017181601e+00
1.150000000000000050e-01 1.910628364616606900e+00
1.199999999999999956e-01 1.948061244362042199e+00
1.250000000000000000e-01 1.788294103115106726e+00
1.300000000000000044e-01 1.913273111680734884e+00
1.350000000000000089e-01 1.822978693447003362e+00
1.400000000000000133e-01 1.730520254467161179e+00
1.449999999999999900e-01 1.735010620228406575e+00
1.499999999999999944e-01 1.629815072255047070e+00
1.549999999999999989e-01 1.538689764447749297e+00
1.600000000000000033e-01 1.642220687434502224e+00
1.650000000000000078e-01 1.611211294701187402e+00
1.700000000000000122e-01 1.526043871069050928e+00
1.750000000000000167e-01 1.483181227166533001e+00
1.799999999999999933e-01 1.323015890790641969e+00
1.849999999999999978e-01 1.367604902402210776e+00
1.900000000000000022e-01 1.357695243638719962e+00
1.950000000000000067e-01 1.368587637202486329e+00
2.000000000000000111e-01 1.407638933203737563e+00
2.050000000000000155e-01 1.264411609451698171e+00
2.099999999999999922e-01 1.220959428545358882e+00
2.149999999999999967e-01 1.298455869116451389e+00
2.200000000000000011e-01 1.208079896076273974e+00
2.250000000000000056e-01 1.109386834598878657e+00
2.300000000000000100e-01 1.241725393683011713e+00
2.350000000000000144e-01 1.095609463300285968e+00
2.399999999999999911e-01 1.093178828901761657e+00
2.449999999999999956e-01 1.046060273003639685e+00
2.500000000000000000e-01 1.112229055589480708e+00
2.550000000000000044e-01 1.139209783850513302e+00
2.600000000000000089e-01 1.037825031885502458e+00
2.650000000000000133e-01 1.071207309378771955e+00
2.700000000000000178e-01 1.007732855327408750e+00
2.750000000000000222e-01 1.166353543002719872e+00
2.800000000000000266e-01 1.108021131365746870e+00
2.850000000000000311e-01 9.753971640443146462e-01
2.899999999999999800e-01 1.037682265740340615e+00
2.949999999999999845e-01 1.058825638578483774e+00
2.999999999999999889e-01 1.026074945861415788e+00
3.049999999999999933e-01 9.546872803427662868e-01
3.099999999999999978e-01 9.917416822149395239e-01
3.150000000000000022e-01 1.048041020703687654e+00
3.200000000000000067e-01 1.035686454793626421e+00
3.250000000000000111e-01 9.639282497420237350e-01
3.300000000000000155e-01 1.050175566130794769e+00
3.350000000000000200e-01 9.722860783570003163e-01
3.400000000000000244e-01 9.168946887788017586e-01
3.450000000000000289e-01 1.068913041725247481e+00
3.500000000000000333e-01 1.131335212537728729e+00
3.549999999999999822e-01 1.118904287290658273e+00
3.599999999999999867e-01 1.201281394642080835e+00
3.649999999999999911e-01 1.241840370910280544e+00
3.699999999999999956e-01 1.185237682234657752e+00
3.750000000000000000e-01 1.156560055415939647e+00
3.800000000000000044e-01 1.228098334988776408e+00
3.850000000000000089e-01 1.185170636488865448e+00
3.900000000000000133e-01 1.317404635803079094e+00
3.950000000000000178e-01 1.368832180827309619e+00
4.000000000000000222e-01 1.447830810383179401e+00
4.050000000000000266e-01 1.575198889756505016e+00
4.100000000000000311e-01 1.464491511839883131e+00
4.150000000000000355e-01 1.730894053446019765e+00
4.199999999999999845e-01 1.758949453579994104e+00
4.249999999999999889e-01 1.956806385315958963e+00
4.299999999999999933e-01 2.049726893065892508e+00
4.349999999999999978e-01 2.119099019507273862e+00
4.400000000000000022e-01 2.386440768765666132e+00
4.450000000000000067e-01 2.451646782728944096e+00
4.500000000000000111e-01 2.696543226973979301e+00
4.550000000000000155e-01 2.803158262335250672e+00
4.600000000000000200e-01 2.984615739694544523e+00
4.650000000000000244e-01 3.192018720462245440e+00
4.700000000000000289e-01 3.465013618166986387e+00
4.750000000000000333e-01 3.547267435905195221e+00
4.799999999999999822e-01 3.644843737256516558e+00
4.849999999999999867e-01 3.868113329684635282e+00
4.899999999999999911e-01 3.871371614964264740e+00
4.949999999999999956e-01 3.929401586219618991e+00
5.000000000000000000e-01 3.941911741821027881e+00
5.050000000000000044e-01 4.037254210784322339e+00
5.100000000000000089e-01 4.036360615102754679e+00
5.150000000000000133e-01 3.966831733656523973e+00
5.200000000000000178e-01 3.849813761745398466e+00
5.250000000000000222e-01 3.894562769841973360e+00
5.300000000000000266e-01 3.833029806872006784e+00
5.350000000000000311e-01 3.714277958519903056e+00
5.400000000000000355e-01 3.585199111417185946e+00
5.450000000000000400e-01 3.478849676420420867e+00
5.500000000000000444e-01 3.414936454069184002e+00
5.550000000000000488e-01 3.429676308806216323e+00
5.600000000000000533e-01 3.266704282651547775e+00
5.650000000000000577e-01 3.077028116471880015e+00
5.700000000000000622e-01 3.140278174790340326e+00
5.750000000000000666e-01 3.011624287879850925e+00
5.799999999999999600e-01 3.126118812617288079e+00
5.849999999999999645e-01 2.924593799653345538e+00
5.899999999999999689e-01 2.907272277376980352e+00
5.949999999999999734e-01 2.899014655020790254e+00
5.999999999999999778e-01 2.889178329694003899e+00
6.049999999999999822e-01 2.866680821482922692e+00
6.099999999999999867e-01 2.864146836209114255e+00
6.149999999999999911e-01 2.850141028498244022e+00
6.199999999999999956e-01 2.836120304957316485e+00
6.250000000000000000e-01 2.855667610392666589e+00
6.300000000000000044e-01 2.817769287906124021e+00
6.350000000000000089e-01 2.869094612951649026e+00
6.400000000000000133e-01 2.873529202145752137e+00
6.450000000000000178e-01 2.899972472572397653e+00
6.500000000000000222e-01 2.911626664705244671e+00
6.550000000000000266e-01 2.941531702989295560e+00
6.600000000000000311e-01 2.988009869719830736e+00
6.650000000000000355e-01 2.952027403844206699e+00
6.700000000000000400e-01 2.984536883368440030e+00
6.750000000000000444e-01 3.002453063411075540e+00
6.800000000000000488e-01 2.973088663437912338e+00
6.850000000000000533e-01 2.987495577509039268e+00
6.900000000000000577e-01 3.020226222618390466e+00
6.950000000000000622e-01 2.898124967349348324e+00
7.000000000000000666e-01 3.039080482916617143e+00
7.049999999999999600e-01 2.969306375589435554e+00
7.099999999999999645e-01 2.772654067272702250e+00
7.149999999999999689e-01 3.020934774174811377e+00
7.199999999999999734e-01 2.910081550100947378e+00
7.249999999999999778e-01 3.027351500011528085e+00
7.299999999999999822e-01 2.904901948417099256e+00
7.349999999999999867e-01 2.939940025153643610e+00
7.399999999999999911e-01 2.979615738176561557e+00
7.449999999999999956e-01 2.877437050005958952e+00
7.500000000000000000e-01 2.849572462433743958e+00
7.550000000000000044e-01 2.885081139289193075e+00
7.600000000000000089e-01 2.955343931900896948e+00
7.650000000000000133e-01 2.918919713096566060e+00
7.700000000000000178e-01 2.915418363896538079e+00
7.750000000000000222e-01 2.831578894306293837e+00
7.800000000000000266e-01 2.813612975799661964e+00
7.850000000000000311e-01 2.823099293902682216e+00
7.900000000000000355e-01 2.766344649072193018e+00
7.950000000000000400e-01 2.656112831837645238e+00
8.000000000000000444e-01 2.722421003964693664e+00
8.050000000000000488e-01 2.615829885928381504e+00
8.100000000000000533e-01 2.565181100151491922e+00
8.150000000000000577e-01 2.590653470868007346e+00
8.200000000000000622e-01 2.544571897498954183e+00
8.250000000000000666e-01 2.567861301052712264e+00
8.300000000000000711e-01 2.497533623098350031e+00
8.349999999999999645e-01 2.419722236587988018e+00
8.399999999999999689e-01 2.405608613278639396e+00
8.449999999999999734e-01 2.338289741934852284e+00
8.499999999999999778e-01 2.315568611943415345e+00
8.549999999999999822e-01 2.373007553585199769e+00
8.599999999999999867e-01 2.283433150247962118e+00
8.649999999999999911e-01 2.197381004866540977e+00
8.699999999999999956e-01 2.161386290265193466e+00
8.750000000000000000e-01 2.105528257929926372e+00
8.800000000000000044e-01 2.090158539031337526e+00
8.850000000000000089e-01 1.972370191662276229e+00
8.900000000000000133e-01 2.058304640675356012e+00
8.950000000000000178e-01 1.965403049246731149e+00
9.000000000000000222e-01 1.983175442904075325e+00
9.050000000000000266e-01 1.959431405797463777e+00
9.100000000000000311e-01 1.880939271042875838e+00
9.150000000000000355e-01 1.761657644975221926e+00
9.200000000000000400e-01 1.709970376653425550e+00
9.250000000000000444e-01 1.793827653677473766e+00
9.300000000000000488e-01 1.756190178599740026e+00
9.350000000000000533e-01 1.585329149153575035e+00
9.400000000000000577e-01 1.573833313039444182e+00
9.450000000000000622e-01 1.659171486188425471e+00
9.500000000000000666e-01 1.561925420662001684e+00
9.550000000000000711e-01 1.643818374811968575e+00
9.599999999999999645e-01 1.518244375000831203e+00
9.649999999999999689e-01 1.509040394712025224e+00
9.699999999999999734e-01 1.415211541514677762e+00
9.749999999999999778e-01 1.361228167195986050e+00
9.799999999999999822e-01 1.270005582290779200e+00
9.849999999999999867e-01 1.164473220266920350e+00
9.899999999999999911e-01 1.364795337939384456e+00
9.949999999999999956e-01 1.317587834613435760e+00
1.000000000000000000e+00 1.212941485741299674e+00
