0.000000000000000000e+00 -3.951859936428212094e+00
5.000000000000000104e-03 -5.847103332619864702e+00
1.000000000000000021e-02 -5.433018425171024290e+00
1.499999999999999944e-02 -5.657218527858590917e+00
2.000000000000000042e-02 -3.407697025773317900e+00
2.500000000000000139e-02 -6.272500035943219032e+00
2.999999999999999889e-02 -1.932560665613939355e+00
3.500000000000000333e-02 -4.153099015965753260e+00
4.000000000000000083e-02 -2.795036849479542340e+00
4.499999999999999833e-02 -3.092850843967143604e+00
5.000000000000000278e-02 -1.117554909130795249e+00
5.500000000000000028e-02 -4.382321168083110230e+00
5.999999999999999778e-02 -2.393007693706664885e+00
6.500000000000000222e-02 -2.208503850995426898e+00
7.000000000000000666e-02 -4.495435164444683274e-01
7.499999999999999722e-02 -2.446626079539105270e+00
8.000000000000000167e-02 -1.286695165502666161e+00
8.500000000000000611e-02 -1.763317171310924358e+00
8.999999999999999667e-02 -6.176427331082806615e-01
9.500000000000000111e-02 1.458124270401741640e-01
1.000000000000000056e-01 -1.317055288339503250e+00
1.049999999999999961e-01 1.147033638003305933e+00
1.100000000000000006e-01 1.121297885173235143e+00
1.150000000000000050e-01 9.387278846145868938e-01
1.199999999999999956e-01 1.553229774880972247e+00
1.250000000000000000e-01 1.848924295515775862e-01
1.300000000000000044e-01 9.625832815152903787e-01
1.350000000000000089e-01 3.676736979914656533e-01
1.400000000000000133e-01 1.255160645103241768e+00
1.449999999999999900e-01 2.275176087787129653e+00
1.499999999999999944e-01 1.277640090506541259e+00
1.549999999999999989e-01 1.800290517825815950e+00
1.600000000000000033e-01 1.741445815913008843e+00
1.650000000000000078e-01 1.819401576710784507e+00
1.700000000000000122e-01 2.234362749287182037e+00
1.749999999999999889e-01 3.139574543628300241e+00
1.799999999999999933e-01 2.287821409201342693e+00
1.849999999999999978e-01 3.899355545146111268e+00
1.900000000000000022e-01 5.592139396465650059e+00
1.950000000000000067e-01 4.950063911566427777e+00
2.000000000000000111e-01 4.300871284424779617e+00
2.049999999999999878e-01 3.899513943883404998e+00
2.099999999999999922e-01 4.344940731889884944e+00
2.149999999999999967e-01 7.100829152886593221e+00
2.200000000000000011e-01 5.787606657297827084e+00
2.250000000000000056e-01 5.441237739726403788e+00
2.300000000000000100e-01 6.624488618642444315e+00
2.349999999999999867e-01 8.904004259396801402e+00
2.399999999999999911e-01 7.309889253915017093e+00
2.449999999999999956e-01 8.209728927947736565e+00
2.500000000000000000e-01 8.313357682345706934e+00
2.550000000000000044e-01 8.100561772818529960e+00
2.600000000000000089e-01 7.770024650919111764e+00
2.650000000000000133e-01 9.044232869767087735e+00
2.700000000000000178e-01 9.688263278905598241e+00
2.750000000000000222e-01 1.101121556924363176e+01
2.800000000000000266e-01 1.181622661010789521e+01
2.849999999999999756e-01 1.248763758177826055e+01
2.899999999999999800e-01 1.244954813055244891e+01
2.949999999999999845e-01 1.368622139742614507e+01
2.999999999999999889e-01 1.271513038266461670e+01
3.049999999999999933e-01 1.542388518950964382e+01
3.099999999999999978e-01 1.542026976268151550e+01
3.150000000000000022e-01 1.538228382313504383e+01
3.200000000000000067e-01 1.698061560869615505e+01
3.250000000000000111e-01 1.726899646014845402e+01
3.300000000000000155e-01 1.937158465272489849e+01
3.350000000000000200e-01 2.070034805787261334e+01
3.400000000000000244e-01 2.235425568599870871e+01
3.449999999999999734e-01 1.981040782781117215e+01
3.499999999999999778e-01 2.085371470941340277e+01
3.549999999999999822e-01 2.293974347830830851e+01
3.599999999999999867e-01 2.480897698360846704e+01
3.649999999999999911e-01 2.679122691883037533e+01
3.699999999999999956e-01 2.756138839064286827e+01
3.750000000000000000e-01 2.662217495457000638e+01
3.800000000000000044e-01 2.980824053859183564e+01
3.850000000000000089e-01 3.248762886613756962e+01
3.900000000000000133e-01 3.351398208517235133e+01
3.950000000000000178e-01 3.575323352830255885e+01
4.000000000000000222e-01 3.656361597453387446e+01
4.050000000000000266e-01 3.847179671464515138e+01
4.099999999999999756e-01 4.084234638504820936e+01
4.149999999999999800e-01 4.315065743145594013e+01
4.199999999999999845e-01 4.513054077184893487e+01
4.249999999999999889e-01 4.735518931053393032e+01
4.299999999999999933e-01 4.898753195285190287e+01
4.349999999999999978e-01 5.258190940429750526e+01
4.400000000000000022e-01 5.500282936039410231e+01
4.450000000000000067e-01 5.882436428908560089e+01
4.500000000000000111e-01 6.185192135116484735e+01
4.550000000000000155e-01 6.394793467403626153e+01
4.600000000000000200e-01 6.665669917347383944e+01
4.650000000000000244e-01 6.983006806004215150e+01
4.699999999999999734e-01 7.450531156223590301e+01
4.749999999999999778e-01 7.795741642236406221e+01
4.799999999999999822e-01 8.152922099222710983e+01
4.849999999999999867e-01 8.611439434746499444e+01
4.899999999999999911e-01 8.986374093964785459e+01
4.949999999999999956e-01 9.582097448351863989e+01
5.000000000000000000e-01 9.955287143521400139e+01
5.050000000000000044e-01 9.634745015550191738e+01
5.100000000000000089e-01 9.088723346538678527e+01
5.150000000000000133e-01 8.666437631761782256e+01
5.200000000000000178e-01 8.077816410205713282e+01
5.250000000000000222e-01 7.804946269332415909e+01
5.300000000000000266e-01 7.482238337926801819e+01
5.350000000000000311e-01 6.951511887443837168e+01
5.400000000000000355e-01 6.676580657756028359e+01
5.450000000000000400e-01 6.379546661449568035e+01
5.500000000000000444e-01 5.928001115101658058e+01
5.550000000000000488e-01 5.801024108696591952e+01
5.600000000000000533e-01 5.572747977698764288e+01
5.649999999999999467e-01 5.134529379339460320e+01
5.699999999999999512e-01 5.000941249780500186e+01
5.749999999999999556e-01 4.592484647223899685e+01
5.799999999999999600e-01 4.489485626245612337e+01
5.849999999999999645e-01 4.112660825079438354e+01
5.899999999999999689e-01 4.177956466229559140e+01
5.949999999999999734e-01 3.908455044526198208e+01
5.999999999999999778e-01 3.676532716126845912e+01
6.049999999999999822e-01 3.422116585507137643e+01
6.099999999999999867e-01 3.456408531996674327e+01
6.149999999999999911e-01 3.363480140153504294e+01
6.199999999999999956e-01 2.826641596677345092e+01
6.250000000000000000e-01 2.989274723209683060e+01
6.300000000000000044e-01 2.888825591655017178e+01
6.350000000000000089e-01 2.627100582803863560e+01
6.400000000000000133e-01 2.347118484182545117e+01
6.450000000000000178e-01 2.433319359504877610e+01
6.500000000000000222e-01 2.214728321276483314e+01
6.550000000000000266e-01 2.063876997425603577e+01
6.600000000000000311e-01 1.898056518379856783e+01
6.650000000000000355e-01 1.977998797867661906e+01
6.700000000000000400e-01 1.908955641119280955e+01
6.750000000000000444e-01 1.678668978723971961e+01
6.800000000000000488e-01 1.708825651923201505e+01
6.850000000000000533e-01 1.462271521486460912e+01
6.899999999999999467e-01 1.580824493413484433e+01
6.949999999999999512e-01 1.433036458145048719e+01
6.999999999999999556e-01 1.341095855175390916e+01
7.049999999999999600e-01 1.284415461187627905e+01
7.099999999999999645e-01 1.319621100230406441e+01
7.149999999999999689e-01 1.249070769408971060e+01
7.199999999999999734e-01 1.171285380058610670e+01
7.249999999999999778e-01 1.079295374430881971e+01
7.299999999999999822e-01 1.023243236019308355e+01
7.349999999999999867e-01 1.029863711292849082e+01
7.399999999999999911e-01 9.463542368119984616e+00
7.449999999999999956e-01 9.488457087426535708e+00
7.500000000000000000e-01 8.093695588871820945e+00
7.550000000000000044e-01 5.588969617883179808e+00
7.600000000000000089e-01 8.703809943292805329e+00
7.650000000000000133e-01 9.513473136142213349e+00
7.700000000000000178e-01 7.448893857543557928e+00
7.750000000000000222e-01 6.607183621762256820e+00
7.800000000000000266e-01 6.288768878625759839e+00
7.850000000000000311e-01 6.041435435334033599e+00
7.900000000000000355e-01 5.929954393940725765e+00
7.950000000000000400e-01 4.558779552971349958e+00
8.000000000000000444e-01 4.947612378866166338e+00
8.050000000000000488e-01 4.266738299588826777e+00
8.100000000000000533e-01 5.326302420743546762e+00
8.149999999999999467e-01 4.608844373708154585e+00
8.199999999999999512e-01 5.242520361814579033e+00
8.249999999999999556e-01 4.427899264054699913e+00
8.299999999999999600e-01 5.457359787945240015e+00
8.349999999999999645e-01 4.565797503294945159e+00
8.399999999999999689e-01 6.436735205002340976e+00
8.449999999999999734e-01 2.255722308040703172e+00
8.499999999999999778e-01 3.423259153976942137e+00
8.549999999999999822e-01 4.901594201447652566e+00
8.599999999999999867e-01 6.470021471535654101e+00
8.649999999999999911e-01 3.646147845785074004e+00
8.699999999999999956e-01 3.902900780212328780e+00
8.750000000000000000e-01 3.608614639962305581e+00
8.800000000000000044e-01 5.153237658204151472e+00
8.850000000000000089e-01 3.532405878486697848e+00
8.900000000000000133e-01 4.508744964458544224e+00
8.950000000000000178e-01 3.528828828015020846e+00
9.000000000000000222e-01 2.607005133627423810e+00
9.050000000000000266e-01 4.235025435037783836e+00
9.100000000000000311e-01 4.477576373611450222e+00
9.150000000000000355e-01 5.331567932892712136e+00
9.200000000000000400e-01 4.002935295630456025e+00
9.250000000000000444e-01 3.582219530312564792e+00
9.300000000000000488e-01 4.859785857839121981e+00
9.350000000000000533e-01 4.646549104660722129e+00
9.399999999999999467e-01 4.806723547429483823e+00
9.449999999999999512e-01 4.584781148917270954e+00
9.499999999999999556e-01 5.961800723818000414e+00
9.549999999999999600e-01 5.326414061635991182e+00
9.599999999999999645e-01 7.029101802804338384e+00
9.649999999999999689e-01 6.415269199739856987e+00
9.699999999999999734e-01 6.155477646269789105e+00
9.749999999999999778e-01 4.073862039070806240e+00
9.799999999999999822e-01 6.521373345197634563e+00
9.849999999999999867e-01 6.570207619194635029e+00
9.899999999999999911e-01 7.205114959895992044e+00
9.949999999999999956e-01 7.696470799487467040e+00
1.000000000000000000e+00 6.522916508119619650e+00
