114 226
116 216
116 206
116 196
116 186
116 176
116 166
116 156
114 146
114 136
114 126
118 116
124 108
132 100
140 94
148 88
154 80
160 72
162 62
168 54
178 54
181 64
184 74
189 83
191 93
199 99
207 106
213 114
218 123
219 133
215 148
215 158
225 162
235 162
245 166
253 172
262 177
272 176
282 174
292 174
302 176
312 180
322 184
331 189
339 195
347 202
353 210
359 218
365 226
375 230
385 230
395 230
405 230
415 230
425 230
435 230
445 230
455 230
465 230
475 230
485 230
495 230
505 230
515 232
525 232
535 232
545 232
555 232
565 232
575 227
583 219
592 214
602 212
608 202
614 194
620 186
630 186
635 195
641 203
646 212
656 215
665 220
673 226
679 234
683 244
679 262
679 272
677 282
677 292
677 302
677 312
677 322
681 332
678 351
679 362
669 362
666 352
666 342
663 332
653 333
643 332
637 340
628 345
618 342
612 334
604 328
596 335
587 330
585 348
587 358
577 363
572 354
572 344
570 334
568 324
558 323
548 323
538 323
528 323
518 323
508 323
498 323
488 323
478 323
468 323
458 323
448 323
438 323
428 323
418 323
408 323
398 323
388 323
378 323
368 323
358 323
348 323
338 323
328 323
318 323
308 323
298 323
288 323
278 323
268 323
258 323
248 323
238 323
228 323
218 323
218 333
215 348
219 358
209 361
204 352
204 342
202 328
193 323
183 323
173 323
163 323
153 323
143 321
133 322
133 332
131 348
134 359
124 362
118 354
118 344
116 328
114 318
113 308
112 298
112 288
112 278
112 268
114 256
114 246
114 236