612 435
620 442
624 452
632 459
639 467
647 474
654 482
662 489
669 497
677 504
684 512
692 519
699 527
705 535
710 544
718 550
723 559
732 564
739 572
745 580
750 589
750 599
750 609
750 619
743 628
733 630
724 635
714 637
706 645
697 650
687 650
678 645
668 645
660 638
653 630
645 623
639 615
631 609
624 601
619 592
612 584
607 575
598 570
590 563
589 553
583 545
575 538
569 530
561 524
554 516
549 507
542 499
534 492
527 484
519 477
514 468
507 460
500 452
492 445
488 435
479 430
470 425
460 425
451 420
441 420
431 420
422 415
412 415
403 410
393 410
384 405
374 405
365 410
365 420
363 433
355 440
345 445
335 445
328 453
320 460
310 465
305 475
298 483
293 493
285 500
275 505
265 505
255 505
248 513
240 520
230 522
220 530
216 540
206 540
198 548
188 553
180 560
170 565
162 574
154 582
144 585
135 590
125 595
119 587
129 582
137 574
146 569
154 562
162 554
171 549
181 545
189 539
198 534
205 526
215 521
223 514
230 506
240 504
249 497
259 487
267 479
274 467
274 457
284 447
294 442
304 439
309 426
309 416
304 407
300 397
295 388
289 380
280 375
270 373
264 365
254 362
247 354
239 347
232 339
224 332
217 324
209 317
204 308
199 299
197 289
189 282
185 272
180 263
174 255
165 250
157 244
147 240
140 232
132 225
123 220
114 215
104 212
97 204
89 197
80 192
70 190
60 190
50 190
40 190
30 195
24 187
34 182
44 177
54 174
64 172
74 167
84 162
92 154
100 146
110 141
120 136
130 131
140 126
150 124
160 121
170 119
180 119
190 119
199 124
208 129
218 130
225 138
233 145
243 149
253 150
263 154
272 149
282 149
292 149
302 149
312 149
322 149
331 154
341 154
350 159
358 165
365 173
375 177
382 185
392 189
399 197
407 204
414 212
424 216
430 224
438 230
445 238
455 242
462 250
470 257
477 265
482 274
489 282
499 282
504 272
514 267
522 259
532 254
540 246
548 239
548 253
540 260
533 268
525 275
518 283
510 290
505 300
507 310
510 320
512 330
520 337
527 345
532 354
539 362
547 369
550 379
558 385
565 393
573 400
580 408
588 415
595 423
603 430
