158 375
148 375
139 380
130 385
120 385
110 385
100 390
90 395
80 395
73 405
64 410
54 410
45 415
35 415
29 407
29 397
29 387
29 377
29 367
29 357
39 347
49 344
59 342
67 334
74 322
84 319
89 302
94 292
94 282
104 281
108 291
114 299
123 294
132 289
137 279
145 271
153 264
159 247
159 237
159 227
169 224
177 230
182 239
192 234
202 229
212 224
222 219
227 209
234 197
244 194
253 189
262 184
269 172
279 167
279 157
289 147
294 137
294 127
294 117
294 107
294 97
302 89
304 72
309 62
314 52
314 42
324 39
334 39
340 47
340 57
345 66
350 75
350 85
355 94
355 104
360 113
360 123
360 133
360 143
360 153
370 157
375 166
381 174
389 181
395 189
405 189
413 195
418 204
427 209
435 215
440 224
450 227
457 235
467 239
472 229
477 219
487 219
494 227
495 237
495 247
495 257
499 267
507 274
514 282
522 289
531 294
541 290
544 277
554 276
560 284
560 294
560 304
560 314
568 320
570 330
578 336
588 340
597 345
607 349
610 359
610 369
610 379
610 389
610 399
610 409
600 413
594 405
584 405
574 401
566 395
557 390
547 390
538 385
529 380
519 380
509 380
500 375
491 370
481 370
471 369
462 364
457 355
447 355
437 354
427 350
418 345
408 345
398 345
389 340
380 335
370 335
370 345
370 355
370 365
370 375
360 380
360 390
360 400
360 410
360 420
355 430
355 440
355 450
355 460
350 470
350 480
350 490
350 500
350 510
355 519
355 529
365 529
370 538
378 545
382 555
387 564
390 574
392 584
384 590
376 583
366 580
357 575
348 570
339 565
335 555
330 570
324 580
316 573
306 570
297 575
288 580
278 583
268 588
260 595
254 587
254 577
254 567
254 557
264 547
274 537
282 529
292 524
297 514
299 495
299 485
297 475
294 465
294 455
294 445
292 435
289 425
289 415
289 405
289 395
287 385
279 378
279 368
279 358
279 348
272 340
262 340
252 344
242 345
233 350
223 350
214 355
204 355
198 363
188 365
178 368
168 373
