333 343
328 353
320 360
315 370
310 380
303 388
298 398
293 408
285 415
280 425
273 438
268 448
260 455
255 465
250 475
243 483
238 493
233 503
225 510
225 520
225 530
225 540
225 550
225 560
222 574
217 584
207 589
198 595
189 600
180 605
170 607
160 605
151 600
142 595
132 594
129 572
134 558
127 550
117 550
107 550
98 545
89 540
84 531
84 521
79 512
79 502
84 492
92 484
100 476
108 469
117 464
126 469
135 474
145 474
154 479
162 485
171 480
179 472
187 464
192 454
197 444
204 432
212 424
217 414
222 404
229 392
234 382
242 374
249 362
254 352
262 344
267 334
274 322
279 312
287 304
294 292
299 282
307 274
312 264
320 256
325 246
330 236
338 229
342 219
347 209
354 197
359 187
367 179
372 169
379 157
384 147
392 139
394 123
394 113
389 104
384 95
379 86
374 77
374 67
379 57
387 49
395 41
403 34
410 26
420 24
430 24
440 24
450 24
460 24
468 30
475 38
480 47
480 57
485 66
495 69
505 69
515 69
524 74
532 80
540 87
540 97
545 106
550 115
552 125
553 138
545 145
538 153
533 163
525 170
515 175
505 175
496 170
487 165
477 165
467 165
458 160
449 165
440 170
435 180
428 188
423 198
415 205
410 215
403 228
398 238
393 248
388 258
380 265
375 275
370 285
363 293
355 300
350 310
343 323
338 333