376 149
386 149
395 154
405 157
415 157
425 159
434 152
442 144
447 134
454 122
459 112
469 102
479 97
484 87
492 79
501 74
510 69
519 64
529 64
539 64
549 64
559 64
568 69
577 74
580 84
588 90
595 98
595 108
600 117
600 127
600 137
600 147
598 158
593 168
585 175
579 185
569 187
559 186
554 177
559 167
564 158
564 148
564 138
564 128
560 118
553 110
544 105
534 105
525 110
518 118
513 128
505 135
505 145
495 150
490 160
483 173
478 183
470 190
472 200
477 209
480 219
485 228
485 238
490 247
490 257
490 267
490 277
490 287
485 305
480 315
475 330
473 343
465 350
460 360
460 370
460 380
465 389
465 399
470 408
470 418
470 428
470 438
465 455
465 465
460 475
455 490
450 505
442 519
434 525
424 525
414 525
404 522
404 512
412 504
417 494
422 484
424 472
429 455
420 450
415 460
410 475
405 485
398 493
390 500
384 517
374 520
364 520
354 520
344 516
339 507
347 499
357 494
367 489
372 479
379 470
379 460
379 450
378 440
370 433
363 425
355 418
348 410
340 403
333 395
324 390
315 385
305 385
297 379
287 375
277 375
268 370
258 370
249 365
239 365
233 373
225 380
220 390
215 400
213 413
208 423
200 430
195 445
190 460
190 470
198 476
200 486
204 502
199 512
192 520
183 515
173 513
165 520
160 530
155 540
147 549
137 554
127 555
117 555
107 554
99 547
99 537
107 529
117 524
124 507
129 497
134 481
129 472
134 462
139 450
139 440
139 430
134 421
129 412
129 402
129 392
133 380
125 373
119 365
111 358
106 349
99 341
94 332
87 324
82 315
75 307
67 300
64 290
64 280
59 271
57 244
52 235
49 225
48 215
40 208
34 200
34 190
29 181
29 171
24 162
24 152
24 142
24 132
32 124
34 111
34 101
34 91
29 82
29 72
37 64
45 70
50 79
58 85
67 90
77 94
87 94
97 94
106 99
116 95
124 89
133 84
140 76
148 69
157 74
160 84
160 94
160 104
160 114
160 124
160 134
160 144
165 153
175 157
183 164
192 159
202 154
212 154
222 149
231 144
241 140
249 134
259 134
269 134
279 134
289 134
298 139
308 139
318 139
328 139
337 144
347 144
357 144
366 149