355 189
365 189
375 189
385 189
395 189
405 189
414 184
424 182
434 179
444 177
454 174
464 174
474 174
484 174
494 174
504 172
514 162
514 152
519 134
519 124
519 114
517 104
509 97
502 89
492 85
482 85
472 89
464 95
455 100
454 112
449 122
439 126
434 117
434 107
434 97
434 87
442 79
447 69
452 59
461 54
470 49
480 49
490 49
500 49
510 52
518 59
527 64
530 74
538 80
545 88
550 97
550 107
550 117
550 127
550 137
550 147
548 163
540 170
535 185
528 193
520 200
520 210
520 220
520 230
520 240
520 250
520 260
515 275
515 285
510 295
510 305
512 315
517 324
524 332
525 342
525 352
529 362
530 372
535 381
538 391
540 401
545 410
545 425
540 435
545 444
541 460
532 465
522 465
512 464
504 457
504 447
509 437
517 429
514 415
509 406
509 396
504 387
500 377
490 365
490 375
485 390
480 400
480 410
475 425
475 435
470 450
465 465
465 475
457 489
449 495
443 503
433 508
425 515
416 520
406 520
396 519
387 514
384 497
389 487
399 484
408 479
417 474
427 469
429 452
434 442
434 432
439 417
439 407
444 392
439 383
439 373
439 363
434 354
429 345
424 336
419 327
412 319
407 310
397 310
388 315
378 318
368 320
358 323
348 325
339 330
329 332
319 335
309 337
299 340
289 340
280 345
270 355
270 365
270 375
275 384
275 394
275 404
280 413
280 423
280 433
280 443
280 453
285 462
283 478
275 485
272 504
262 505
253 510
244 515
234 515
224 512
224 502
224 492
232 484
240 476
244 465
244 455
244 445
239 436
234 427
234 417
229 408
224 399
224 389
221 379
219 369
214 360
205 365
198 373
190 380
188 393
180 400
172 409
163 415
154 420
145 425
140 435
135 445
130 460
127 479
118 485
109 490
103 498
95 505
87 519
79 527
69 530
59 530
49 527
49 517
49 507
57 499
67 494
74 477
79 467
87 459
92 449
97 439
104 427
109 417
114 407
119 397
127 389
132 379
137 369
142 359
147 349
152 339
157 329
159 317
154 302
154 292
159 276
154 267
159 257
161 239
154 231
154 221
149 212
154 202
147 194
137 190
127 190
117 190
107 190
97 190
87 190
80 182
75 173
69 165
64 156
67 139
76 134
85 129
95 126
105 124
114 119
119 107
127 99
137 94
147 89
157 89
166 84
176 84
186 84
196 84
204 91
213 96
220 104
228 110
232 120
240 127
244 137
252 144
255 154
260 163
270 164
279 169
289 169
298 174
308 174
317 179
326 184
335 189
345 189