300 480
308 473
318 468
325 460
334 455
342 449
350 440
358 433
368 428
375 420
383 413
393 408
400 400
410 395
419 400
428 405
437 410
445 417
452 425
462 429
469 437
477 444
484 452
494 455
500 463
508 470
515 478
523 485
527 495
534 503
539 512
544 521
549 530
552 540
554 550
559 559
559 569
564 578
564 588
565 598
569 608
574 617
584 620
592 614
597 604
600 588
600 578
600 568
600 558
600 548
600 538
595 529
595 519
590 510
588 500
580 493
575 484
572 474
567 465
560 457
555 448
548 440
540 434
537 424
527 420
520 412
512 405
505 397
497 390
490 382
485 373
478 365
470 359
467 349
462 340
460 330
460 320
460 310
465 300
465 290
470 275
470 265
475 250
475 240
480 230
480 220
485 210
495 210
505 212
514 217
522 224
526 234
534 240
540 248
548 255
554 263
559 272
567 279
574 287
584 290
590 298
600 300
610 300
612 284
607 275
603 265
595 258
590 249
584 241
579 232
572 224
567 215
560 207
555 198
548 190
540 183
535 174
529 166
521 159
512 154
503 149
494 144
484 144
474 144
464 144
455 139
450 130
450 120
455 109
455 99
450 90
448 80
440 73
435 64
426 59
417 54
407 54
398 59
390 66
382 74
374 82
369 97
369 107
374 116
374 126
367 139
357 144
347 144
337 144
328 149
318 149
310 156
302 164
293 169
285 176
280 186
275 196
267 204
263 214
255 221
250 231
242 239
237 249
229 257
224 267
227 284
235 290
243 283
250 275
258 268
268 263
275 255
283 248
290 240
298 233
303 223
313 218
320 210
330 210
339 215
344 224
344 234
349 243
350 253
354 263
359 272
359 282
364 291
364 301
369 310
369 320
369 330
369 340
365 356
357 364
353 374
345 381
338 389
330 396
323 404
315 411
308 419
300 426
292 434
282 439
272 444
264 452
254 454
245 459
236 464
226 465
216 469
206 469
197 474
187 474
177 474
169 482
167 494
176 499
186 500
195 505
205 505
215 505
224 500
234 500
244 500
253 495
263 495
272 490
281 485
291 485