128 68
138 66
148 62
158 58
168 56
178 54
180 38
190 32
196 22
206 24
216 27
226 31
236 33
245 38
255 40
264 45
272 52
282 54
292 50
302 46
312 48
320 54
328 60
336 67
342 75
348 83
358 82
368 78
377 73
387 69
397 65
407 62
417 64
413 78
411 88
411 98
411 108
412 118
415 128
412 139
402 139
392 136
382 132
373 127
365 121
355 117
345 118
343 128
338 141
330 149
320 149
310 147
300 145
290 141
280 143
270 143
260 143
250 145
240 145
230 145
235 154
234 173
228 181
218 181
208 181
198 181
190 175
184 167
178 159
175 149
165 147
155 145
145 141
135 137
125 133
115 129
107 123
99 117
91 110
84 102
82 92
91 87
100 82
110 78
118 72