183 380
173 380
163 383
153 385
143 388
135 395
125 395
116 400
107 405
97 409
87 409
82 419
72 424
67 415
62 424
52 424
47 415
42 424
32 424
24 417
24 407
32 399
40 391
45 381
50 371
58 364
65 356
73 349
80 341
90 336
95 326
105 321
115 319
124 314
133 309
140 301
148 294
155 286
165 281
175 279
185 279
195 279
205 279
215 279
225 276
235 274
245 271
255 266
265 264
274 257
284 254
294 254
303 249
312 244
320 236
324 217
329 206
329 196
329 186
324 177
324 162
324 152
329 142
337 134
332 124
324 117
317 109
312 100
305 92
300 83
294 75
286 69
282 59
292 59
300 67
310 79
318 85
325 93
333 100
340 108
348 115
357 120
365 127
372 135
377 144
380 154
380 164
380 180
385 189
395 189
405 186
413 179
422 174
432 174
441 169
449 162
457 154
466 149
474 142
479 132
487 124
495 116
503 109
504 97
512 89
520 81
524 67
532 59
542 54
551 49
561 49
571 49
580 44
590 41
600 39
609 34
618 29
628 29
637 24
647 24
657 24
667 24
677 24
687 24
697 24
705 30
699 42
689 45
680 50
685 59
675 65
665 65
667 80
658 85
648 88
640 95
634 105
625 110
615 110
610 120
600 120
590 130
585 140
578 148
570 155
565 165
555 175
548 188
543 198
535 205
528 213
520 220
513 228
505 235
495 240
485 245
475 245
465 245
457 254
447 259
439 265
433 273
423 278
415 285
415 295
423 301
428 310
435 318
438 328
433 338
425 345
415 355
405 355
395 360
385 357
379 349
379 339
379 329
377 319
367 315
358 320
348 320
339 325
329 325
323 333
318 343
308 348
300 355
290 355
280 360
271 365
261 365
251 365
241 365
232 370
222 374
212 374
202 374
193 380
