216 76
226 72
236 68
246 64
254 58
262 50
270 44
278 38
286 32
296 28
306 26
316 24
326 22
331 31
335 41
341 49
347 57
355 64
361 72
358 83
349 89
339 87
329 83
319 83
309 81
299 80
293 88
287 98
282 109
277 118
272 129
267 138
261 148
253 156
249 168
249 178
247 196
247 206
247 216
247 226
249 236
255 244
253 259
243 259
234 254
232 244
230 234
230 224
228 214
228 204
227 194
226 184
224 174
224 164
215 159
205 161
195 161
185 161
175 161
165 159
155 157
145 155
135 154
127 164
121 172
115 180
109 188
103 196
99 208
99 218
99 228
101 238
106 247
106 259
96 259
86 255
84 245
80 235
80 225
80 215
80 205
78 195
83 185
86 172
86 158
84 148
81 138
73 122
73 132
71 148
69 162
71 172
72 187
62 192
53 187
47 179
42 170
40 160
40 150
38 140
38 130
42 114
47 105
52 94
58 86
66 80
76 80
86 83
96 84
106 80
116 78
126 78
136 80
146 80
156 82
166 82
176 82
186 82
196 80
206 80