460 244
470 247
480 249
488 255
497 260
507 264
516 269
525 274
535 277
545 279
553 285
562 290
572 294
581 299
590 304
600 304
610 304
619 309
629 309
639 309
649 309
659 309
669 309
679 309
688 314
690 325
688 343
680 350
670 350
660 350
650 355
640 360
630 360
620 365
611 370
602 375
592 375
583 380
573 380
563 383
553 388
543 390
534 395
525 400
515 400
507 409
499 415
490 420
480 425
480 435
488 441
490 451
490 461
490 471
490 481
490 491
490 501
493 511
495 521
495 531
495 541
495 551
495 561
495 571
495 581
495 591
495 601
498 611
492 619
482 620
472 620
462 619
462 604
472 599
479 585
479 575
479 565
479 555
479 545
479 535
479 525
479 515
474 506
474 496
474 486
474 476
474 466
474 456
469 447
462 439
452 435
443 430
433 430
423 430
413 430
403 430
394 425
384 425
375 430
380 439
385 448
390 457
394 467
395 477
400 486
400 496
400 506
395 515
390 530
385 540
380 555
377 569
375 580
375 590
370 600
364 610
355 615
347 624
337 625
327 624
327 609
337 604
347 599
355 591
363 584
367 574
369 557
369 547
374 532
374 522
379 512
384 494
381 484
379 474
377 464
372 455
364 448
360 438
354 430
353 420
344 415
335 410
325 408
319 400
310 395
300 392
292 385
284 378
275 373
269 365
261 359
256 350
247 345
240 337
234 329
229 320
224 311
219 302
215 292
209 284
209 274
204 265
204 255
199 246
199 236
194 227
194 217
194 207
194 197
199 182
195 172
187 165
178 160
169 155
159 155
149 157
139 162
129 165
120 170
110 170
100 175
90 180
83 188
75 195
65 200
58 208
50 215
42 225
34 232
24 232
24 222
32 214
40 206
48 199
55 191
63 184
72 179
81 174
90 169
99 164
108 159
117 154
127 149
137 149
145 141
155 136
160 126
164 112
169 102
177 94
186 89
196 89
206 89
216 89
225 94
234 99
242 105
250 112
250 122
254 132
255 142
259 152
260 162
260 172
265 181
265 191
270 200
275 209
284 214
293 219
303 220
313 224
323 225
333 229
343 229
353 229
363 229
373 229
383 229
393 229
403 229
412 234
422 234
432 234
442 234
451 239