26 142
28 128
28 118
28 108
30 92
30 82
32 64
36 54
44 48
54 44
64 44
74 44
84 38
92 32
100 38
110 40
120 40
130 40
135 31
145 32
153 38
159 46
163 56
166 66
169 76
171 86
172 96
173 106
174 116
175 126
175 136
175 146
175 156
173 170
171 188
169 200
167 210
163 222
159 232
153 240
161 246
171 246
181 246
191 246
201 246
211 246
221 246
231 246
241 246
251 246
261 246
271 246
281 246
291 246
301 246
311 246
323 246
331 253
317 254
311 264
308 279
303 288
297 298
291 306
285 314
277 322
271 330
265 340
261 350
257 362
255 372
255 382
257 392
264 400
270 408
276 416
284 423
287 440
277 443
267 445
257 447
247 447
237 447
227 447
217 447
207 449
197 447
187 447
177 447
167 447
157 447
147 445
137 443
127 440
124 430
132 422
140 416
137 406
130 398
124 390
116 383
110 375
105 366
100 357
96 347
91 338
86 329
80 321
72 315
63 310
54 305
47 297
39 290
33 282
30 272
26 262
24 252
22 242
22 232
22 222
24 212
24 202
24 192
24 182
26 172
26 162
26 152