412 59
415 69
425 72
432 80
440 87
447 95
455 102
460 111
469 116
475 124
485 127
489 137
497 144
505 150
510 159
518 165
520 175
525 184
530 193
530 203
535 212
535 222
539 232
540 242
540 252
547 260
540 270
542 280
550 287
554 297
556 310
546 310
537 305
528 300
518 300
509 295
500 300
490 305
485 314
493 320
490 335
495 344
488 358
480 365
470 370
461 375
452 380
443 375
434 380
425 375
417 369
414 347
422 339
429 323
422 315
413 310
404 305
394 305
384 305
374 305
365 300
355 300
345 300
335 300
326 295
316 295
306 293
296 290
287 285
277 284
267 285
258 280
249 275
239 272
230 267
222 260
213 255
204 250
195 245
193 258
188 268
180 275
171 280
161 280
151 280
141 280
131 284
122 279
119 257
119 247
127 239
135 231
145 226
154 202
152 185
149 175
139 171
134 148
128 140
120 133
111 128
105 120
95 118
88 110
79 105
71 98
61 94
56 85
47 80
38 75
29 70
19 66
14 57
19 37
19 27
29 22
37 14
47 14
57 14
66 19
76 19
86 19
96 19
104 26
113 31
119 39
127 45
135 52
145 51
153 44
162 39
172 39
182 39
191 44
201 44
210 39
220 36
230 31
240 31
248 24
258 24
268 24
278 25
288 29
298 29
308 29
318 29
327 34
337 34
347 34
356 39
365 44
374 49
383 54
393 54
402 59