1.185137346185512 0.44234090320497355
-1.6709612095015733 0.1426929936815583
-1.4200538152674096 1.5369773788545746
-0.9554439302244533 2.849381952831571
-1.1732573373624555 0.6421797216542786
-0.9935570058913069 1.5217989636102716
-1.1020556946289721 0.2231972710335918
0.48757274228205466 2.9725755644182446
0.09485838370864169 1.2442509026706052
0.6069376201026245 1.910284673979059
0.050109316381229826 0.421262829565172
1.2921544966181988 1.9379631754001305
0.7221526136052174 0.4388219233281628
