0.015787268412142154 -0.2517354750622067
-0.7240082640215513 0.2949171410535824
0.2393757578223173 -0.006851511820092278
2.4703561206940994 0.8957006542995686
0.02425176196169348 0.17881674211501683
-0.4934010003279724 0.2354873524824677
0.6723296100263413 1.5269923256198652
-1.070555164098048 0.7994737194235484
-1.3079694842156568 0.8452983619025684
-2.510133415093786 1.648552136085024
0.28404392010087764 1.641321668811218
-0.849476866098559 1.2691583829287414
-0.19968493879900537 1.241896120345746
