-2.7398485493020264 0.14262729479794256
-0.02509094919907491 0.3656440590339868
1.46742684186416 -0.0774097593419397
-0.38615288897519745 -0.4673745056275266
0.5302072382745608 -0.323192642741624
1.570545093694312 -0.1940862744966691
-0.34360475081072867 -1.4125988994000531
0.5403760771612085 -1.1390107616918381
-0.17122375139089954 -1.519319801135
1.4939334461960285 -1.4270791938637837
0.22535695284084867 -1.4330136173005894
1.4982361170286194 -1.3513322015420346
0.9664318620364744 -1.1024393147266525
