0.9429698472106215 -0.9860983285604327
-0.9522653552437981 -1.578315359463994
1.44237890479218 -1.421381532938921
0.5039909338433772 -1.4856565588230413
-0.9728502184659384 -1.8988295776987447
-2.3524327047339666 -3.0320149879026914
1.8913324895542132 -1.673562476203699
0.3284088441364381 -1.6402558880161588
0.8074705882491422 -1.8767205437965788
-0.9581766702098827 -1.9773186477854414
0.6911009807959986 -2.03338142587745
-1.5888899820114104 -2.6949279984162704
-0.4350163906459717 -2.0990974357719274
