1.805941508306503 -1.6245416909282138
-0.8214464301786893 -0.07830883702410722
0.27383841406758147 -0.24459718614831644
-0.48361022426457545 0.1970100013999425
-0.8490887670461383 0.7241439293165273
-0.2175307294831549 0.4818841607177723
1.2317520001433069 0.34294857011865953
-0.044366669606124155 2.327947370589532
0.4057074620320178 2.099098688738101
1.2511189823859523 0.7923848623697826
1.1584520487443595 0.799544283002181
0.7364053066400921 1.48059613548226
0.7101107418891089 1.3114984577660922
