-0.01684227219538358 0.8909753078753393
-1.2648865734834038 -0.1500135110704779
-0.5268033363277352 1.1893258035028176
-1.7546749837093145 0.3170608889859398
-1.1994079029846574 1.1415589828712167
-1.8215597895270268 0.607143585286087
-1.9911751461325546 0.5092650940091861
-1.6847780208764376 0.9213465812150086
-1.331186566356521 1.3953376206213797
-0.6796548209589292 1.9554516572894742
-0.9714717937682384 1.723246910435094
-0.34237609893680376 2.514154701895336
-0.9276164542769751 1.9220191102707687
