0.4737886221154892 1.2336678003437376
-0.2915444653993386 0.20864931569888584
0.4306861834358083 -0.14173817527818355
1.0146856121042394 -0.17262043695629012
0.44787735504369725 -0.012423430855176835
-0.20231639225522813 0.18002996640152932
1.369437565839193 0.4937353360148972
0.18895350132528713 0.11926615718784933
0.6164509008246859 -0.020572654437955702
0.5284325317079437 0.22207883627639985
2.0620208888348253 -0.059596203448043346
1.251104771921251 0.34765395305059266
3.148507235999049 -0.04944637829398191
1.7685872759719925 0.10938351193095483
