-0.6222323216266863 -0.9541858320420359
0.2906889659760943 -0.3582170954248081
1.6397173012494084 -0.28803665371068365
0.467056081296001 -1.2752450275395606
1.1682760525597904 -0.4548376867781942
-0.3005393409687831 -0.9654105855540603
0.24165640802737362 -1.0442102024220798
-0.2132433945267421 -1.0244561772007412
-0.7766525665015482 -1.1317572397615452
0.30669181666351153 -1.0750212939801553
0.17006294186281531 -1.208630592236239
0.04702453726803341 -1.5484658340249968
-0.33536494279407203 -1.7759672491594691
-0.005637676292578602 -1.4050842342556562
