0.33823481965872765 0.2910530511433184
-1.200524543002039 0.6166658596025428
-0.7018383402226056 0.5227217041677418
-1.0723725389270904 1.2764388287676438
-0.2966312890054287 0.6836663797658137
1.6781321638317026 1.070795684120554
0.006562957523236559 0.8743286154146035
-0.21384036576475435 0.883043692135251
0.3708562994547146 1.1479077397871988
-0.7857835836655735 1.7906637943994832
-0.6776206639950272 1.3542293396098775
-0.5465126176337718 0.9931941528724946
-0.5355827984880651 1.3032466922663848
-0.6667215040912198 1.481308628369807
