0.8759586323043056 -0.9191299439445991
0.09142650689223963 -0.0011613801736484613
0.7934719204894959 -0.33447930818252414
0.7315460914370662 -0.07519471466284122
0.41953209128957586 0.3846684047402028
-0.02306317637761201 0.9959466074099356
-0.022098571341316292 0.25713587499373824
-0.15224063307518576 0.604331986388396
-1.0274248610837737 1.6275963789191736
-0.881473963234685 1.4551664721926918
-1.2146537702842104 1.542293726666648
-0.7322996797166231 1.2294202566167287
-0.04387084051639925 0.25186626000591944
-0.3918648904163847 0.6086575102998018
