-1.698623260574535 -0.6070519045714088
2.16034864507825 0.11381791687020568
-0.07797195327709282 -0.6971020113160478
1.2302737402100674 -1.223529293220174
-0.33556200673226894 -1.9573773303099748
0.5579154559693276 -1.2290913292665413
-1.2253504692443635 -1.1780879063896164
-0.3712815585939921 -1.1199119544267364
0.178377069935002 -0.8118859491059066
-0.7499337878834629 -1.0140319625274519
0.11920142971556208 -0.7963527703580957
-0.12574663584332557 -0.7643832304878329
-0.45698363414266335 -0.8479829522383683
-0.4647002132603244 -0.864276227112805
