-1.350682219894549 0.1565188441614695
-0.36719509133636 -0.8679638262045302
-0.3270043889357495 -0.8883456771313775
-0.973958795812278 -0.12546849264625165
0.9344074151915114 -0.05869005515454142
1.1515347921412185 -0.3794645240937998
0.18325363392181776 -0.34902138985703823
0.8442691632589922 -0.814311624492796
0.2143088254739632 -0.921018530093294
1.0113693682004974 -0.972165033073505
0.09353344353318363 -1.0200733140014222
1.9517395187804336 -1.824803806452298
1.0454889976042752 -1.1351120490232096
0.4219299041188801 -1.0319935607158806
0.8474252234293354 -1.2770398755491967
