-0.40071836287956325 -1.0837942783650671
-1.3742957646924867 -0.545506009649455
0.19634749038016774 0.9730180111129806
-0.12315862390048034 0.45236463944066846
-0.2318835563532302 -0.07446654708269637
0.5491532085286459 -1.2893649427690437
0.5280502518724829 -0.20864261396281664
1.2248018726135241 1.0534679999654228
1.5239239973370706 -1.7448581711806241
1.3556479836419446 -0.5483241456683755
1.065520236518406 0.3059988794437948
0.753752514429932 -0.08408226378144888
0.667695619911523 -0.755534031080806
0.8409131188083352 -0.24847867114111005
0.9421567453200694 -0.13576463138533065
