-0.7414392385676837 0.6994694016091363
0.20539115574166364 0.30854536522082754
1.4823364555628538 0.7096149111464342
0.14325783903838635 0.5190842708438766
0.8705583565803957 1.517531255174822
-0.059098570131039536 0.566062671905182
0.2969004335560815 1.5693123747464008
-0.08281238570679891 0.5756166125698743
0.19132261499987496 1.7592150494478584
-0.19319212611874667 2.2366515679936074
-0.14361709620368462 0.9300272939149224
-0.19166770521832224 1.4828038900380307
-1.0069453306580218 2.134331732791876
-0.6138053291289577 1.363414298949993
-0.6894801518762105 0.719145226749856
