0.8276014818107096 0.8797177080041995
0.7150300938478026 -1.0057386741976686
1.2282596383773743 0.8549808158075723
1.1887523707106527 -0.4333007090926399
1.257700084105041 0.3004580036947345
1.202122286238842 -1.1043506097001803
1.6357664805733836 -0.3970848102705518
1.8424065711693791 -0.056626066517044
1.835132501999282 0.11028079390468877
1.886316938020607 0.9680467596499793
2.4100189262775316 1.5647768659756682
2.076726488298359 0.4111714866039436
1.9638809475187953 0.9903463021573242
2.1038618484463947 0.7620330815339699
2.105591749223988 0.8282270955856489
