-0.1901899426869847 -0.4607130921920804
0.0628778619714901 -0.3523610130258267
-0.44158772774004257 1.3742695044015079
0.25762236473603767 2.4690732667662685
-0.08398605424239479 0.6888314924280328
0.07976635086609504 1.1660781630463737
-0.09102230237009501 0.37081831338497256
0.32213438730155286 1.7674939209586997
1.1036224223940412 0.21482595362829504
0.4637059362907246 0.7066551166902059
0.11575442876372237 0.8550716469768758
0.20469097199543024 0.5762312975203497
0.13810543799617378 0.820818866830084
0.34895116430203255 0.6923647190325207
0.6876637172362388 0.1852676770912908
