0.5512477440832262 -0.1947571477644902
-0.23824163737830226 1.5460211779450124
2.475077550290448 -0.11959525761828876
0.6327367792107104 0.7680615654461357
1.4380014253952134 0.6048147763440365
2.0536444755636576 0.5153503779909338
1.5265305312969353 1.0187975579369095
1.1547899069803802 1.6288252060659185
1.161193303997017 1.7210159067059463
1.8297141786575981 0.9647561221483278
1.4487284191921614 2.3260751525276597
1.6897775965355977 1.5767614523735383
1.6862323572826632 1.6137797894776629
1.91047275288693 2.4094187253617747
2.177894390534324 1.4251445973184624
