2.0027181535742984 1.1358723420554775
0.12239667831539561 1.2326484572690841
0.4530039610917092 -0.48640066119158404
-0.1194274211276969 -1.096812742328118
-0.1837605956331055 0.5363168064728178
-0.6785833728587095 1.0205693111279293
-0.6406284651452563 0.09298665257790059
-0.8044445882528916 -0.7867193956394289
-1.108211386029556 0.44689550776566067
-1.3256009127615278 -0.6684597716999261
-1.9377428475230851 0.5473811604350871
-1.614725679404916 -0.7411954004676461
-1.75016835120166 -1.791434504421766
-2.465826373678116 -0.7835800322584828
-3.4963013162108543 1.2754820892750014
