0.13975213624737695 1.1503722691457823
-0.5612994207361479 -0.8917150096636688
0.523829419057763 1.0846775497285193
-0.540923409245898 -1.2251303718642221
1.5074995590398899 0.038473852320358215
0.4536420622983939 -0.6665470565079432
1.939009799816462 -0.8616301076445878
-0.8504655410475601 -2.2535296797252835
0.06456216302453702 -1.8072706297050114
1.2729377239984114 -1.6063389137712958
-0.517442868187967 -2.909783698011092
0.49470140269632656 -2.609546308325356
1.8250277212231736 -1.6073416877845168
1.6213360981060003 -2.101071156868884
1.1160073698702406 -2.3798974737073166
0.634621573269851 -2.5402276129181036
