0.13838678557141523 0.21452255182825214
0.5570640646444365 0.11132590925651074
-0.2326861439427688 1.6066622236727477
-0.3821321933927876 1.044467089943922
-0.5644010635479244 0.8952148810819898
-1.156330159615531 0.985582752972602
-1.5622576139889972 1.531955841372803
-1.04885858597455 0.9904298408498375
-0.4576930073835678 1.0103795824634991
-1.3471816225618745 1.8496221165010216
-0.4781870822369503 1.236972167729021
-0.7865749464268735 2.0655501348346386
-0.31590753548251715 1.373665171156403
-0.2919437645799104 1.547475246700422
-0.35702235324080694 1.742211017950269
-0.3835904137439203 1.6674789820384384
