-0.4406508895734801 1.9952894066671425
0.6281327908205754 0.8519470375828202
-0.24294187856685245 -1.245376134888282
0.10044316900598385 0.18424857364860198
-0.22377811723209295 0.9126639472858735
-0.28091218183150984 0.1517978037363346
-1.4244806613446415 -0.41486631707666194
-0.4518976457600548 -0.33992987338131386
-1.5371314614471876 -1.1018805728749776
-1.895407667582294 -1.7237084118100348
-0.8469708924608828 -1.1089884553256473
-0.8230162438856834 -0.7247840318433999
-0.33757528246875285 -0.3948934178842221
-0.5114185694187547 -0.6718413448528363
-0.35209559957021463 -0.48337002951214886
-0.3488415522556472 -0.7133648560634716
