-1.4291401285737928 -1.0031834208848582
-0.5771982914274341 0.5643582915041161
-0.7783017303393859 -0.009807762011064907
0.39132209173501137 1.543921218312003
0.5590322579741482 0.824536395535602
0.8840142403663317 -1.0997356565968097
-0.1926210914734897 -0.472136587074308
0.5454374602206808 -1.5301363165150172
-0.011153628497735782 -1.0104327362504257
-0.19211379296738854 -1.823312758650267
-0.2775319692602133 -1.3798858328899244
-0.8799149084015827 -2.8943438324134583
-0.9510984462971565 -0.629325669422409
-0.49429427055258035 -1.1783264095531427
-0.6077309363818223 -0.598176329175207
-0.6008225361148377 -0.8301056253827268
