0.04127377675783114 1.753556890103974
0.9295380818143198 0.32371369011638396
0.0264072349771979 1.2734697441072125
0.78475154679858 0.060124962264430364
0.5127030904712954 -1.8262108566150919
0.21234789014837932 -0.627024385413151
0.11565622379075423 -0.8335439890701651
-0.30397559408485214 0.2404300996053148
-1.0503417406672795 -1.7128545438636513
-1.1650245227787557 -0.3109332429818298
-0.8241219074010183 1.0137437109278364
-0.7041710160464087 0.22380643412662124
-0.8838560035052565 -0.030826077073122356
-0.7356779006605898 -0.6270071363659976
-0.7656877588516187 -0.2784495458353582
-0.7444343990722506 -0.06428163757251246
