0.9145118769228736 0.6902469400381239
2.2289070302742915 -0.02316065729902958
-0.4032623163988787 -1.4469924077208838
-0.009331186072790024 -0.5638858710280871
0.15909950117072844 0.43434331848055563
-1.1554941451428387 1.6645586834870882
-0.3621652275560146 -0.2852213271917513
-1.0179682373459165 0.5595699167429654
-0.9430946016426911 -1.08949746364398
-2.554718910124401 0.18987263750063144
-1.03664349273342 -0.4448075298428959
-1.2176354370203908 -0.28482418233787926
-1.6586957237630915 0.4385828607184934
-1.4083343724529886 0.19188674499474334
-1.233638050461599 0.16775103046360412
-1.0411786295066272 0.40698899275982775
