-0.39469511579116895 -1.1762667475416582
-0.20848582550327752 1.5011813137861176
-0.439191727509619 0.05971111014512576
-0.9813611138291546 0.9851823970624696
-1.189528848458906 -0.2515642432756009
-1.0875423332652534 0.3346793502184352
-1.0510258707615232 -0.9962885575971507
-0.9218687924912387 0.08470232975611756
-0.7022611937900971 0.2895289843143216
-0.9459839476936592 -0.9831697772487406
-0.7738675329512595 -0.4832572683012104
-0.6697688730059668 -0.4152089251599632
-0.7555589163247658 -0.6312494349557458
-0.6552148471263269 -0.5423724546411405
-0.6637431555745467 -0.5550438932368488
-0.8010230004676238 -1.566997463592928
